1 0.259828 0.741413 0.0524184 0.0781724
1 0.714118 0.467158 0.0372409 0.073312
1 0.337683 0.290623 0.033898 0.0620403
1 0.375967 0.289772 0.0292475 0.0610484
1 0.710913 0.391151 0.038913 0.0680169
1 0.187908 0.618776 0.043698 0.0769176
1 0.335751 0.620146 0.0436356 0.0768347
1 0.616471 0.392802 0.0335824 0.0656891
1 0.489676 0.467511 0.0366727 0.0743826
1 0.816804 0.464859 0.0372317 0.0764007
1 0.532182 0.285954 0.0301932 0.0542903
1 0.403245 0.62047 0.0384058 0.0772448
1 0.51008 0.621409 0.0405521 0.0796583
1 0.543258 0.621521 0.0360612 0.0799661
1 0.156836 0.618494 0.0464489 0.0767344
1 0.490606 0.396053 0.0343965 0.0618734
1 0.615157 0.467696 0.0350161 0.0689765
1 0.463042 0.395062 0.0331269 0.062775
1 0.217451 0.619107 0.0420605 0.0767902
1 0.368063 0.621052 0.0417928 0.07953
1 0.136034 0.741206 0.0516293 0.0782391
1 0.647592 0.467594 0.0312203 0.0706432
1 0.679265 0.467484 0.0333328 0.0712155
1 0.303755 0.619906 0.0400737 0.0743013
1 0.435211 0.620586 0.0443591 0.0776588
