0 0.139845 0.739167 0.0538226 0.0848392
0 0.0966346 0.736399 0.0559406 0.0837091
1 0.220665 0.618127 0.0417201 0.0773632
1 0.176151 0.740359 0.0596874 0.090168
0 0.299464 0.735413 0.0537055 0.0824694
0 0.77345 0.391744 0.037113 0.0772556
0 0.710003 0.389686 0.0357872 0.0714046
0 0.428035 0.465811 0.0358536 0.0806397
1 0.372772 0.620941 0.0505788 0.0855384
0 0.260755 0.290514 0.0364201 0.0658668
0 0.838194 0.391218 0.0374058 0.067873
0 0.672973 0.280923 0.0278369 0.0540674
0 0.679507 0.393124 0.0317154 0.0733558
0 0.345229 0.738575 0.0527924 0.0797689
0 0.219104 0.737676 0.054472 0.0917079
0 0.386841 0.745463 0.051297 0.0835827
1 0.337258 0.617413 0.0393218 0.0768638
0 0.805439 0.389819 0.0333393 0.0718898
1 0.258298 0.737496 0.0545541 0.0876685
0 0.582922 0.395974 0.0301823 0.0611569
1 0.152638 0.618555 0.0473753 0.0818964
0 0.532899 0.285806 0.0265261 0.057041
1 0.613874 0.391711 0.0346638 0.0645455
1 0.253884 0.621817 0.0424783 0.0752083
1 0.188613 0.618741 0.0447466 0.0816476
0 0.64387 0.282152 0.0257174 0.0567291
0 0.51124 0.746958 0.0458611 0.0858753
1 0.368384 0.468345 0.0410441 0.0800268
1 0.801734 0.629396 0.0443171 0.092691
0 0.764151 0.626381 0.0411358 0.0894105
0 0.429617 0.741279 0.0507866 0.0812828
1 0.313807 0.404145 0.0397479 0.0618395
0 0.740656 0.39006 0.0324966 0.0709714
1 0.376692 0.401493 0.0351113 0.0609016
1 0.711217 0.466384 0.036041 0.0711901
1 0.578434 0.623596 0.0371591 0.0839937
1 0.291363 0.466137 0.0354852 0.076228
1 0.849336 0.46029 0.0431757 0.0746545
0 0.470939 0.744066 0.0426369 0.0845648
1 0.688292 0.629648 0.0407643 0.0867599
1 0.541706 0.623231 0.0362741 0.082793
0 0.553949 0.395575 0.0297037 0.0659041
1 0.726738 0.625287 0.0424049 0.0830873
0 0.561027 0.283417 0.025207 0.0545034
1 0.650331 0.624996 0.0368574 0.0825464
1 0.466254 0.397164 0.0340694 0.062747
1 0.4102 0.396651 0.0353463 0.0581193
1 0.813058 0.46608 0.0345682 0.0692019
0 0.0609737 0.731867 0.0532432 0.0754436
0 0.280491 0.401656 0.0406973 0.0605856
1 0.646711 0.465075 0.0314173 0.0747669
1 0.250825 0.402594 0.0394964 0.0630415
1 0.614585 0.620914 0.0345172 0.0835046
1 0.395533 0.469063 0.0363056 0.0767571
0 0.64588 0.389158 0.0309432 0.0707553
0 0.286073 0.290707 0.03495 0.0679924
1 0.700531 0.27975 0.0275793 0.0522935
1 0.405049 0.62084 0.0416231 0.080267
1 0.312185 0.289815 0.0379663 0.0670022
0 0.437569 0.396766 0.0332359 0.0593607
1 0.197592 0.401773 0.0429455 0.0600355
1 0.582904 0.466179 0.0311514 0.072007
1 0.816853 0.27416 0.0361403 0.0622038
1 0.120492 0.615344 0.0476996 0.0860176
1 0.377909 0.288585 0.0333017 0.0648708
0 0.589685 0.283087 0.0304657 0.0589852
1 0.471035 0.623836 0.0364002 0.083456
1 0.836746 0.625489 0.0416992 0.0887058
1 0.779138 0.465039 0.0394939 0.0762459
1 0.5059 0.625346 0.0358532 0.087669
1 0.745516 0.466837 0.0332819 0.0747965
1 0.518459 0.467772 0.0324624 0.0727929
1 0.302987 0.617628 0.0398256 0.0719443
1 0.680615 0.465285 0.0312237 0.0702821
1 0.336341 0.470494 0.0313818 0.0824798
1 0.73083 0.279184 0.0301953 0.0588623
1 0.873879 0.623448 0.0489819 0.0873808
0 0.351721 0.401428 0.0347511 0.0582421
1 0.439295 0.622174 0.0409405 0.0812809
0 0.455077 0.28896 0.02687 0.0646108
1 0.481292 0.288979 0.0273244 0.0626585
1 0.489135 0.469772 0.0319664 0.0741722
1 0.403873 0.291719 0.0258749 0.0607379
1 0.455796 0.47101 0.029365 0.0728792
1 0.521492 0.397456 0.0306051 0.061281
1 0.614061 0.466217 0.0295265 0.073468
1 0.175762 0.461923 0.0386973 0.0772065
1 0.337605 0.290048 0.033428 0.064002
0 0.223733 0.401809 0.0397553 0.0613941
0 0.506541 0.28718 0.0262173 0.0560241
0 0.429499 0.290462 0.0265933 0.0632676
0 0.496271 0.396584 0.0319781 0.0593711
1 0.761263 0.277546 0.0284636 0.0621786
1 0.262744 0.467725 0.0407521 0.0766771
1 0.233995 0.4636 0.0407583 0.0813107
1 0.235785 0.28862 0.0348228 0.0607988
1 0.206307 0.463165 0.0429647 0.0812063
1 0.78746 0.275875 0.0313103 0.0549087
1 0.619576 0.282252 0.0237583 0.0590783
1 0.551206 0.46499 0.0278284 0.0705965
1 0.222551 0.401291 0.0421655 0.0605603
