1 0.138833 0.73889 0.0560776 0.0859436
0 0.257667 0.736144 0.0542925 0.087027
0 0.0949828 0.738128 0.0564949 0.0851414
1 0.219748 0.618248 0.0431149 0.0782394
0 0.300244 0.734773 0.053656 0.0808813
0 0.344866 0.739676 0.0514356 0.080864
1 0.36772 0.467138 0.0416709 0.0828218
1 0.849681 0.460441 0.0429188 0.0758402
1 0.123312 0.615736 0.0474158 0.0837828
1 0.338774 0.615421 0.0401367 0.0775141
1 0.154553 0.619223 0.0453019 0.0821255
1 0.584604 0.467484 0.0316281 0.0743099
0 0.387166 0.744924 0.0514907 0.0839668
1 0.64375 0.281565 0.0272202 0.0583476
1 0.253039 0.621757 0.0423023 0.0758674
1 0.188258 0.619488 0.0465998 0.0791403
1 0.218684 0.736859 0.0538531 0.0876382
1 0.376979 0.400765 0.0346758 0.0637658
1 0.313394 0.402067 0.0387049 0.0649735
1 0.764479 0.625844 0.0401286 0.0896714
1 0.395247 0.468635 0.0373716 0.0814296
0 0.429647 0.740665 0.048418 0.081961
1 0.541391 0.622142 0.0369967 0.0811087
1 0.838645 0.625501 0.0421463 0.0919596
1 0.802757 0.628424 0.0457252 0.0944894
1 0.176943 0.463399 0.0391832 0.0764156
1 0.689664 0.628432 0.0414625 0.0827721
1 0.741204 0.39096 0.0334795 0.07226
1 0.779126 0.464818 0.0389022 0.072543
0 0.470647 0.743751 0.0415384 0.0852863
0 0.0589858 0.734709 0.0529963 0.0758601
1 0.496083 0.393971 0.0319761 0.0631574
1 0.351606 0.400474 0.0356965 0.0605024
1 0.489684 0.469699 0.0318383 0.0750276
1 0.336233 0.468785 0.0320227 0.0866226
1 0.371993 0.620071 0.0488837 0.0829927
1 0.43973 0.622629 0.04077 0.0814234
1 0.746323 0.466518 0.0333185 0.0719809
1 0.428635 0.464927 0.0377347 0.084923
1 0.511127 0.746859 0.046326 0.0841978
1 0.709753 0.391176 0.0355574 0.0718833
1 0.711671 0.467319 0.0361225 0.0701937
1 0.405974 0.621698 0.0414723 0.0794443
1 0.646886 0.38851 0.0307064 0.0725668
1 0.408746 0.396452 0.0331735 0.0591548
1 0.760936 0.279328 0.0288492 0.0638998
1 0.456911 0.469933 0.0314203 0.0771618
1 0.303188 0.618167 0.0403172 0.0730262
0 0.176297 0.739677 0.0570808 0.0876181
1 0.311783 0.288735 0.0365877 0.0649848
1 0.589942 0.282254 0.0284182 0.0598087
1 0.728062 0.625318 0.0428879 0.0855677
1 0.199086 0.400411 0.0437047 0.0635222
1 0.614508 0.390631 0.0342646 0.06615
1 0.578361 0.623016 0.036743 0.0824233
1 0.466239 0.394911 0.0347402 0.0661835
1 0.650741 0.623581 0.0373458 0.0821648
1 0.673073 0.282468 0.0282013 0.0545542
1 0.225508 0.400004 0.0423497 0.0639467
1 0.519714 0.467324 0.0319326 0.0720119
1 0.470588 0.622144 0.035778 0.08183
1 0.806145 0.390848 0.0338646 0.0729101
1 0.680511 0.46651 0.0327257 0.0712063
1 0.25861 0.465972 0.0386459 0.0778574
1 0.816989 0.275861 0.0363361 0.0614201
1 0.613886 0.622286 0.03556 0.0846641
1 0.814037 0.46628 0.0353492 0.0678867
1 0.875919 0.62126 0.0484453 0.0896286
1 0.615035 0.466959 0.0267511 0.0718695
1 0.64597 0.46531 0.0310005 0.0719505
1 0.482281 0.28784 0.0284914 0.0634624
1 0.774133 0.392783 0.0381229 0.0772955
1 0.507614 0.28586 0.0250478 0.0551235
1 0.253062 0.400897 0.0402143 0.0650386
1 0.731026 0.28121 0.0300776 0.0586928
1 0.83849 0.391404 0.038271 0.0695065
1 0.504593 0.626462 0.0369617 0.0901737
1 0.436907 0.395815 0.0348297 0.0611492
1 0.533683 0.284321 0.0263159 0.058634
1 0.583562 0.394831 0.0305517 0.0639099
1 0.562371 0.281609 0.0255001 0.0571057
1 0.260523 0.289268 0.0363881 0.064566
1 0.28594 0.290637 0.0348676 0.0666108
1 0.334867 0.290101 0.0340435 0.0626436
1 0.554279 0.394437 0.0294075 0.0686011
1 0.289031 0.464949 0.0376513 0.0779997
1 0.282554 0.401191 0.0387452 0.0625078
1 0.231696 0.462335 0.0392036 0.0797827
1 0.45625 0.288845 0.0267188 0.0647615
1 0.430525 0.290944 0.0262562 0.0629342
1 0.377169 0.286932 0.0337493 0.0641284
1 0.205218 0.462053 0.0424604 0.079685
1 0.787736 0.277972 0.0315687 0.0553257
1 0.680018 0.393739 0.0317719 0.0751019
1 0.404496 0.28998 0.0282665 0.0582025
1 0.235993 0.288417 0.0368263 0.0600724
1 0.522098 0.395216 0.0310459 0.0625431
1 0.552474 0.466005 0.0278347 0.0702436
1 0.61862 0.282069 0.024673 0.0611642
1 0.701206 0.281071 0.0267035 0.0531806
0 0.0256652 0.732302 0.0487874 0.0732006
