0 0.138121 0.738739 0.0539218 0.0856243
0 0.312457 0.402942 0.0378685 0.0610145
0 0.257677 0.73736 0.0533924 0.0882049
0 0.778916 0.463804 0.0387671 0.0722157
0 0.29007 0.466236 0.0377508 0.0815768
0 0.218998 0.617424 0.0427107 0.0791456
0 0.299389 0.734768 0.0528897 0.0807627
0 0.176772 0.739134 0.0584012 0.0875799
0 0.773506 0.392883 0.0379979 0.0750364
0 0.533179 0.285976 0.0264158 0.0574184
0 0.371795 0.620187 0.0482927 0.0855963
0 0.849666 0.45965 0.042977 0.0756819
0 0.218265 0.73665 0.0549592 0.0937983
0 0.0943706 0.736776 0.055794 0.0834372
0 0.187202 0.620119 0.0457358 0.0784618
0 0.647219 0.38924 0.0304133 0.0714167
0 0.204472 0.462853 0.0445274 0.0810919
0 0.614212 0.391287 0.0349171 0.0661411
0 0.489471 0.469396 0.0324181 0.073195
0 0.435378 0.396217 0.0344757 0.0589165
0 0.710035 0.390316 0.0355843 0.071986
0 0.197631 0.40184 0.0419088 0.0587433
0 0.223691 0.400934 0.0404196 0.0634852
0 0.386399 0.746486 0.0517571 0.083761
0 0.404201 0.620836 0.0409846 0.0795389
0 0.37549 0.40166 0.0356991 0.060564
0 0.763908 0.626306 0.0408537 0.0903819
0 0.643803 0.282299 0.0258484 0.0554078
0 0.578644 0.62355 0.0364772 0.086351
0 0.838474 0.624136 0.0426357 0.088872
1 0.337143 0.6172 0.039674 0.0782943
0 0.542195 0.621712 0.0362081 0.0800246
0 0.812615 0.465041 0.0359781 0.0678284
0 0.408041 0.3967 0.0341162 0.0588557
0 0.343869 0.73961 0.0523298 0.0793486
0 0.505851 0.625334 0.0371275 0.088318
0 0.428962 0.74143 0.0496883 0.0805884
0 0.367382 0.46602 0.0423628 0.0822701
0 0.805839 0.390062 0.0334381 0.0717357
0 0.67338 0.281734 0.0282393 0.0544382
0 0.582888 0.467046 0.0304665 0.0712963
0 0.689074 0.628472 0.0415966 0.0844559
1 0.470823 0.622286 0.0370218 0.0819414
0 0.495986 0.395957 0.0323548 0.0612063
0 0.746273 0.466281 0.0327843 0.0724312
0 0.335846 0.290728 0.0353649 0.0641844
0 0.78821 0.276949 0.0312632 0.0547055
0 0.727049 0.625302 0.0414769 0.0802897
0 0.740488 0.391047 0.0328982 0.0701387
0 0.650631 0.625451 0.0368858 0.0821728
0 0.311443 0.289699 0.0374082 0.065655
0 0.519577 0.468021 0.0336224 0.0730607
0 0.731212 0.28066 0.0303642 0.0595837
1 0.252187 0.62324 0.0422112 0.0748689
0 0.614698 0.62142 0.0349958 0.0818314
0 0.279964 0.40128 0.0389588 0.0605371
0 0.647258 0.466176 0.031121 0.0715058
0 0.395958 0.468445 0.0369279 0.0769329
0 0.231959 0.459615 0.039039 0.0869654
0 0.439493 0.622755 0.0412474 0.0807724
0 0.802189 0.629687 0.0454227 0.0936906
0 0.816587 0.273728 0.0369049 0.0624469
0 0.510613 0.74939 0.047143 0.0883759
0 0.553646 0.395412 0.0296572 0.0679811
0 0.25949 0.291174 0.0360414 0.065623
0 0.260347 0.466974 0.0403666 0.0813164
0 0.83859 0.391479 0.0367287 0.0663973
0 0.761805 0.278213 0.0283156 0.0652513
0 0.122435 0.616091 0.0454212 0.0818324
0 0.681108 0.466788 0.0313798 0.0703028
0 0.470228 0.745954 0.0432207 0.0868278
0 0.151787 0.618676 0.0449774 0.0788307
0 0.234788 0.288648 0.0363068 0.0616447
0 0.589501 0.283493 0.0299517 0.0596316
0 0.613947 0.466781 0.0290876 0.0709208
0 0.712137 0.466499 0.0360483 0.0680221
0 0.0594282 0.734206 0.0543748 0.0760358
0 0.284674 0.291097 0.0336235 0.0660559
0 0.560507 0.282699 0.024827 0.0545909
0 0.427808 0.464587 0.0379647 0.08297
1 0.455757 0.469837 0.030241 0.0752658
1 0.302408 0.619055 0.0387696 0.0712631
0 0.522067 0.395675 0.0307756 0.0613385
0 0.679666 0.394054 0.0312328 0.0741687
0 0.46608 0.396138 0.034297 0.0628467
0 0.582997 0.396357 0.0299719 0.0614859
0 0.377621 0.287931 0.0329452 0.0647043
0 0.350317 0.401724 0.0357976 0.0590139
0 0.480776 0.288335 0.0286084 0.0598651
0 0.506367 0.287141 0.0257687 0.055606
1 0.333449 0.47008 0.0323654 0.0892908
1 0.875882 0.622219 0.0494326 0.0899512
0 0.249797 0.401606 0.0380079 0.0639261
0 0.618549 0.282842 0.0255667 0.0606859
0 0.429683 0.289903 0.0262564 0.0641787
0 0.5519 0.466561 0.0268045 0.0705578
0 0.454999 0.288588 0.0265423 0.0635967
0 0.404191 0.290126 0.0272208 0.0596709
0 0.701341 0.280452 0.0262512 0.0521113
0 0.176215 0.460025 0.0362937 0.0771286
