1 0.177545 0.740215 0.058314 0.0903822
1 0.138184 0.739664 0.0563847 0.0861328
1 0.299457 0.735809 0.0530345 0.0810423
0 0.285986 0.291887 0.0344634 0.0658205
1 0.257587 0.73806 0.0540169 0.0888294
0 0.613949 0.392456 0.0350676 0.0647489
0 0.429011 0.742721 0.0501616 0.0809479
0 0.805483 0.389707 0.0335983 0.0702595
1 0.405449 0.62374 0.0425701 0.0807434
0 0.561157 0.28412 0.0253778 0.0538433
0 0.643932 0.283009 0.0262664 0.0556618
1 0.369171 0.468518 0.0424372 0.0828766
0 0.838829 0.391886 0.0376802 0.0652057
1 0.252901 0.622151 0.0428455 0.0759672
1 0.095525 0.739105 0.0553168 0.0837316
1 0.688461 0.62902 0.0408468 0.083838
0 0.386712 0.746276 0.0520934 0.0826817
1 0.848415 0.461157 0.0419346 0.0780333
1 0.312982 0.405119 0.0381905 0.0623199
0 0.533107 0.286896 0.0267511 0.0576882
1 0.466585 0.397431 0.0353138 0.0642362
0 0.344835 0.738769 0.052192 0.0777441
1 0.470781 0.744575 0.0433722 0.0851689
1 0.497393 0.396701 0.0325502 0.0614213
0 0.709928 0.390641 0.0367481 0.0724805
1 0.372242 0.62273 0.0499921 0.0848057
0 0.0593352 0.735092 0.0541732 0.0767073
1 0.77936 0.465293 0.0389508 0.0764474
1 0.731566 0.281278 0.0299959 0.0585651
1 0.763349 0.626354 0.0404924 0.0896149
1 0.647256 0.465773 0.0308689 0.0728148
1 0.40888 0.397845 0.0334781 0.0587067
0 0.219479 0.736976 0.0558004 0.0922207
0 0.740871 0.391841 0.0316811 0.0691076
1 0.205697 0.462939 0.0410191 0.0811982
1 0.219807 0.617418 0.0414407 0.0782341
1 0.311954 0.290478 0.037539 0.0666817
1 0.510855 0.748787 0.0454927 0.0853553
1 0.837573 0.625549 0.0414925 0.0893884
1 0.439712 0.62376 0.0419702 0.080846
1 0.302732 0.618437 0.0407827 0.0710671
1 0.506575 0.627129 0.0374596 0.0879752
1 0.711791 0.466724 0.0363235 0.0701752
1 0.54269 0.624279 0.0370727 0.0821373
1 0.579296 0.62298 0.0362926 0.0845806
1 0.224308 0.400629 0.041552 0.0626557
1 0.519783 0.468536 0.0313713 0.0728378
1 0.812253 0.466375 0.0353888 0.0705345
1 0.773016 0.393143 0.037987 0.0757024
1 0.746689 0.467062 0.0327024 0.0713056
1 0.395913 0.470358 0.0368028 0.0779129
1 0.263049 0.46811 0.0431188 0.0792284
0 0.673204 0.282079 0.0273465 0.0538736
1 0.875407 0.623299 0.0495281 0.089956
1 0.55367 0.396041 0.0290186 0.0693253
0 0.589976 0.284355 0.0290892 0.0587455
1 0.727119 0.627482 0.0426173 0.083757
1 0.522689 0.397323 0.0307381 0.0621051
1 0.376837 0.401738 0.0339991 0.0631518
1 0.801473 0.628777 0.0444141 0.0920973
1 0.614349 0.467757 0.0289116 0.071558
1 0.251454 0.402134 0.0395012 0.0654604
1 0.233408 0.459801 0.0396945 0.0889
1 0.429689 0.291948 0.0254148 0.0623087
1 0.457267 0.470853 0.0304264 0.074813
0 0.506253 0.288055 0.0258183 0.05468
1 0.68001 0.394191 0.0317791 0.0746967
1 0.377791 0.289013 0.0347967 0.0649475
1 0.260159 0.292041 0.0354295 0.0654832
1 0.681425 0.467758 0.0316635 0.074145
1 0.335495 0.470181 0.031666 0.0846025
0 0.701295 0.28067 0.0262806 0.0516686
1 0.583034 0.467341 0.031155 0.0709573
0 0.618663 0.283702 0.0253334 0.060371
0 0.480934 0.289178 0.0285683 0.0597904
1 0.291185 0.466176 0.0376558 0.0815065
1 0.650972 0.624979 0.0357557 0.0813307
1 0.761608 0.279334 0.0280012 0.0642439
1 0.338082 0.618153 0.040101 0.0784643
1 0.127215 0.617405 0.0456008 0.0832325
1 0.615955 0.621636 0.0357821 0.0833272
1 0.429158 0.46545 0.0374262 0.0843272
1 0.471581 0.623686 0.0355976 0.0809613
0 0.582646 0.397616 0.0297626 0.059636
1 0.646953 0.389589 0.029617 0.0721644
1 0.236418 0.289726 0.0362708 0.0613673
1 0.816226 0.276837 0.0368515 0.0616767
1 0.281095 0.401761 0.0398084 0.0620722
1 0.489516 0.471309 0.0309053 0.0727545
1 0.189249 0.620071 0.0431186 0.0794607
1 0.436301 0.396777 0.0339618 0.0585779
1 0.404606 0.291534 0.0273179 0.0597793
1 0.787581 0.278528 0.030825 0.0526778
0 0.198149 0.401504 0.0417191 0.0591965
1 0.335644 0.291192 0.0330878 0.062788
1 0.15652 0.618858 0.0428593 0.0782915
1 0.351935 0.40189 0.0364964 0.0595507
0 0.455104 0.289482 0.0263964 0.0643217
1 0.177279 0.461421 0.0365863 0.079432
1 0.551412 0.466369 0.0275126 0.068681
