0 0.13767 0.738833 0.0546776 0.085684
0 0.337651 0.616065 0.0405057 0.079508
0 0.779308 0.462314 0.0385893 0.0724054
0 0.372221 0.619263 0.0478427 0.0856497
0 0.77354 0.390916 0.0381697 0.0761847
0 0.257934 0.737398 0.0530921 0.0870786
1 0.220073 0.616858 0.0425024 0.0783453
0 0.175925 0.739341 0.0584867 0.0897176
0 0.299094 0.735595 0.0533463 0.0812734
0 0.368088 0.465501 0.0413895 0.0823577
0 0.223481 0.399628 0.0407462 0.063601
0 0.489437 0.468682 0.0320951 0.0747478
0 0.344258 0.738481 0.0525273 0.0788357
0 0.764357 0.6243 0.0411119 0.0901537
0 0.20475 0.461742 0.0449564 0.0818216
0 0.613877 0.391082 0.0343104 0.0642475
0 0.533044 0.284927 0.0263999 0.0574034
0 0.746803 0.464991 0.0328465 0.0726972
0 0.217929 0.736156 0.0551951 0.0914844
0 0.386388 0.746444 0.0518585 0.0831059
0 0.643178 0.280984 0.0254822 0.0561241
0 0.375212 0.400406 0.0348393 0.0608093
0 0.542081 0.620774 0.0371191 0.0814483
0 0.404432 0.620028 0.0413627 0.0797578
0 0.455828 0.468471 0.0312197 0.0764606
0 0.837852 0.389683 0.0360569 0.0667461
0 0.553903 0.393008 0.0298252 0.0690775
0 0.646766 0.387743 0.0309027 0.0710882
0 0.470832 0.620682 0.036305 0.0815634
0 0.812851 0.46427 0.035701 0.0686587
0 0.0949794 0.737044 0.0566205 0.0841631
0 0.394952 0.467789 0.0368402 0.0778952
0 0.510363 0.747187 0.0468116 0.0853452
1 0.253184 0.621671 0.042632 0.0741684
0 0.578582 0.621555 0.0366196 0.0856796
0 0.470143 0.743181 0.0419056 0.0825043
0 0.281201 0.400188 0.0399986 0.0598523
0 0.505727 0.624589 0.0371098 0.0883474
0 0.848477 0.458012 0.0415318 0.0752296
0 0.259623 0.289732 0.0356705 0.0653689
0 0.740575 0.388886 0.032055 0.0700495
0 0.815821 0.273177 0.0356376 0.0606607
0 0.188326 0.618106 0.0465507 0.0790563
0 0.614711 0.61948 0.0352341 0.0835763
0 0.805651 0.387972 0.033046 0.0725146
0 0.689333 0.62645 0.0412412 0.0851494
0 0.727265 0.623255 0.0418063 0.0816704
0 0.802191 0.626864 0.0451231 0.0931002
0 0.519929 0.466837 0.0337141 0.0733761
1 0.427395 0.464715 0.0362915 0.0805935
0 0.152 0.616936 0.0462836 0.0808184
0 0.428771 0.742021 0.0484615 0.0815947
0 0.438903 0.621158 0.0415438 0.0806217
1 0.285034 0.289604 0.0343546 0.0666488
0 0.261766 0.466557 0.0409963 0.0789432
0 0.709927 0.388225 0.0355806 0.0710109
0 0.651287 0.624366 0.0367109 0.0825373
0 0.495682 0.394421 0.0331207 0.0619009
0 0.83828 0.62251 0.0415754 0.0893372
0 0.761347 0.276937 0.0276078 0.0629729
0 0.121758 0.613614 0.0494017 0.0842913
0 0.647044 0.463889 0.0312971 0.0731024
0 0.712053 0.464584 0.0360594 0.0676029
0 0.465743 0.395243 0.0330966 0.0623822
0 0.679782 0.392337 0.0305726 0.0731766
0 0.787814 0.275292 0.0307355 0.0541882
0 0.0589786 0.732312 0.053833 0.0750998
0 0.234888 0.288017 0.0368134 0.06238
0 0.197557 0.400174 0.0431835 0.0598298
1 0.312468 0.402575 0.0380465 0.0630685
0 0.250104 0.400828 0.0380939 0.0641384
0 0.730847 0.278846 0.0299539 0.0586825
0 0.376961 0.287163 0.0339194 0.0635054
0 0.50598 0.285689 0.0260042 0.055609
0 0.311875 0.288583 0.0363876 0.0646453
0 0.583294 0.465376 0.0308918 0.0717571
0 0.61442 0.465853 0.0287119 0.0718346
0 0.404204 0.288777 0.0276101 0.0593544
0 0.680952 0.465166 0.0312028 0.0703012
1 0.876091 0.62028 0.050474 0.0891981
0 0.231693 0.459476 0.0390937 0.0866753
0 0.589694 0.282343 0.0288081 0.0589889
0 0.351366 0.400161 0.0359015 0.0584683
0 0.480298 0.28802 0.0283594 0.0606141
1 0.335193 0.28926 0.0328892 0.0634239
0 0.454818 0.287991 0.0270117 0.0641754
0 0.673065 0.280026 0.028511 0.0551202
0 0.560894 0.281598 0.0247719 0.0537384
1 0.336378 0.468118 0.0302672 0.083328
0 0.436089 0.395464 0.0346509 0.059473
0 0.429432 0.288864 0.0261069 0.0638066
0 0.583472 0.395046 0.0302814 0.0621918
1 0.302109 0.617281 0.039799 0.0727688
1 0.175572 0.46022 0.0371336 0.0771415
1 0.289684 0.465711 0.0371499 0.077804
0 0.701424 0.279048 0.0263062 0.0526012
0 0.552047 0.464549 0.0263577 0.0698576
0 0.522013 0.394018 0.0308406 0.0624345
1 0.408666 0.394245 0.033125 0.0581332
0 0.618959 0.281711 0.0245005 0.0600214
