1 0.259857 0.740276 0.0529659 0.0819469
1 0.338757 0.290592 0.0352987 0.0625345
1 0.741331 0.39397 0.0348126 0.0659673
1 0.713863 0.467487 0.0373452 0.0708543
1 0.616858 0.393943 0.0329815 0.0631654
1 0.816187 0.465362 0.0359832 0.0709522
1 0.189124 0.61878 0.0441471 0.0772671
1 0.584084 0.394683 0.032897 0.0610107
1 0.403398 0.620186 0.0391073 0.0771583
1 0.157209 0.618318 0.0474759 0.0771143
1 0.2895 0.466506 0.0374614 0.0802613
1 0.543786 0.622296 0.0354207 0.0802766
1 0.510473 0.621638 0.0408589 0.0799968
1 0.35258 0.405766 0.032791 0.0571856
1 0.578848 0.621797 0.0353339 0.0805823
1 0.370264 0.620966 0.0397908 0.078272
1 0.614561 0.467126 0.0349992 0.0695005
1 0.523179 0.467197 0.0287951 0.0727428
1 0.279139 0.405524 0.0378473 0.058448
1 0.434332 0.62028 0.0435369 0.0775051
1 0.22 0.61904 0.0406787 0.0769947
1 0.615843 0.621664 0.039157 0.0834029
1 0.136835 0.741489 0.0506984 0.0784502
1 0.479033 0.288724 0.0303306 0.0573039
1 0.408057 0.399103 0.0311969 0.0553174
1 0.690914 0.623945 0.0399037 0.083144
1 0.490472 0.466699 0.0360279 0.0736932
1 0.582142 0.466211 0.0343674 0.0700976
