1 0.259395 0.74299 0.0519835 0.0820934
1 0.388539 0.743335 0.0420677 0.0762867
1 0.813794 0.463945 0.0400303 0.0690125
1 0.437814 0.622813 0.039331 0.0763246
1 0.334676 0.291535 0.0325303 0.0614827
1 0.72889 0.283892 0.0296627 0.0559292
1 0.335673 0.622138 0.0428415 0.0709375
1 0.40123 0.290351 0.0287818 0.0588413
1 0.67781 0.394555 0.0327584 0.0642705
1 0.368577 0.621356 0.0402565 0.0723692
1 0.453753 0.289535 0.0286846 0.0578822
1 0.259288 0.290488 0.0375119 0.0627108
1 0.561108 0.286725 0.030025 0.0560642
1 0.779923 0.466127 0.034083 0.0696888
1 0.616419 0.623794 0.0359583 0.0812268
1 0.714029 0.468415 0.0356307 0.0716497
1 0.616274 0.469343 0.0342379 0.0708909
1 0.408818 0.405276 0.033591 0.0585194
1 0.426878 0.28995 0.0287245 0.0584919
1 0.233211 0.290421 0.038071 0.06341
1 0.284496 0.291196 0.0370361 0.0624536
1 0.153501 0.619137 0.042692 0.0767849
1 0.67964 0.468791 0.0328061 0.0711435
1 0.543498 0.623418 0.0372308 0.077198
1 0.310745 0.406248 0.0402723 0.0578439
1 0.479356 0.288918 0.0299599 0.0574055
1 0.672736 0.284675 0.0277259 0.0553823
1 0.375695 0.290711 0.0285047 0.0592875
1 0.468074 0.744847 0.0408909 0.0787277
1 0.366804 0.468229 0.0365749 0.0773687
1 0.257589 0.622234 0.0467993 0.0710286
1 0.278948 0.406344 0.0359995 0.0587164
1 0.758734 0.283298 0.0331475 0.0572367
1 0.471124 0.622365 0.0364704 0.0771063
1 0.251664 0.406401 0.0343405 0.0593605
