1 0.137414 0.739114 0.0571576 0.087232
0 0.77337 0.393352 0.037657 0.0752599
1 0.299651 0.734535 0.0527777 0.0794713
0 0.176682 0.739082 0.0585972 0.0900024
0 0.849301 0.459927 0.0430792 0.0777406
1 0.253379 0.622668 0.043041 0.0762366
1 0.0956332 0.738138 0.0544629 0.0852585
0 0.218966 0.738219 0.0549227 0.0936564
1 0.258129 0.738149 0.0537391 0.0886589
0 0.0583919 0.735476 0.0539511 0.0799446
1 0.520289 0.467443 0.0311298 0.0713347
1 0.313564 0.404063 0.0387206 0.0626231
1 0.764562 0.627201 0.0415817 0.0906589
0 0.429564 0.742421 0.0504648 0.0830029
0 0.727354 0.626082 0.0414677 0.0835325
0 0.408201 0.396742 0.0335449 0.0580768
0 0.405183 0.622086 0.0413677 0.0802977
1 0.689719 0.62801 0.0424006 0.0837383
0 0.386802 0.746458 0.0520732 0.0833345
1 0.219428 0.617342 0.0419785 0.0787769
0 0.561307 0.283774 0.0248447 0.0546488
0 0.344081 0.739177 0.0522047 0.0779957
0 0.740768 0.391783 0.0323061 0.0702551
0 0.806028 0.391036 0.0339542 0.0707343
1 0.876267 0.622701 0.0512783 0.0919697
1 0.337843 0.617518 0.0431835 0.0806381
1 0.373095 0.621725 0.049752 0.0854443
0 0.839273 0.39243 0.0387405 0.0678638
1 0.122749 0.61533 0.0464127 0.0829116
1 0.439504 0.622177 0.0409104 0.080179
1 0.614964 0.621696 0.0358628 0.0813195
1 0.584077 0.467934 0.0320024 0.0723625
1 0.284094 0.292753 0.0347889 0.0666512
1 0.505929 0.625342 0.0367364 0.0879616
1 0.470845 0.744163 0.0432411 0.0863167
1 0.64748 0.466765 0.0311022 0.0725164
1 0.376757 0.400283 0.0345873 0.0621697
1 0.457572 0.469535 0.030438 0.0741415
1 0.467406 0.397136 0.0352719 0.0655168
0 0.7118 0.466557 0.0360892 0.0670809
1 0.761416 0.279388 0.0275555 0.0626064
1 0.813166 0.466656 0.0358265 0.0675127
1 0.681314 0.468315 0.0316456 0.0718958
1 0.436147 0.396828 0.0337786 0.0598255
1 0.187009 0.619431 0.0475949 0.0803101
1 0.837901 0.624417 0.040546 0.0893536
0 0.579482 0.623756 0.0362391 0.0863075
1 0.367185 0.467679 0.0431652 0.0823288
1 0.311525 0.290636 0.0374414 0.0669659
1 0.709295 0.391376 0.0363794 0.0715346
1 0.542448 0.621273 0.0368543 0.0801523
1 0.223347 0.401385 0.041969 0.0640579
0 0.802232 0.62771 0.0447299 0.0924618
1 0.614637 0.467704 0.0283443 0.0717884
0 0.731429 0.281706 0.0322751 0.0578574
1 0.377917 0.288773 0.0346697 0.0634066
1 0.496869 0.396839 0.0319993 0.0617734
1 0.396089 0.468825 0.0371185 0.0784325
0 0.506841 0.286252 0.0254326 0.0526658
1 0.281324 0.402514 0.0401983 0.0620244
1 0.471003 0.621621 0.0358418 0.0822308
1 0.511015 0.748399 0.0453299 0.0851364
1 0.259059 0.291996 0.0359078 0.0658149
1 0.26132 0.467947 0.0415801 0.078981
1 0.745917 0.467165 0.0336756 0.0727678
1 0.490548 0.469522 0.0327684 0.072783
1 0.456502 0.289513 0.0271782 0.0643083
1 0.590984 0.284318 0.0296015 0.0610224
1 0.778812 0.464548 0.0402155 0.0747303
1 0.430466 0.291524 0.0261627 0.060812
1 0.650785 0.625559 0.0372999 0.0811119
1 0.672923 0.282306 0.0272688 0.0537765
1 0.816693 0.275149 0.0366789 0.0627063
1 0.613665 0.392845 0.0347692 0.0634381
1 0.700716 0.280511 0.0274525 0.0521089
1 0.787058 0.277981 0.0313434 0.0552671
1 0.231954 0.462707 0.0413844 0.0851168
1 0.290877 0.46612 0.0368851 0.079408
1 0.334675 0.469182 0.0314155 0.0851913
1 0.153035 0.618609 0.0444089 0.081954
1 0.532861 0.286704 0.0271935 0.0570517
1 0.643265 0.28252 0.0260048 0.0552284
1 0.302475 0.619008 0.0408436 0.073386
1 0.251307 0.402922 0.0400766 0.0639723
1 0.584182 0.396502 0.0294487 0.0611589
1 0.481955 0.289126 0.0273643 0.0594993
1 0.203311 0.463521 0.0420934 0.0791723
1 0.234006 0.289605 0.0356386 0.0616911
1 0.646754 0.389357 0.0303707 0.0737044
1 0.350448 0.402582 0.0365177 0.0613415
1 0.175841 0.462431 0.0363226 0.0764875
1 0.405111 0.291433 0.0268871 0.0569392
1 0.552134 0.466035 0.0277646 0.0690579
1 0.680956 0.394997 0.0312115 0.0746079
1 0.428392 0.464691 0.0361178 0.0827648
1 0.335472 0.291347 0.0336081 0.0629886
0 0.619048 0.283657 0.0241476 0.0580556
1 0.556547 0.397678 0.0274111 0.0659771
1 0.196115 0.402412 0.0450273 0.0614534
1 0.523611 0.396961 0.032086 0.0626596
1 0.0255041 0.735374 0.0479186 0.0749053
