1 0.440162 0.61934 0.0396056 0.0794546
1 0.218497 0.619354 0.0428205 0.0717124
1 0.496418 0.397619 0.0302813 0.0612012
1 0.61488 0.622603 0.0380031 0.0802087
1 0.744502 0.392836 0.0344428 0.0647595
1 0.336761 0.620072 0.043889 0.0734841
1 0.187736 0.618249 0.0452973 0.0730636
1 0.158203 0.617472 0.046241 0.0742977
1 0.490741 0.467675 0.0365557 0.0721899
1 0.466966 0.397851 0.0320871 0.0604872
1 0.542439 0.622485 0.0346872 0.076742
1 0.303595 0.620393 0.0382645 0.0716692
1 0.371391 0.619842 0.0379237 0.074089
1 0.615744 0.468025 0.033817 0.0693888
1 0.400694 0.289829 0.0267231 0.0573446
1 0.28167 0.406979 0.0354881 0.0577263
1 0.135934 0.740028 0.0523366 0.0813581
1 0.617567 0.396551 0.0316179 0.0603108
1 0.711099 0.393521 0.0383626 0.0636552
1 0.252989 0.406837 0.0328466 0.057295
1 0.336533 0.290292 0.0321468 0.0601339
1 0.311693 0.289588 0.0348471 0.0605517
1 0.254992 0.620614 0.042763 0.0709774
1 0.405816 0.619389 0.0406484 0.0776032
1 0.533718 0.285791 0.0314229 0.0562014
1 0.715382 0.467484 0.0355824 0.0711262
1 0.584013 0.396939 0.0330133 0.060489
1 0.838758 0.393421 0.037208 0.0615611
1 0.311834 0.407513 0.0398394 0.0577045
1 0.560723 0.285792 0.0315165 0.0553308
1 0.679974 0.466778 0.0320413 0.0687544
1 0.209593 0.288711 0.0391279 0.0629219
1 0.776131 0.392247 0.0328421 0.0627625
1 0.375167 0.290563 0.0272983 0.05784
1 0.394611 0.468528 0.0331286 0.0796403
1 0.506673 0.285993 0.0298162 0.0570183
