1 0.259078 0.741594 0.0521895 0.078978
1 0.403601 0.620188 0.0387924 0.0771003
1 0.616395 0.394393 0.0333858 0.0636985
1 0.336476 0.620104 0.0437026 0.0764581
1 0.714391 0.468505 0.0362775 0.0706959
1 0.709482 0.393538 0.0366701 0.0677483
1 0.337677 0.290332 0.0337707 0.0615706
1 0.49008 0.467163 0.0364615 0.0733409
1 0.188549 0.619376 0.0443292 0.0767621
1 0.532407 0.2862 0.0309806 0.0548084
1 0.818333 0.466033 0.0360584 0.0741025
1 0.218813 0.619617 0.042637 0.0771558
1 0.436174 0.62011 0.0439816 0.0776645
1 0.463062 0.39475 0.0334765 0.0640403
1 0.368721 0.620962 0.0417543 0.079016
1 0.511056 0.621437 0.0403417 0.0798017
1 0.304726 0.619872 0.0411365 0.074385
1 0.491168 0.395834 0.0348712 0.0634475
1 0.616728 0.620396 0.0382393 0.0812134
1 0.157582 0.618794 0.0475313 0.0762902
1 0.137377 0.741606 0.0493669 0.0779103
1 0.410325 0.396809 0.0348702 0.0569336
1 0.679671 0.467914 0.0327865 0.0700438
1 0.544043 0.621856 0.0350599 0.0795226
1 0.251576 0.620429 0.0385116 0.0752369
