0 0.2601 0.291336 0.0368964 0.0643928
0 0.257402 0.737257 0.0534374 0.087414
1 0.139048 0.738606 0.0552948 0.0864191
0 0.773765 0.392384 0.0379282 0.0760558
1 0.372423 0.621057 0.0496284 0.0828114
0 0.299478 0.735098 0.0535501 0.0809582
0 0.0946957 0.738065 0.0564583 0.0852118
1 0.219893 0.61755 0.0419187 0.0792532
0 0.218295 0.736958 0.0547897 0.0906799
0 0.251284 0.401631 0.0397583 0.0625315
0 0.375571 0.402318 0.0362824 0.0613947
0 0.613907 0.392371 0.0353044 0.0648169
0 0.344149 0.739021 0.0523053 0.0800167
0 0.224116 0.401449 0.0407357 0.0630052
1 0.337253 0.616952 0.0405988 0.0773382
0 0.429161 0.742371 0.0488132 0.0817458
1 0.253052 0.621865 0.0418236 0.0748463
0 0.436218 0.39715 0.0349426 0.0597759
0 0.311816 0.290361 0.0371323 0.0654912
0 0.647536 0.390223 0.0308945 0.0714706
0 0.740987 0.391051 0.0325073 0.0709673
0 0.386701 0.745336 0.0519377 0.0824287
1 0.405974 0.622783 0.0420252 0.0803304
0 0.644467 0.282669 0.0255255 0.0563313
0 0.778793 0.463746 0.0403461 0.073671
1 0.428635 0.464329 0.0381214 0.0831683
1 0.727206 0.625042 0.0428042 0.0867475
0 0.496185 0.395958 0.0332194 0.062134
0 0.812972 0.466354 0.0356478 0.068858
0 0.176317 0.738589 0.058848 0.0868258
0 0.470623 0.74367 0.0432148 0.0834747
0 0.204968 0.462929 0.0453659 0.0818852
1 0.848996 0.459782 0.0431702 0.0758187
1 0.335215 0.290562 0.0321433 0.0630621
1 0.285092 0.292072 0.0338891 0.066836
0 0.816714 0.274118 0.0368002 0.0619856
1 0.730147 0.28053 0.0302004 0.0556724
0 0.511024 0.747052 0.0453603 0.0858997
1 0.690033 0.628939 0.0405383 0.086043
1 0.152814 0.619109 0.0455244 0.0810596
1 0.763631 0.626301 0.0397365 0.0870766
0 0.710073 0.389985 0.0362972 0.0729355
0 0.408208 0.396853 0.0339205 0.0590332
1 0.579156 0.622666 0.0366061 0.0855098
0 0.0590637 0.735108 0.0554938 0.0776278
1 0.542665 0.62176 0.0368969 0.0807749
1 0.560843 0.283414 0.0242863 0.05403
0 0.788146 0.277167 0.0310698 0.0543105
1 0.801583 0.627783 0.0440578 0.0903925
1 0.394783 0.469337 0.0378012 0.077311
0 0.465574 0.397056 0.0346029 0.0632624
0 0.589603 0.284029 0.0295235 0.0587109
1 0.302174 0.617911 0.0400045 0.0721661
1 0.367644 0.467595 0.0412371 0.0851176
1 0.378061 0.288744 0.0338471 0.0624617
1 0.313229 0.404653 0.039077 0.0607285
0 0.198237 0.40239 0.0421599 0.0590371
1 0.837414 0.390157 0.0381195 0.0684366
0 0.533721 0.286729 0.0267514 0.0573087
1 0.745631 0.46607 0.0331051 0.0718976
1 0.647446 0.464999 0.030554 0.0726418
1 0.439673 0.622753 0.0412739 0.0804442
0 0.7616 0.2795 0.028154 0.0660686
1 0.291283 0.465879 0.03928 0.0808668
1 0.836776 0.62572 0.0412205 0.0882638
1 0.455562 0.469145 0.0312744 0.0753359
0 0.805634 0.389312 0.0332363 0.0708753
1 0.51908 0.468363 0.0334215 0.0728989
1 0.506106 0.625284 0.0369056 0.0880567
1 0.875593 0.623257 0.0508396 0.0895761
0 0.701514 0.279772 0.0265812 0.0522479
1 0.122503 0.61595 0.0447536 0.0815114
1 0.187326 0.619679 0.0454296 0.0814809
0 0.583072 0.397012 0.0297032 0.0606843
0 0.672928 0.28167 0.0284201 0.0547977
0 0.404818 0.290746 0.0274391 0.0579059
1 0.553398 0.393755 0.0296569 0.0710761
1 0.471184 0.62402 0.0373209 0.0831477
1 0.651623 0.622894 0.0362597 0.084488
1 0.281745 0.401759 0.0409341 0.060581
1 0.5851 0.466625 0.0326454 0.0720308
1 0.233202 0.462825 0.0413875 0.0819
1 0.429937 0.290789 0.0265857 0.0627801
1 0.61694 0.466562 0.0271053 0.0712976
1 0.615983 0.620181 0.0353474 0.0868319
0 0.507171 0.287704 0.0250895 0.0536933
0 0.618731 0.28325 0.0259283 0.0608723
1 0.262181 0.466957 0.0418296 0.0787759
1 0.488973 0.469287 0.0321156 0.0737406
1 0.680583 0.393962 0.0310246 0.074564
0 0.351199 0.402026 0.0363546 0.0592081
1 0.335162 0.47075 0.0315077 0.0837139
1 0.481773 0.290137 0.0293846 0.0609635
1 0.681388 0.465932 0.0316309 0.0718203
1 0.711825 0.46519 0.0356001 0.0678669
1 0.552407 0.466026 0.0285219 0.0697276
0 0.522072 0.394938 0.0307293 0.0616385
0 0.455543 0.289339 0.0277755 0.0643946
1 0.175721 0.461524 0.0374302 0.0771158
0 0.235439 0.288804 0.0347001 0.0597035
0 0.0259427 0.732228 0.0491067 0.0707993
