0 0.373165 0.618897 0.0488707 0.0837595
0 0.258081 0.737583 0.0535794 0.0879164
0 0.376353 0.402243 0.0354075 0.0611099
0 0.312924 0.403864 0.0372664 0.0618569
0 0.0947095 0.738735 0.0567292 0.0845266
0 0.779626 0.463535 0.039183 0.0725399
0 0.773902 0.392658 0.0379045 0.0758796
0 0.137925 0.739639 0.0558483 0.0846632
0 0.300293 0.734578 0.0522903 0.0805455
0 0.61416 0.391841 0.0349097 0.0652115
0 0.489699 0.469494 0.0321383 0.0736738
0 0.64726 0.388983 0.0307159 0.0715474
0 0.395447 0.469353 0.037021 0.0782251
0 0.224022 0.400834 0.0402207 0.0633345
0 0.335635 0.468784 0.0315701 0.0840523
0 0.76188 0.279162 0.0281055 0.0646818
0 0.429604 0.742278 0.0496321 0.0815726
0 0.290521 0.465676 0.0372654 0.0804182
0 0.187591 0.619292 0.0452392 0.0792824
0 0.218101 0.615766 0.0412666 0.0805295
0 0.578833 0.62212 0.0359987 0.0858357
0 0.205237 0.462046 0.0442398 0.0825931
0 0.344429 0.739164 0.0525954 0.0794466
0 0.17637 0.740046 0.0597649 0.088573
0 0.466245 0.396508 0.0340657 0.063849
0 0.496366 0.396179 0.0329035 0.0615356
0 0.471737 0.621913 0.0365961 0.0816463
0 0.386869 0.746298 0.0519073 0.0835773
0 0.533128 0.285851 0.0268232 0.0564672
0 0.764148 0.62552 0.0408713 0.0906778
0 0.428391 0.464312 0.0371552 0.0834711
0 0.436697 0.396373 0.0341835 0.0593945
1 0.253741 0.619037 0.0460827 0.0790688
0 0.584119 0.466499 0.0318738 0.070677
0 0.644046 0.282413 0.0259319 0.0554007
0 0.710178 0.389755 0.0357332 0.0725183
0 0.367738 0.466819 0.042343 0.0835195
0 0.506495 0.625405 0.0372187 0.0894867
0 0.747054 0.46639 0.0328741 0.0721344
0 0.788537 0.277003 0.0311701 0.0537128
0 0.218419 0.737257 0.0553612 0.09245
0 0.614925 0.621075 0.0349175 0.0841785
0 0.52024 0.467424 0.0339432 0.0716677
0 0.456205 0.469699 0.0306507 0.0754419
0 0.681195 0.466455 0.0310593 0.0707773
0 0.727445 0.62581 0.0420632 0.0818772
0 0.813393 0.465545 0.0356684 0.0683304
0 0.740873 0.391243 0.0327222 0.0701696
0 0.511111 0.748493 0.0465588 0.0858524
0 0.260234 0.290352 0.0354343 0.0643202
0 0.470338 0.744736 0.0421597 0.0842861
0 0.40893 0.396328 0.0337752 0.0592131
0 0.583171 0.396487 0.0298054 0.0620251
0 0.817032 0.274779 0.0363148 0.061259
0 0.806024 0.390186 0.0331028 0.0712905
0 0.731609 0.28092 0.0305567 0.0587551
0 0.0597781 0.735392 0.0550647 0.0772495
0 0.838507 0.623399 0.0415543 0.0884907
0 0.647362 0.465486 0.0312696 0.0720934
0 0.261217 0.467133 0.0405436 0.0809006
0 0.802225 0.627587 0.0449333 0.0933092
0 0.689573 0.629082 0.0411534 0.0850952
0 0.849267 0.458678 0.0420206 0.0758373
0 0.561329 0.283128 0.0250834 0.053491
0 0.312143 0.289055 0.0372799 0.0653988
0 0.650928 0.624106 0.0369974 0.0834219
0 0.838793 0.391262 0.0372906 0.0664413
0 0.28519 0.290386 0.0333764 0.0656207
0 0.337778 0.615176 0.0408964 0.0796383
0 0.43951 0.622155 0.0407567 0.0804763
0 0.712365 0.46596 0.0361712 0.0679106
0 0.55418 0.395292 0.0296726 0.0692423
0 0.680024 0.393735 0.0314312 0.0746031
0 0.232397 0.459223 0.0393743 0.0876912
1 0.405419 0.620072 0.0425246 0.0794094
0 0.542589 0.621212 0.0366912 0.081468
0 0.590117 0.283028 0.0298172 0.058576
0 0.198664 0.401724 0.0422403 0.0585117
0 0.614806 0.466956 0.0287195 0.0715401
0 0.455841 0.28871 0.0265602 0.0657763
0 0.875837 0.621917 0.049308 0.0889143
0 0.152191 0.618618 0.0456256 0.0792103
0 0.522397 0.395754 0.0306007 0.0613917
0 0.236045 0.288344 0.0361976 0.0605106
1 0.30467 0.616074 0.0403686 0.0706825
0 0.673164 0.281771 0.0282298 0.0540962
0 0.40457 0.290341 0.0277606 0.057798
0 0.506626 0.286809 0.0260509 0.0539886
0 0.430141 0.28964 0.0264971 0.0635976
0 0.280951 0.401323 0.0389997 0.0593719
0 0.618777 0.282502 0.0251707 0.0597049
0 0.481028 0.288172 0.0286227 0.0592383
0 0.250625 0.401322 0.0383389 0.0636423
0 0.552391 0.465368 0.0273129 0.0669238
0 0.336357 0.290767 0.0343761 0.0635747
0 0.377337 0.287881 0.0327968 0.0628091
0 0.701556 0.280529 0.0260336 0.0517313
0 0.35102 0.400984 0.0341512 0.0589642
0 0.123222 0.615525 0.0451567 0.0840023
1 0.176472 0.459767 0.0355301 0.0786805
0 0.0263832 0.732831 0.0494941 0.07136
