0 0.138173 0.738329 0.0539542 0.0849598
0 0.837948 0.623413 0.0411175 0.0904518
0 0.773405 0.391407 0.0382338 0.0755075
0 0.370781 0.620072 0.0492517 0.0858675
0 0.258253 0.735884 0.0524943 0.0866613
0 0.405507 0.620259 0.0412363 0.07918
0 0.177219 0.738888 0.0572718 0.0866257
0 0.218491 0.736365 0.0551334 0.090745
0 0.280103 0.400465 0.0407453 0.061239
1 0.290576 0.465866 0.0391854 0.0819765
1 0.252759 0.622101 0.0430041 0.0743372
0 0.095663 0.736315 0.0565578 0.084258
0 0.681989 0.465357 0.0307152 0.0688944
1 0.311518 0.28921 0.0374913 0.0659659
1 0.746546 0.465213 0.0329796 0.0716009
1 0.350571 0.400918 0.0364891 0.0591257
0 0.578937 0.622053 0.0367466 0.0884038
1 0.337262 0.615743 0.0399623 0.0806547
0 0.386757 0.744191 0.0517599 0.0820511
0 0.299076 0.733101 0.0507563 0.0786909
0 0.312363 0.402962 0.0373562 0.0623478
0 0.336478 0.289861 0.0344756 0.0636612
0 0.260009 0.290253 0.0347884 0.0647675
0 0.689732 0.628577 0.0404287 0.0871433
0 0.542072 0.620881 0.0370848 0.0804916
0 0.0593053 0.732427 0.0538506 0.0760004
0 0.763962 0.624545 0.0416224 0.0884254
1 0.802361 0.626852 0.0450377 0.0955787
0 0.429015 0.741616 0.0491873 0.081549
0 0.779564 0.462778 0.0385832 0.0715212
1 0.222483 0.400036 0.0421387 0.0615811
0 0.761446 0.278656 0.0282978 0.0645757
0 0.812958 0.465486 0.0359425 0.0687735
0 0.368209 0.467362 0.0407821 0.0804934
0 0.710202 0.389772 0.0361874 0.0729139
0 0.615037 0.618672 0.0348415 0.0850952
0 0.816455 0.274525 0.0360937 0.0619606
0 0.740828 0.390152 0.0323551 0.0704775
0 0.643926 0.281558 0.0256661 0.0553445
1 0.613412 0.391955 0.0350406 0.0641647
1 0.470276 0.620531 0.0359163 0.0826618
0 0.727269 0.623981 0.0419691 0.0818039
0 0.646516 0.389546 0.0313904 0.0706405
1 0.465505 0.395948 0.034922 0.0651801
0 0.519391 0.46722 0.0320019 0.0713045
0 0.470067 0.745342 0.0412441 0.0855447
0 0.731213 0.279837 0.0296999 0.0584483
0 0.156756 0.618323 0.0429322 0.078874
0 0.510053 0.74867 0.0464575 0.0872882
1 0.190141 0.618453 0.0440027 0.0797034
0 0.439532 0.621227 0.041547 0.0810192
0 0.50563 0.624222 0.0375964 0.0876369
1 0.650979 0.6234 0.0365776 0.0820238
0 0.285283 0.290146 0.0338283 0.0661127
0 0.219564 0.618043 0.039075 0.0765379
0 0.490827 0.468748 0.0307922 0.0736605
1 0.201641 0.461464 0.0448413 0.0810308
0 0.712247 0.464905 0.0353937 0.0662661
0 0.589161 0.28254 0.0293368 0.0590539
0 0.787868 0.276612 0.0313268 0.0548983
1 0.377104 0.286902 0.0336837 0.0633814
1 0.457476 0.469753 0.0303556 0.0750811
1 0.408266 0.396305 0.0331972 0.0567622
0 0.672732 0.280621 0.0280254 0.052996
1 0.560134 0.282491 0.0253498 0.0555331
0 0.614326 0.465888 0.0292534 0.070628
0 0.805572 0.389292 0.0331921 0.0722481
0 0.582627 0.396452 0.0297853 0.0589605
0 0.679713 0.393427 0.031151 0.0742939
0 0.39531 0.468397 0.036516 0.0764449
0 0.261071 0.466606 0.0418254 0.079813
0 0.435652 0.396396 0.0345799 0.059815
0 0.236469 0.288069 0.0346639 0.0613314
0 0.532619 0.285466 0.0267982 0.056638
1 0.344295 0.738666 0.0537611 0.0802017
0 0.583121 0.465909 0.0311192 0.0703682
0 0.37543 0.401293 0.0364865 0.0622804
1 0.87372 0.620434 0.0486664 0.0887045
0 0.403945 0.290017 0.0277305 0.0588037
1 0.701635 0.279128 0.0269503 0.0522079
1 0.429118 0.463601 0.0386414 0.0845138
0 0.335049 0.468869 0.029801 0.0851709
0 0.837998 0.389976 0.0370712 0.0667977
0 0.249289 0.401148 0.0387201 0.0627769
1 0.481275 0.288868 0.0283625 0.0600535
0 0.553411 0.394102 0.0299814 0.0694355
1 0.648075 0.464445 0.0309547 0.0728756
1 0.125081 0.616626 0.0468282 0.0846308
1 0.849201 0.459298 0.044183 0.0763245
0 0.455086 0.288492 0.0266516 0.0631447
1 0.521177 0.394974 0.0309459 0.0625751
1 0.230371 0.458639 0.0406779 0.0872988
1 0.30349 0.615558 0.0399755 0.0732891
0 0.618379 0.282105 0.0256845 0.0603467
0 0.496276 0.395162 0.0317247 0.0626142
1 0.506468 0.286043 0.0253658 0.0540681
0 0.429696 0.289889 0.0266021 0.0636933
1 0.552189 0.465239 0.0262283 0.0697889
0 0.174126 0.459833 0.0348765 0.078051
0 0.196628 0.401923 0.0389577 0.0572838
