1 0.137026 0.740346 0.0572652 0.0895995
1 0.29923 0.737353 0.052664 0.0813011
1 0.506004 0.62777 0.036803 0.088998
0 0.0938487 0.738412 0.0569576 0.0860991
1 0.372846 0.620697 0.0491719 0.0841518
1 0.257497 0.73935 0.0548121 0.0882663
1 0.175266 0.740304 0.0579589 0.0918567
0 0.614688 0.393308 0.0338803 0.0633114
1 0.377007 0.401653 0.0343487 0.0621821
1 0.579225 0.623803 0.0371311 0.0854225
0 0.83907 0.624696 0.0413509 0.0888432
0 0.742104 0.390054 0.0321783 0.069312
1 0.337492 0.618704 0.04055 0.078061
1 0.219936 0.618204 0.0427529 0.077844
1 0.368564 0.468653 0.0422306 0.0815128
0 0.386801 0.746427 0.0523074 0.0838877
0 0.541971 0.622819 0.0370386 0.0812185
1 0.689586 0.629261 0.041003 0.0846481
1 0.186906 0.619502 0.0450401 0.0796074
1 0.849151 0.459652 0.0414698 0.0758958
1 0.680404 0.394153 0.03109 0.0732362
0 0.51149 0.749 0.0457323 0.0859115
1 0.533423 0.285448 0.0270023 0.0582769
0 0.344468 0.739436 0.0524158 0.0794215
0 0.807299 0.39006 0.0328796 0.0707893
0 0.219378 0.737698 0.0551663 0.0896218
0 0.647298 0.390018 0.030146 0.070617
1 0.780143 0.463799 0.0388994 0.0749729
0 0.774798 0.392171 0.0370966 0.0755152
1 0.351218 0.402673 0.0353991 0.0590506
0 0.839991 0.390925 0.0362865 0.0663666
1 0.223773 0.400643 0.0408867 0.0620607
0 0.644627 0.281333 0.0263065 0.0566033
0 0.407954 0.397001 0.0334922 0.0586073
1 0.312873 0.404719 0.0380831 0.063305
0 0.470301 0.746101 0.0417568 0.0847433
1 0.428322 0.467009 0.0354684 0.0821261
1 0.813156 0.46624 0.0349431 0.0692061
1 0.727354 0.625707 0.0416424 0.0836647
1 0.405539 0.622925 0.0411684 0.0790616
1 0.489448 0.46945 0.031475 0.0742798
1 0.120665 0.616238 0.0460123 0.0801852
1 0.647273 0.465705 0.0304223 0.0724275
0 0.465298 0.397557 0.0342021 0.0629268
1 0.455066 0.288264 0.0257681 0.0656723
1 0.584073 0.467239 0.0318098 0.0728737
1 0.376837 0.287429 0.0318919 0.0666767
0 0.436134 0.39659 0.034688 0.0592613
1 0.33602 0.471502 0.0318125 0.0845636
1 0.818488 0.274729 0.0362904 0.0628764
1 0.057442 0.73806 0.0539112 0.0820795
0 0.249616 0.402029 0.0383697 0.0631869
0 0.802494 0.629896 0.0445177 0.0943245
1 0.747004 0.46687 0.0325796 0.0729839
0 0.589244 0.283213 0.0288979 0.0583755
0 0.429072 0.741964 0.0486162 0.0800442
0 0.480249 0.287896 0.0282827 0.0605404
1 0.253497 0.623242 0.0426644 0.073163
1 0.764759 0.626717 0.0416695 0.0912872
0 0.710446 0.389208 0.0353526 0.0712435
1 0.311847 0.289733 0.03746 0.0678485
1 0.65103 0.625711 0.0362274 0.082987
1 0.394885 0.469782 0.0357276 0.0767303
1 0.258899 0.29006 0.0370115 0.0647535
0 0.788977 0.27645 0.0312626 0.0556843
0 0.519532 0.467785 0.034146 0.0722109
0 0.285001 0.291173 0.0354523 0.0681585
1 0.877322 0.622764 0.0503109 0.0878842
1 0.681703 0.466765 0.0318642 0.0713945
1 0.712761 0.466448 0.0359152 0.0700413
1 0.455344 0.47142 0.0298539 0.0741383
0 0.561706 0.282309 0.0241819 0.054654
1 0.260415 0.46875 0.0421254 0.0809778
1 0.61481 0.622315 0.0348488 0.0830772
1 0.439782 0.623314 0.0408773 0.080847
0 0.495812 0.395623 0.032262 0.0625824
0 0.1758 0.462268 0.0385417 0.0794338
1 0.281092 0.4014 0.0412987 0.0606371
1 0.290108 0.466979 0.0370143 0.0795582
1 0.55356 0.395622 0.0307781 0.069583
1 0.615624 0.468009 0.0293991 0.0733889
0 0.584775 0.396564 0.030224 0.061434
1 0.302224 0.61907 0.0391556 0.0712793
1 0.702386 0.279447 0.0260796 0.0523634
1 0.19725 0.400686 0.0417536 0.0593588
1 0.471448 0.624414 0.0357025 0.0814016
1 0.430055 0.289824 0.0261765 0.0648309
1 0.505954 0.286082 0.0268883 0.0569612
1 0.762518 0.279172 0.0289795 0.0647308
0 0.673776 0.28015 0.0284006 0.0559021
1 0.731266 0.27995 0.0295279 0.0572362
0 0.203494 0.46331 0.043945 0.0837278
0 0.404444 0.290514 0.0273967 0.0595088
0 0.61923 0.282075 0.0252625 0.0601696
1 0.521875 0.395359 0.03108 0.0617208
1 0.336351 0.289475 0.0341491 0.0664508
1 0.151854 0.618899 0.044486 0.0780438
1 0.232575 0.461096 0.0408347 0.0868099
0 0.551562 0.466022 0.0277618 0.0683941
0 0.234738 0.287604 0.0344193 0.060961
1 0.0210049 0.736132 0.0411302 0.0841541
