1 0.332971 0.289083 0.0308943 0.0591413
1 0.437663 0.621232 0.0404004 0.0746656
1 0.713007 0.465419 0.0382188 0.0702772
1 0.366688 0.619605 0.0398272 0.0743164
1 0.335898 0.618913 0.0432165 0.0744376
1 0.534777 0.283913 0.0311119 0.0569418
1 0.211474 0.741587 0.0492359 0.0773505
1 0.259198 0.739967 0.0511023 0.08208
1 0.706526 0.393149 0.0346652 0.063375
1 0.553142 0.391554 0.0314534 0.0650907
1 0.135673 0.740606 0.0508676 0.0751968
1 0.816434 0.46448 0.0391711 0.0771267
1 0.616126 0.392425 0.033351 0.0625783
1 0.310519 0.288974 0.0348256 0.0597561
1 0.583297 0.39198 0.0336896 0.0641689
1 0.303403 0.618993 0.0385394 0.0739401
1 0.210411 0.287988 0.0397801 0.0634246
1 0.737988 0.392851 0.0391488 0.064357
1 0.216922 0.618754 0.0454774 0.0742584
1 0.804766 0.390255 0.0369343 0.0661579
1 0.780747 0.465085 0.0363126 0.0741747
1 0.404982 0.620626 0.0377304 0.0746995
1 0.508976 0.620492 0.039635 0.0788868
1 0.490998 0.467047 0.034239 0.0731897
1 0.645798 0.392806 0.0329686 0.0619711
1 0.253195 0.619503 0.0387106 0.073275
