1 0.177822 0.739806 0.0580043 0.088692
1 0.138041 0.740062 0.056929 0.0863123
1 0.299908 0.735543 0.052545 0.0802952
0 0.673203 0.282414 0.0284647 0.0547538
1 0.688671 0.628019 0.0410952 0.0847225
0 0.428847 0.741944 0.0486122 0.0799974
0 0.614005 0.392108 0.0350994 0.065253
1 0.779266 0.465143 0.0389886 0.0760475
1 0.368764 0.467839 0.0420144 0.0824768
1 0.0948672 0.739083 0.0555795 0.0840508
1 0.731008 0.281697 0.0313269 0.0580169
0 0.408576 0.397165 0.0339836 0.0582949
1 0.257768 0.737986 0.0542384 0.0884331
1 0.497031 0.396025 0.0328939 0.0615695
0 0.805337 0.389438 0.0340319 0.07076
1 0.372095 0.622272 0.0493979 0.0844093
1 0.252671 0.621941 0.0430196 0.0762693
0 0.532625 0.286875 0.0265347 0.0570666
0 0.344526 0.739556 0.0519995 0.0783329
0 0.589645 0.28398 0.0294362 0.0588326
1 0.848325 0.45999 0.0416422 0.0769924
1 0.311734 0.290773 0.0363886 0.0660407
1 0.466275 0.3971 0.0354241 0.0643231
1 0.56032 0.28405 0.0250439 0.0551338
0 0.219581 0.736755 0.0557392 0.093059
0 0.386697 0.746507 0.0522507 0.0835178
1 0.205783 0.462622 0.0428859 0.0803532
0 0.838511 0.392057 0.0368774 0.0655147
1 0.553235 0.3956 0.0293652 0.0687695
1 0.312883 0.404431 0.0380068 0.062568
1 0.302778 0.618022 0.0409429 0.0710271
1 0.646878 0.465602 0.0309015 0.0728649
1 0.470052 0.744624 0.0432096 0.0840683
0 0.709673 0.39064 0.0366359 0.0726893
1 0.763276 0.625915 0.0408187 0.0904956
1 0.510162 0.749055 0.0457582 0.0849698
0 0.643687 0.282973 0.0259043 0.0562324
0 0.059181 0.735808 0.0551288 0.0769524
1 0.404757 0.622984 0.0426954 0.0811644
1 0.578921 0.623321 0.0361364 0.0853992
1 0.219468 0.61698 0.0412382 0.0781561
1 0.376408 0.401093 0.0351904 0.0626352
1 0.506436 0.626527 0.0374186 0.0881975
0 0.740577 0.391958 0.0314278 0.0693053
1 0.875325 0.623099 0.0494822 0.090044
1 0.700663 0.281343 0.0272131 0.0529438
1 0.772619 0.392909 0.0377331 0.0759872
1 0.812342 0.466321 0.0355003 0.070316
1 0.681309 0.467394 0.0319503 0.0728998
1 0.727126 0.626568 0.042584 0.0831274
1 0.439132 0.623354 0.0416382 0.0809258
1 0.837421 0.625056 0.0418102 0.0896751
1 0.262627 0.467976 0.0420833 0.0790598
1 0.396382 0.469016 0.0379477 0.0793579
1 0.746411 0.466408 0.0332357 0.0730238
1 0.542413 0.623501 0.0367872 0.0823009
1 0.801376 0.628594 0.044816 0.0933485
1 0.711835 0.466695 0.036179 0.0697516
1 0.335738 0.469743 0.0324341 0.0840342
1 0.519418 0.467757 0.0314178 0.0727703
1 0.650989 0.624456 0.0362432 0.0819008
1 0.582764 0.466938 0.0313387 0.0707468
1 0.614506 0.467089 0.0280586 0.0699044
1 0.196526 0.400767 0.0440854 0.0614103
1 0.6801 0.393983 0.032051 0.0745488
1 0.224507 0.400574 0.0412361 0.063507
1 0.761659 0.279125 0.0279152 0.0642992
0 0.582646 0.397401 0.0298386 0.0595095
1 0.647047 0.390425 0.030015 0.0702925
1 0.377505 0.289767 0.0343338 0.0645466
1 0.260166 0.292082 0.0365078 0.0647639
1 0.522702 0.395705 0.030663 0.0625907
1 0.233207 0.459344 0.0398553 0.0888832
1 0.337911 0.617814 0.0397802 0.0771421
1 0.470768 0.623501 0.036026 0.0805464
1 0.436141 0.396002 0.0340062 0.0582563
1 0.457228 0.469421 0.0300324 0.0741577
1 0.43037 0.292035 0.026001 0.0631079
1 0.285419 0.292079 0.0346812 0.066685
1 0.290984 0.465847 0.0367519 0.0811308
1 0.429162 0.464456 0.0372431 0.0831928
1 0.615007 0.620833 0.0358616 0.0844597
1 0.251659 0.402197 0.0388707 0.0650661
1 0.505608 0.288506 0.0266151 0.0540773
1 0.127297 0.616616 0.0450952 0.0823759
1 0.404516 0.29169 0.0279382 0.0592824
1 0.455336 0.290123 0.0257201 0.0653709
1 0.281301 0.401601 0.0399904 0.0615599
1 0.489852 0.469049 0.0311968 0.0735945
1 0.156165 0.618968 0.0425188 0.0772261
1 0.816577 0.276507 0.0374176 0.0639725
1 0.188892 0.619921 0.0433394 0.0791842
1 0.480656 0.289917 0.0275541 0.0629336
1 0.61932 0.282982 0.0238921 0.0595652
1 0.334871 0.292079 0.0331095 0.063813
1 0.787622 0.278492 0.0310843 0.0537535
1 0.236079 0.289997 0.0358324 0.0604674
1 0.176884 0.461131 0.036777 0.0778527
1 0.351082 0.401179 0.0362172 0.0592366
1 0.551126 0.465821 0.0275818 0.0686594
