1 0.710239 0.390196 0.0364737 0.0707108
1 0.137406 0.739776 0.0581779 0.0855354
0 0.345301 0.739282 0.0523491 0.0789107
0 0.219784 0.737967 0.0555755 0.0913498
1 0.369236 0.466699 0.043339 0.0841459
1 0.220636 0.616899 0.0418232 0.0798977
0 0.387233 0.745892 0.0508059 0.0846928
1 0.312688 0.403242 0.0388309 0.0633342
1 0.33762 0.616115 0.0404005 0.0796392
1 0.0961453 0.737634 0.0549331 0.0838851
1 0.84874 0.459074 0.0435726 0.0744965
1 0.87789 0.62228 0.049589 0.0868404
1 0.37198 0.618397 0.0483267 0.0847558
1 0.259512 0.73577 0.0530794 0.0844681
1 0.671862 0.281467 0.0278856 0.054345
0 0.47101 0.742765 0.0430438 0.0842697
1 0.689989 0.628189 0.0437035 0.0850342
1 0.729126 0.624317 0.0425089 0.0835913
1 0.252757 0.622916 0.0426571 0.077777
1 0.778003 0.462137 0.0411657 0.0750773
1 0.816146 0.274671 0.0363668 0.0603019
1 0.375918 0.40183 0.0359891 0.063104
0 0.428554 0.743128 0.0508463 0.0849995
1 0.495676 0.395391 0.0327369 0.0613944
1 0.302844 0.617683 0.0395823 0.0734
1 0.252795 0.401345 0.0411904 0.0651597
1 0.7669 0.626947 0.0431133 0.091791
0 0.740109 0.390606 0.0309735 0.0697939
1 0.731915 0.280539 0.0298079 0.0565807
1 0.613856 0.391925 0.0346229 0.0667573
0 0.176608 0.7393 0.0596769 0.0884825
1 0.234497 0.288932 0.0352719 0.0597239
1 0.543636 0.621151 0.0354532 0.0795692
1 0.509763 0.745809 0.0428144 0.0849009
1 0.197554 0.401139 0.0435478 0.0609288
1 0.520397 0.466771 0.0333625 0.0722456
1 0.805173 0.627197 0.045512 0.0934917
1 0.812402 0.464703 0.0340734 0.0690502
1 0.481523 0.289618 0.0284849 0.0593411
1 0.430541 0.290832 0.0258711 0.0634639
0 0.0595176 0.733604 0.0540154 0.07645
1 0.290488 0.466146 0.0379364 0.0800899
1 0.508625 0.624825 0.0362974 0.090353
1 0.53419 0.285828 0.0264225 0.0565431
1 0.771731 0.392288 0.0382263 0.0783063
1 0.646667 0.389706 0.0302458 0.0718804
0 0.351583 0.401578 0.0353464 0.0595179
1 0.841167 0.624152 0.0415596 0.0895094
1 0.711941 0.466044 0.0354399 0.0700626
1 0.643713 0.281089 0.0263035 0.0552179
1 0.787092 0.276692 0.0297596 0.0566105
0 0.300545 0.733244 0.0515858 0.0775274
1 0.647668 0.465018 0.0304626 0.0718894
1 0.188987 0.619792 0.0436659 0.0817648
1 0.580185 0.620727 0.0373745 0.0855069
1 0.404979 0.620063 0.043275 0.0820931
1 0.440557 0.622046 0.0424656 0.0827755
1 0.261343 0.467444 0.0413435 0.078203
1 0.761466 0.277635 0.0280906 0.0645956
1 0.48963 0.468737 0.0319899 0.0741976
1 0.591235 0.28345 0.0283993 0.0587433
0 0.225729 0.400392 0.0423352 0.0638246
1 0.260047 0.290357 0.0358833 0.0651332
1 0.584275 0.396787 0.0300913 0.0634953
1 0.616541 0.466726 0.0266813 0.0693108
1 0.805479 0.38963 0.0347866 0.0733768
1 0.281652 0.401292 0.0388645 0.061957
1 0.474026 0.621828 0.0372346 0.0829396
1 0.745969 0.466451 0.032601 0.0720325
1 0.585903 0.466606 0.0321238 0.0697924
1 0.563283 0.283628 0.0261229 0.0565238
1 0.155605 0.618521 0.0447168 0.0828191
1 0.313313 0.289466 0.0364928 0.0651099
1 0.679909 0.393324 0.0309847 0.0748866
1 0.650292 0.623934 0.0352643 0.0821513
1 0.429712 0.463581 0.0360817 0.0824673
1 0.464981 0.396582 0.0341951 0.0647693
1 0.615784 0.619815 0.0332405 0.0847786
1 0.40924 0.397327 0.0329021 0.0588587
1 0.457056 0.468551 0.0300685 0.0750811
1 0.681633 0.466269 0.0321562 0.0698324
1 0.554173 0.465575 0.0282106 0.0699444
1 0.397475 0.46776 0.0374597 0.0781345
1 0.555074 0.396298 0.0285738 0.0660158
1 0.124563 0.616489 0.0478733 0.08603
1 0.339482 0.289192 0.0330901 0.0635135
1 0.336969 0.468888 0.0301229 0.0843221
1 0.205188 0.461137 0.042226 0.0815695
1 0.435814 0.396244 0.0329886 0.0592171
1 0.285496 0.291166 0.0356654 0.0666524
1 0.231868 0.46143 0.0408541 0.0828794
1 0.403821 0.289946 0.0274568 0.0608277
1 0.506968 0.286796 0.025028 0.0542241
1 0.839442 0.390248 0.0378864 0.068404
1 0.618985 0.281843 0.0239105 0.0588743
0 0.455725 0.289935 0.0268025 0.0617267
1 0.17615 0.46055 0.0390235 0.0798555
1 0.376307 0.287701 0.0319427 0.0627373
1 0.522079 0.395435 0.0314686 0.062289
0 0.700533 0.280637 0.0282207 0.0515992
