1 0.259187 0.740843 0.0527654 0.0828502
1 0.308698 0.290266 0.0340112 0.0605065
1 0.439163 0.622535 0.0400804 0.0776166
1 0.331389 0.28973 0.0314273 0.0600498
1 0.335803 0.619433 0.0445293 0.0738513
1 0.739926 0.393216 0.036742 0.0634957
1 0.257241 0.29054 0.0361905 0.0613531
1 0.542949 0.621459 0.0366391 0.0773362
1 0.135816 0.740963 0.0508281 0.0782052
1 0.453441 0.287248 0.0290385 0.0554394
1 0.400292 0.288115 0.0279646 0.0581399
1 0.615952 0.396024 0.0335467 0.0603428
1 0.495366 0.39491 0.0320601 0.0626368
1 0.255156 0.61917 0.0424485 0.0737265
1 0.185972 0.618163 0.0474666 0.0761892
1 0.36937 0.620644 0.0385156 0.0738629
1 0.520511 0.466883 0.0309363 0.0726653
1 0.560677 0.286141 0.0304254 0.052179
1 0.472546 0.622193 0.0359445 0.0784449
1 0.219124 0.618793 0.0442228 0.0753662
1 0.532532 0.286686 0.0294149 0.0525221
1 0.365673 0.466895 0.0379884 0.0786689
1 0.479672 0.287012 0.0294767 0.0549032
1 0.648005 0.395379 0.0296458 0.0607558
1 0.687668 0.624518 0.0409607 0.081231
1 0.283222 0.290428 0.0347744 0.0612632
1 0.813983 0.467305 0.0388586 0.0748633
1 0.707952 0.392822 0.0354779 0.0639702
1 0.506062 0.287002 0.0287298 0.0536363
1 0.464966 0.395392 0.0337201 0.0621966
1 0.780676 0.467574 0.0363479 0.0731577
1 0.232087 0.290881 0.037596 0.0621864
1 0.302046 0.619078 0.0372834 0.0721301
1 0.616794 0.468244 0.034174 0.0670553
1 0.489526 0.467105 0.0350971 0.07293
1 0.404323 0.398396 0.02911 0.0568755
1 0.582797 0.395836 0.0328527 0.0600466
1 0.580235 0.467144 0.0319433 0.0690796
1 0.730284 0.282202 0.0284558 0.0555016
1 0.260521 0.46607 0.0414295 0.0798716
