1 0.2594 0.740237 0.052853 0.0840202
1 0.309132 0.289725 0.0341094 0.0602696
1 0.439035 0.621575 0.0401873 0.0769223
1 0.543171 0.621379 0.0367377 0.077633
1 0.33611 0.618842 0.0445118 0.0735715
1 0.330651 0.289725 0.0292368 0.0597722
1 0.740222 0.392334 0.0361514 0.0642204
1 0.257852 0.289845 0.0363469 0.0619597
1 0.560471 0.286283 0.029972 0.0518002
1 0.495735 0.396284 0.0313271 0.0589414
1 0.453501 0.288224 0.02886 0.0574506
1 0.185861 0.617554 0.0479615 0.0759438
1 0.400309 0.288915 0.027858 0.0586633
1 0.25611 0.618846 0.0438274 0.0734323
1 0.813053 0.46587 0.0403447 0.0731222
1 0.136459 0.739905 0.0513171 0.0792681
1 0.520187 0.46648 0.0314499 0.072266
1 0.687663 0.624319 0.0408765 0.0806737
1 0.472455 0.621547 0.0357391 0.0773726
1 0.369467 0.620094 0.0384431 0.0741129
1 0.36528 0.466709 0.0376476 0.0789124
1 0.615808 0.394844 0.0337796 0.0611662
1 0.532412 0.286788 0.0294514 0.0529155
1 0.21916 0.618273 0.0449547 0.0747985
1 0.46493 0.397303 0.0324444 0.0584208
1 0.708383 0.392108 0.0363031 0.0649812
1 0.779961 0.466348 0.0357941 0.0719813
1 0.47998 0.287711 0.0291852 0.0570656
1 0.232415 0.290229 0.0382544 0.0631724
1 0.617073 0.468062 0.0341531 0.067301
1 0.302412 0.618454 0.0375906 0.0712294
1 0.647661 0.39471 0.0296585 0.0615349
1 0.404625 0.398889 0.0292049 0.056276
1 0.457999 0.466969 0.035427 0.0729246
1 0.506493 0.287387 0.0293116 0.0554354
1 0.678647 0.466644 0.0308351 0.0685816
1 0.588328 0.285546 0.0289745 0.0521955
1 0.489606 0.466636 0.0345847 0.0724392
1 0.580314 0.467133 0.0319411 0.0686003
1 0.405038 0.620888 0.0403015 0.076173
