0 0.220045 0.738042 0.0539226 0.091756
0 0.387189 0.745312 0.0511197 0.0839058
1 0.139309 0.737805 0.0567041 0.0865763
0 0.344483 0.739007 0.0524696 0.0781349
1 0.219852 0.616492 0.0425471 0.0788114
0 0.0614944 0.731836 0.0526681 0.0755646
1 0.253429 0.621333 0.0426132 0.0774414
1 0.848872 0.459791 0.0432791 0.0749992
1 0.177755 0.740705 0.0607393 0.0912822
1 0.30307 0.617305 0.0404276 0.0718998
1 0.709495 0.390145 0.0367839 0.0719465
1 0.394584 0.466878 0.0397493 0.0810511
1 0.25882 0.736827 0.0536527 0.0870628
1 0.336678 0.289683 0.0349084 0.065238
1 0.429065 0.740934 0.0496619 0.083048
1 0.375395 0.401492 0.0369115 0.0624332
0 0.311994 0.289982 0.0355872 0.064345
1 0.467407 0.741533 0.0426039 0.0830338
1 0.337265 0.616482 0.0411863 0.0797709
1 0.802378 0.628037 0.0457813 0.0931655
1 0.579215 0.623375 0.0368997 0.0845379
1 0.506877 0.746553 0.047706 0.0858147
1 0.260834 0.290543 0.034864 0.0649307
1 0.372445 0.619303 0.0495416 0.0853931
1 0.405854 0.620421 0.0412925 0.0799725
1 0.764448 0.626606 0.0416637 0.0909897
1 0.232877 0.461806 0.0414464 0.0838394
1 0.314259 0.402851 0.0372728 0.0609565
1 0.28252 0.401466 0.0394974 0.0617761
1 0.542926 0.62144 0.0365999 0.0800154
1 0.816795 0.275326 0.0366226 0.0616202
1 0.496711 0.395025 0.0326695 0.0622147
1 0.440407 0.62207 0.0419184 0.0820667
1 0.0968297 0.735799 0.0548242 0.0828705
1 0.746411 0.466301 0.033733 0.0705532
1 0.687984 0.629218 0.0416282 0.0864822
1 0.290862 0.466067 0.0377765 0.0796141
1 0.560942 0.28281 0.0253863 0.0557239
1 0.649888 0.625043 0.0370615 0.0846979
1 0.490174 0.468739 0.0325851 0.0735631
1 0.741184 0.39101 0.0332423 0.0715955
1 0.465798 0.394963 0.0349963 0.0648098
1 0.187368 0.61938 0.0462203 0.0804939
1 0.367157 0.466893 0.041514 0.0825968
1 0.727371 0.625675 0.0432422 0.0827184
1 0.67245 0.281402 0.0272906 0.0527116
1 0.456847 0.4682 0.0330377 0.0773464
1 0.711546 0.466608 0.036108 0.069783
1 0.377943 0.288079 0.0345202 0.0637719
1 0.589621 0.283211 0.0286467 0.0574276
1 0.286333 0.290961 0.0340898 0.065425
1 0.780701 0.463977 0.0395324 0.075674
1 0.430015 0.29044 0.0259648 0.0625829
1 0.875589 0.623161 0.0495359 0.0904476
1 0.646558 0.389169 0.0288904 0.0723508
1 0.615176 0.392128 0.0343048 0.0639715
1 0.234991 0.289278 0.0362803 0.0605226
1 0.837673 0.625231 0.0400703 0.0912052
1 0.427347 0.46449 0.0377292 0.0836557
1 0.204814 0.461848 0.0420664 0.0824772
1 0.77482 0.393042 0.0378507 0.074553
1 0.261412 0.466356 0.0411658 0.0804646
1 0.61455 0.622852 0.0341001 0.0830916
1 0.507217 0.624541 0.0366871 0.0877438
1 0.838017 0.390004 0.0375502 0.0672278
1 0.455223 0.290092 0.025931 0.0652812
1 0.680033 0.466379 0.0324947 0.0709411
1 0.813626 0.465537 0.0339798 0.0667858
1 0.679482 0.393601 0.0314976 0.0743453
1 0.645517 0.465769 0.0306503 0.0720449
1 0.481167 0.289391 0.0282154 0.0657195
1 0.614147 0.466824 0.0281248 0.0715913
1 0.643803 0.282661 0.0263645 0.0558353
1 0.55443 0.466012 0.0267556 0.0706041
1 0.154885 0.617673 0.0437382 0.0802426
1 0.521899 0.468254 0.0333435 0.0736008
1 0.532664 0.285132 0.0269393 0.0568283
1 0.252361 0.400861 0.0400117 0.064993
1 0.806343 0.39023 0.0309593 0.068201
1 0.761309 0.278538 0.0292923 0.0621097
1 0.404166 0.290051 0.0268472 0.0596245
1 0.298158 0.733706 0.0510269 0.0774208
1 0.226015 0.399794 0.0414169 0.0632555
1 0.408233 0.396754 0.0342201 0.0584779
1 0.788045 0.277475 0.0299764 0.0537834
1 0.435793 0.395583 0.0342905 0.0589885
1 0.350035 0.401614 0.0360765 0.0576334
1 0.335769 0.467904 0.0309352 0.0849434
1 0.72974 0.280587 0.0301428 0.0577096
1 0.197784 0.400291 0.0445625 0.0614703
1 0.582757 0.397003 0.0298689 0.0591598
1 0.176877 0.460839 0.0376885 0.0800175
1 0.61788 0.282277 0.0250511 0.0585445
1 0.522635 0.39624 0.0308865 0.0609494
1 0.472755 0.622607 0.0364143 0.0818168
1 0.700667 0.280533 0.0271753 0.0506519
1 0.55323 0.394397 0.0284616 0.0678183
1 0.583616 0.466428 0.0290924 0.0710683
1 0.505831 0.286821 0.0253939 0.0552371
1 0.125339 0.615767 0.0452073 0.0831613
1 0.0262557 0.734253 0.0491267 0.0791824
