0 0.138839 0.738882 0.0540959 0.0850101
0 0.258426 0.737161 0.0530607 0.0879354
0 0.337352 0.617169 0.0404006 0.0775211
0 0.779202 0.463707 0.0393288 0.0727119
0 0.773305 0.392461 0.0377735 0.0748059
0 0.849178 0.458691 0.0420059 0.0739628
0 0.219456 0.737362 0.0566762 0.0934742
0 0.312782 0.403563 0.0375478 0.0614128
0 0.299665 0.734464 0.0527695 0.0807085
0 0.219332 0.616937 0.0419385 0.0802017
0 0.376223 0.401732 0.0356299 0.0615406
0 0.372618 0.621269 0.049629 0.0853546
0 0.177199 0.739336 0.058681 0.0877455
0 0.0952809 0.737178 0.0556838 0.0841426
0 0.188417 0.619752 0.0453606 0.078964
0 0.289833 0.466116 0.0370456 0.0809673
0 0.205558 0.462749 0.0459186 0.0814226
0 0.613961 0.391427 0.0352121 0.0664002
0 0.489809 0.469466 0.0320948 0.0737247
0 0.578806 0.62366 0.0363243 0.0865141
0 0.386731 0.746783 0.0521429 0.0840404
0 0.404815 0.621186 0.040937 0.0794996
0 0.427897 0.464638 0.0374199 0.0827648
0 0.429614 0.742091 0.0492294 0.0818848
0 0.643705 0.282706 0.0257212 0.055582
0 0.344509 0.739632 0.0522022 0.0791444
0 0.53303 0.286161 0.0268311 0.0568951
0 0.837895 0.625468 0.0413364 0.0890314
0 0.647201 0.388873 0.030423 0.0722973
0 0.764151 0.626127 0.0409938 0.0892741
0 0.12236 0.615428 0.0456971 0.0852993
0 0.614865 0.621113 0.0349695 0.0821545
0 0.336317 0.469495 0.0318284 0.0839858
0 0.395581 0.469605 0.0371227 0.0781202
0 0.542221 0.621715 0.0367175 0.0804733
0 0.812573 0.465027 0.0357414 0.0677979
0 0.436041 0.396736 0.0344769 0.0592346
0 0.223979 0.401178 0.0401533 0.0633906
0 0.788087 0.277757 0.0311935 0.0551022
0 0.505879 0.62464 0.03675 0.087021
0 0.302984 0.618655 0.0392426 0.0711704
0 0.456009 0.46988 0.0305449 0.0758939
0 0.471095 0.621484 0.0358976 0.0812088
0 0.439535 0.622045 0.0406297 0.0806097
0 0.689445 0.628827 0.041389 0.0847343
0 0.312437 0.289417 0.0370757 0.0659276
0 0.198142 0.402009 0.0430009 0.0588601
0 0.802557 0.629469 0.0449879 0.0929546
0 0.46627 0.396479 0.0341881 0.063719
0 0.680831 0.466864 0.0309814 0.0724064
0 0.838057 0.391388 0.0369366 0.0664947
0 0.740324 0.390849 0.0329311 0.0698888
0 0.64695 0.465807 0.0309126 0.0719538
0 0.511019 0.74885 0.0462624 0.0875814
0 0.709766 0.390265 0.0359055 0.0722265
0 0.260506 0.291184 0.0354971 0.0664921
0 0.727325 0.626118 0.0417146 0.0827593
0 0.583666 0.466912 0.0311099 0.0713231
0 0.408911 0.396459 0.0334661 0.0590484
0 0.367982 0.467622 0.0415751 0.0820745
0 0.253005 0.622376 0.0431119 0.0782342
0 0.746895 0.466811 0.0327833 0.0723412
0 0.286171 0.290782 0.0335922 0.066914
0 0.651091 0.625996 0.0366535 0.0807035
0 0.805639 0.390293 0.0336414 0.0718447
0 0.0598219 0.735281 0.0552324 0.0789412
0 0.712002 0.466106 0.0360188 0.0679651
0 0.731141 0.281356 0.0299055 0.058611
0 0.520167 0.467951 0.0342488 0.0727961
0 0.336309 0.291153 0.0351289 0.0646538
0 0.49627 0.396111 0.0322969 0.0614515
0 0.232433 0.459099 0.0392729 0.0875832
0 0.583045 0.396772 0.0299391 0.0621423
0 0.553807 0.394477 0.029738 0.0702052
0 0.561181 0.283617 0.0249632 0.0537902
0 0.151867 0.618771 0.0464849 0.0801861
0 0.261036 0.467022 0.0401718 0.08121
0 0.679654 0.394001 0.03111 0.0743123
0 0.47111 0.745455 0.0430077 0.0866323
0 0.377287 0.28845 0.0324612 0.0644483
0 0.589759 0.283684 0.0294418 0.0588712
0 0.761217 0.280133 0.0271144 0.065038
0 0.673194 0.282055 0.0275561 0.0538916
0 0.236126 0.288496 0.0377062 0.0627831
1 0.875695 0.62239 0.0480057 0.088443
0 0.281037 0.401447 0.0389965 0.0589844
0 0.614314 0.467162 0.0288628 0.0716627
0 0.250703 0.401748 0.0385639 0.0632769
0 0.429998 0.290073 0.0264328 0.0636417
0 0.506199 0.287312 0.0259195 0.0539059
0 0.350768 0.401587 0.0359684 0.0591825
0 0.522176 0.39573 0.0312239 0.0620368
0 0.481477 0.288465 0.0279709 0.0619911
0 0.816981 0.274625 0.0374649 0.061713
0 0.618635 0.283113 0.0254566 0.0601783
0 0.404455 0.290619 0.0277848 0.0579947
0 0.455631 0.289262 0.0262529 0.0656407
0 0.176328 0.460689 0.0371801 0.0772318
0 0.70155 0.28126 0.0282463 0.0530499
0 0.552365 0.466526 0.0262663 0.0706289
0 0.0265319 0.732733 0.0492837 0.0723979
