1 0.401091 0.28969 0.0278431 0.058685
1 0.440186 0.61993 0.0392415 0.0784908
1 0.615585 0.622612 0.0385273 0.0810376
1 0.337719 0.620244 0.0437489 0.0744246
1 0.496873 0.399386 0.0298597 0.0602272
1 0.337748 0.289628 0.0338813 0.0609216
1 0.42643 0.289088 0.0279636 0.0580443
1 0.61611 0.469042 0.0343417 0.0700148
1 0.466891 0.399702 0.032214 0.0607465
1 0.304842 0.620923 0.0402275 0.0725159
1 0.218629 0.620125 0.0419912 0.0722722
1 0.157707 0.617476 0.0445571 0.0740669
1 0.542469 0.622246 0.0351097 0.0763751
1 0.710866 0.393057 0.039199 0.0644313
1 0.136721 0.739737 0.0509174 0.0793367
1 0.37181 0.619909 0.0380656 0.0747383
1 0.256606 0.621613 0.0446461 0.0719522
1 0.31238 0.289561 0.035033 0.0615484
1 0.375484 0.290138 0.02832 0.059478
1 0.253316 0.406534 0.0335281 0.0568259
1 0.743828 0.392255 0.0365429 0.0659094
1 0.506727 0.286939 0.0312042 0.0582596
1 0.282183 0.406543 0.0359932 0.0568727
1 0.491022 0.469035 0.0361251 0.0729492
1 0.380248 0.40556 0.0341927 0.0573579
1 0.47942 0.287489 0.0312135 0.057962
1 0.618492 0.395367 0.0305869 0.0602835
1 0.533701 0.286914 0.0323708 0.0579572
1 0.405563 0.61988 0.0401424 0.0769621
1 0.312796 0.406891 0.0371921 0.0558737
1 0.452534 0.288259 0.0290017 0.0577085
1 0.584765 0.396248 0.033473 0.0608118
1 0.186292 0.618427 0.0466023 0.0735939
1 0.509421 0.621111 0.0381856 0.0764267
1 0.729262 0.285256 0.0307153 0.0577942
1 0.657018 0.622637 0.0384258 0.0830292
1 0.715478 0.467732 0.035272 0.0717945
1 0.39579 0.472362 0.0333349 0.0863387
1 0.67782 0.393138 0.0316001 0.0622019
1 0.679214 0.467285 0.0313689 0.0696966
