1 0.370054 0.618944 0.0407912 0.0754771
1 0.466621 0.397895 0.033465 0.063496
1 0.505395 0.287861 0.0305962 0.0562906
1 0.438904 0.619764 0.0403067 0.0764203
1 0.479488 0.288018 0.0290584 0.0561915
1 0.157389 0.61765 0.0466285 0.0753498
1 0.426627 0.288781 0.0273578 0.0564711
1 0.839356 0.392196 0.0377809 0.06637
1 0.338613 0.289972 0.0346322 0.0608802
1 0.615142 0.468972 0.0345022 0.0719411
1 0.713807 0.467151 0.0359649 0.0724408
1 0.543347 0.620715 0.0366794 0.0761247
1 0.37581 0.29008 0.0280989 0.0581687
1 0.509254 0.620708 0.04191 0.0762986
1 0.312611 0.289195 0.0358168 0.0610099
1 0.401542 0.28951 0.0279374 0.0571491
1 0.216811 0.618176 0.0403407 0.0739476
1 0.531356 0.287785 0.0286128 0.0544087
1 0.682049 0.46732 0.0353602 0.0716009
1 0.815543 0.466126 0.0384645 0.0725785
1 0.45348 0.288209 0.0284786 0.0561889
1 0.405696 0.619531 0.038523 0.0757302
1 0.258096 0.290367 0.035719 0.0604197
1 0.187543 0.617433 0.0430973 0.0744533
1 0.435946 0.399347 0.0349089 0.0617665
1 0.369036 0.468789 0.0353276 0.0764182
1 0.580249 0.620327 0.0369438 0.0787775
1 0.340645 0.469222 0.0359744 0.0768421
1 0.491483 0.468651 0.0350137 0.0710088
1 0.496814 0.396823 0.0294727 0.0637518
1 0.657167 0.621606 0.0402861 0.0803661
1 0.334782 0.619113 0.0459447 0.0749002
1 0.473873 0.620295 0.0317422 0.0760183
1 0.261118 0.466081 0.0407284 0.0771567
1 0.405038 0.404304 0.032337 0.0606607
1 0.52406 0.468667 0.0281826 0.071635
1 0.615958 0.395629 0.0329487 0.0638441
1 0.557584 0.287517 0.0290228 0.0520756
1 0.312772 0.405267 0.0381241 0.059221
