1 0.176216 0.740319 0.0604612 0.0922373
1 0.136158 0.740052 0.0557467 0.0874208
1 0.787961 0.278386 0.0326316 0.0564883
0 0.761141 0.279289 0.02864 0.0632493
1 0.300172 0.735034 0.0528974 0.0809942
1 0.773621 0.393214 0.0377163 0.0761995
1 0.253892 0.622861 0.0437555 0.0758556
0 0.806013 0.390089 0.0335861 0.0714284
0 0.428978 0.743301 0.0505568 0.0828833
1 0.258646 0.738121 0.0544387 0.0888767
1 0.094748 0.738968 0.0547572 0.0854343
1 0.84795 0.459914 0.0430508 0.0761568
0 0.386811 0.746657 0.052089 0.082766
1 0.689851 0.629409 0.0430085 0.0841009
0 0.30327 0.619377 0.0394644 0.0711658
0 0.407825 0.396401 0.033168 0.0577923
1 0.219775 0.616802 0.0423446 0.0786569
1 0.64722 0.466507 0.0313835 0.0729486
1 0.471051 0.742955 0.0447184 0.0854614
0 0.0578452 0.736131 0.0539243 0.0799294
1 0.1226 0.61449 0.046428 0.0837231
1 0.376927 0.399901 0.0346715 0.0623503
1 0.337556 0.617597 0.04132 0.0778099
0 0.312606 0.40322 0.0379705 0.0627211
1 0.373689 0.621731 0.0501462 0.0849283
1 0.186672 0.619246 0.0476878 0.0803165
1 0.673368 0.28193 0.0274836 0.0533252
1 0.405476 0.622295 0.0424568 0.0810537
1 0.259257 0.291313 0.0360461 0.0666556
1 0.583896 0.466784 0.0317261 0.0712367
1 0.876435 0.623903 0.0515327 0.0915556
0 0.219477 0.737802 0.0553126 0.0934509
1 0.280969 0.401471 0.0404148 0.0622076
0 0.741865 0.391325 0.0329707 0.0703604
1 0.43957 0.621902 0.0411072 0.0799325
1 0.520031 0.467045 0.0321054 0.0723019
0 0.34446 0.740172 0.0525217 0.0805111
1 0.466785 0.396594 0.0352964 0.0649519
1 0.728027 0.626847 0.0427921 0.0848829
1 0.765001 0.625721 0.0414886 0.0891365
1 0.505457 0.625302 0.0365175 0.0872381
1 0.368066 0.46743 0.0432259 0.0830534
1 0.579627 0.623391 0.0365779 0.0852049
1 0.311748 0.290278 0.0369764 0.0658848
1 0.481822 0.288687 0.0273561 0.0607002
1 0.435475 0.396193 0.0339832 0.0598545
1 0.801551 0.627743 0.0449825 0.0917728
1 0.680046 0.393372 0.0314036 0.0740487
1 0.471228 0.621893 0.036936 0.0815983
1 0.583323 0.396426 0.0302613 0.0619034
1 0.615124 0.621437 0.035405 0.0818357
1 0.284468 0.291944 0.0351748 0.0677747
1 0.378303 0.288671 0.0342623 0.0646632
0 0.838926 0.390928 0.0374554 0.0675697
1 0.4571 0.468898 0.0308594 0.0745518
1 0.542597 0.621261 0.0370886 0.0802061
1 0.395841 0.468607 0.0376985 0.0781422
1 0.651339 0.625561 0.0376993 0.0824261
1 0.709411 0.389972 0.0367884 0.0718353
1 0.61409 0.391984 0.0352336 0.0645615
1 0.428244 0.465296 0.0368169 0.081319
1 0.511785 0.748441 0.0444401 0.0854395
1 0.614126 0.466578 0.0284603 0.0712337
1 0.778813 0.464033 0.0403069 0.0754932
1 0.152793 0.617957 0.043983 0.0815527
1 0.455769 0.288868 0.027566 0.0647582
1 0.745658 0.466221 0.0342013 0.0734743
1 0.203748 0.462361 0.0439599 0.0816015
1 0.496647 0.396339 0.0317727 0.0614582
1 0.222694 0.400747 0.0431722 0.0628212
1 0.261346 0.468313 0.0416976 0.0796066
1 0.561119 0.28283 0.0259056 0.0555545
0 0.646792 0.388626 0.0304914 0.0722346
1 0.591135 0.28433 0.0298876 0.0613311
1 0.290766 0.465731 0.0382053 0.0807856
1 0.43043 0.290962 0.0262003 0.0618443
0 0.70104 0.281202 0.0271168 0.0527626
0 0.554826 0.395593 0.0282523 0.0654025
1 0.812172 0.465731 0.0344067 0.0673884
1 0.490036 0.468792 0.0325561 0.0729115
1 0.335187 0.468265 0.0309823 0.0867121
1 0.55214 0.465256 0.0274175 0.0696953
1 0.250806 0.401528 0.0404515 0.0647822
1 0.711879 0.465885 0.0346989 0.0667614
1 0.506606 0.287117 0.024876 0.0529765
0 0.817489 0.275954 0.0381061 0.0654873
1 0.532646 0.285896 0.0256454 0.0559515
1 0.643661 0.282256 0.0261118 0.0556224
1 0.405091 0.291163 0.0265765 0.057363
1 0.837939 0.625 0.0406876 0.0884623
1 0.522467 0.395881 0.0306055 0.0615499
0 0.731694 0.28147 0.030778 0.0605708
1 0.350765 0.401476 0.0364458 0.0605821
1 0.232163 0.462224 0.0415886 0.0846189
1 0.194698 0.401668 0.045088 0.0614826
1 0.680867 0.467068 0.0321302 0.0714129
1 0.335294 0.291094 0.0337631 0.0631985
0 0.619604 0.283294 0.0239499 0.0587808
0 0.176329 0.462221 0.0379647 0.0781242
0 0.234785 0.290438 0.036181 0.063672
1 0.175393 0.461389 0.0379983 0.0786405
