0 0.137935 0.739399 0.0549229 0.08619
0 0.312775 0.4041 0.0376391 0.0614081
0 0.257706 0.736731 0.0533045 0.0875225
0 0.779663 0.463966 0.039294 0.0727757
0 0.372588 0.621421 0.0497035 0.0863012
0 0.176778 0.739927 0.0585263 0.0906104
0 0.429542 0.742768 0.0497547 0.0821756
0 0.0945133 0.73825 0.056336 0.0855974
0 0.375376 0.40264 0.0362235 0.0609642
0 0.614397 0.391647 0.0350018 0.0666284
0 0.337765 0.616935 0.0396585 0.0777563
0 0.533358 0.286055 0.0264065 0.0568954
0 0.774193 0.39292 0.0380354 0.0755748
0 0.290332 0.46624 0.0379323 0.0812168
0 0.489947 0.469484 0.0321325 0.0743402
1 0.47114 0.622604 0.0369706 0.0820347
0 0.218247 0.736948 0.0547226 0.0931076
0 0.299682 0.734149 0.053375 0.0794428
0 0.54241 0.622594 0.0364798 0.0807365
0 0.6476 0.388953 0.0304379 0.0725382
0 0.850307 0.459468 0.0429266 0.0760451
0 0.578967 0.623973 0.0363623 0.0862145
0 0.404798 0.621828 0.0410564 0.0799152
0 0.344096 0.739444 0.0518625 0.0788296
0 0.764528 0.626385 0.040701 0.0895151
0 0.428269 0.464321 0.0376736 0.0831439
0 0.64448 0.282485 0.0261938 0.055118
0 0.435696 0.396837 0.0348176 0.0598113
0 0.223931 0.40089 0.0399817 0.0633864
0 0.386594 0.746606 0.0517571 0.0836537
0 0.187872 0.619095 0.0462778 0.0800037
0 0.465929 0.396695 0.0344234 0.0636612
0 0.456089 0.469695 0.0311282 0.0754681
0 0.395617 0.469368 0.0371034 0.0784937
0 0.788717 0.277101 0.0316139 0.0539268
0 0.813636 0.466143 0.0354895 0.0692268
0 0.615035 0.621644 0.0349325 0.0823969
0 0.875909 0.622757 0.0492786 0.0892508
0 0.806488 0.390041 0.0333666 0.0720859
0 0.122234 0.616367 0.0470308 0.0853954
0 0.218481 0.616946 0.0416793 0.0792583
0 0.52032 0.468225 0.0341969 0.0733227
0 0.647908 0.466925 0.0309761 0.0724804
0 0.741135 0.391413 0.0327801 0.0701453
0 0.727987 0.626077 0.042028 0.0823362
0 0.651253 0.626309 0.036869 0.0815175
0 0.747341 0.466865 0.0332647 0.0725206
0 0.506141 0.62511 0.0370789 0.0878612
0 0.584294 0.46702 0.0315693 0.0712696
0 0.689708 0.630092 0.0416928 0.0855559
0 0.681406 0.46723 0.0314995 0.0707146
0 0.439598 0.622821 0.0411158 0.0795685
0 0.336 0.469476 0.0316855 0.0831429
0 0.511057 0.749171 0.0462549 0.0869438
0 0.204484 0.462271 0.0429718 0.0816843
0 0.368127 0.467902 0.0421506 0.0822314
0 0.839584 0.390857 0.0369314 0.067001
0 0.377377 0.288075 0.0324025 0.064167
0 0.710392 0.39032 0.0356922 0.072392
0 0.838419 0.625003 0.0410198 0.0888945
0 0.0592039 0.734815 0.0550726 0.077626
0 0.285122 0.291276 0.0336839 0.0661475
0 0.554176 0.395487 0.0297165 0.0679924
0 0.590635 0.283752 0.0297836 0.0598773
0 0.731879 0.280857 0.0301302 0.0594639
0 0.312005 0.289551 0.0373937 0.0652299
1 0.25256 0.621086 0.0433879 0.0761963
0 0.496496 0.396176 0.0326069 0.061114
0 0.259564 0.290984 0.0352442 0.0651415
0 0.408072 0.396852 0.0338121 0.0593135
0 0.80294 0.629505 0.0451416 0.0936205
0 0.762382 0.278309 0.0284168 0.0644317
0 0.615049 0.467237 0.0289192 0.0717146
0 0.68028 0.393813 0.0316711 0.074485
0 0.470381 0.74442 0.0426274 0.0842762
0 0.56143 0.283681 0.0252049 0.0540615
0 0.583327 0.396219 0.0299148 0.0621896
0 0.232316 0.460035 0.0394249 0.087125
0 0.260892 0.46719 0.0407875 0.081588
0 0.33623 0.291083 0.0345893 0.0636277
0 0.235534 0.288899 0.0366134 0.0612666
0 0.712316 0.466633 0.0352188 0.0677456
0 0.28057 0.401443 0.0394811 0.0601629
0 0.817723 0.274349 0.0366848 0.0621431
0 0.67382 0.281662 0.0276173 0.0536363
0 0.481717 0.288444 0.0281818 0.0620362
0 0.151953 0.618465 0.0468003 0.0806965
0 0.404506 0.290324 0.0278208 0.059082
1 0.303789 0.618342 0.03989 0.0706764
0 0.522332 0.395911 0.03117 0.0612864
0 0.506421 0.28755 0.025862 0.0546159
0 0.249999 0.401643 0.0376972 0.0636742
0 0.351101 0.401958 0.0358171 0.0586742
0 0.430169 0.290196 0.0263871 0.0636501
0 0.198599 0.401763 0.0418867 0.0589485
0 0.619071 0.283059 0.0251944 0.0598252
0 0.702146 0.280676 0.0278561 0.0523729
0 0.552402 0.465595 0.0272608 0.0673214
0 0.455878 0.289231 0.0261545 0.0648878
1 0.176751 0.46054 0.0365174 0.0785873
0 0.026018 0.732288 0.0491604 0.0722431
