1 0.741375 0.39288 0.0365346 0.0688772
1 0.614876 0.397928 0.033492 0.0612126
1 0.338113 0.290956 0.0359244 0.0635591
1 0.158444 0.619092 0.0485802 0.0757562
1 0.646029 0.397721 0.030972 0.0619697
1 0.544162 0.622191 0.0364875 0.0799113
1 0.18872 0.61929 0.045483 0.0750642
1 0.438238 0.621632 0.0415576 0.0789527
1 0.337407 0.742362 0.0472106 0.0802082
1 0.490858 0.468318 0.0360667 0.0732461
1 0.480633 0.289419 0.0304242 0.05818
1 0.505516 0.288776 0.0319347 0.0584973
1 0.707924 0.394038 0.0360712 0.0665487
1 0.375823 0.290532 0.0293706 0.0613479
1 0.401624 0.290314 0.0294231 0.0604001
1 0.582513 0.398214 0.0319677 0.0600844
1 0.31268 0.290672 0.0355868 0.0632859
1 0.40596 0.621455 0.039948 0.0769667
1 0.340225 0.468494 0.0366489 0.0763401
1 0.559486 0.287975 0.0314598 0.0573139
1 0.377605 0.405832 0.0327905 0.0584109
1 0.201538 0.4645 0.0380827 0.0756888
1 0.234276 0.291213 0.0382042 0.0619376
1 0.676299 0.395279 0.0309838 0.0646539
1 0.427327 0.289985 0.029214 0.0591629
1 0.591088 0.287638 0.0335574 0.0569367
1 0.840325 0.39457 0.0367248 0.0660848
1 0.335617 0.619864 0.0454401 0.0736836
