0 0.137288 0.738193 0.0559371 0.086679
0 0.218341 0.737006 0.0551849 0.0903276
0 0.177564 0.738895 0.0572537 0.0886406
0 0.0584929 0.734272 0.0531009 0.0778988
1 0.0954356 0.738054 0.0553811 0.0850907
0 0.386486 0.74631 0.052581 0.0853224
0 0.344088 0.739428 0.0518159 0.0798733
0 0.299929 0.734775 0.0525082 0.0784248
1 0.740119 0.391657 0.034034 0.0698841
1 0.836588 0.62573 0.0412855 0.0833866
0 0.510771 0.748824 0.0477284 0.0881275
1 0.818928 0.275308 0.0370422 0.0642681
1 0.337801 0.617027 0.039689 0.0784664
1 0.376028 0.400223 0.0352442 0.0631301
1 0.395578 0.468671 0.0374954 0.0801846
1 0.54178 0.622665 0.0365366 0.0827623
1 0.428301 0.464104 0.038094 0.0839697
1 0.2812 0.399974 0.0403378 0.0613241
1 0.709013 0.391844 0.0345877 0.0701507
0 0.470398 0.745535 0.0437151 0.0870197
1 0.690549 0.627746 0.0421928 0.0828086
1 0.80663 0.390864 0.0330849 0.0715674
1 0.367161 0.467304 0.0428193 0.0843114
1 0.405444 0.621161 0.0423037 0.0813638
1 0.22158 0.616507 0.0421504 0.0803164
1 0.257401 0.73694 0.0532026 0.0868462
1 0.496557 0.395076 0.0322744 0.0612871
1 0.578247 0.622448 0.036199 0.0839579
1 0.205513 0.462108 0.0433129 0.0818296
1 0.764261 0.625236 0.0400568 0.0900047
1 0.470884 0.621674 0.0354828 0.0811049
1 0.253554 0.622066 0.0414581 0.0765985
0 0.429822 0.742139 0.0489407 0.0825151
1 0.590796 0.282339 0.0298925 0.0590621
1 0.456205 0.469351 0.0315722 0.0760242
1 0.505699 0.623769 0.0370486 0.0860746
1 0.647114 0.464455 0.0310692 0.072879
1 0.489057 0.469351 0.0319037 0.0739864
1 0.408694 0.395924 0.0329491 0.0582264
1 0.614572 0.391484 0.0338696 0.0630793
1 0.262517 0.467728 0.0421931 0.0804052
1 0.30326 0.618361 0.0399525 0.072896
1 0.313088 0.402157 0.0371454 0.0631997
1 0.646633 0.388866 0.0301923 0.0697202
1 0.291347 0.464802 0.0364163 0.0814221
1 0.260335 0.29143 0.0350459 0.0647181
1 0.465971 0.396187 0.0349295 0.0654491
1 0.759125 0.278297 0.0288089 0.0628573
1 0.614219 0.620633 0.0360716 0.0844107
1 0.67257 0.280853 0.0268674 0.0519542
1 0.800741 0.625773 0.0445965 0.0899487
1 0.122433 0.615332 0.0463179 0.0825766
1 0.439346 0.622809 0.0412927 0.0822979
1 0.812028 0.46598 0.0347286 0.0685703
1 0.249717 0.400266 0.0416542 0.0629045
1 0.727926 0.624313 0.0426584 0.0847626
1 0.778005 0.463922 0.0400502 0.0777277
1 0.848087 0.460709 0.0428566 0.0748487
1 0.584064 0.465747 0.0308484 0.0723533
1 0.312038 0.290494 0.0373108 0.065222
1 0.518928 0.467314 0.033013 0.0726662
1 0.152918 0.618629 0.0467127 0.0805641
1 0.532974 0.286993 0.0259724 0.0566125
1 0.236012 0.289018 0.0362071 0.0600201
1 0.55354 0.394291 0.0295258 0.0665014
1 0.372241 0.620121 0.0492375 0.0864275
1 0.679651 0.394209 0.0318348 0.0739929
1 0.336872 0.290757 0.0342878 0.0633443
1 0.730944 0.280348 0.0296043 0.060263
1 0.231729 0.462254 0.0397965 0.0842899
1 0.787597 0.278673 0.0325186 0.0565005
1 0.350636 0.400208 0.0355843 0.0593592
1 0.74557 0.466752 0.0330342 0.0723571
1 0.681341 0.466819 0.0319916 0.0712341
1 0.643817 0.281898 0.0269829 0.0554933
1 0.615336 0.465115 0.0280443 0.0711969
1 0.285693 0.291515 0.0348453 0.065984
1 0.435634 0.395901 0.0334633 0.0601967
1 0.197594 0.400649 0.0419407 0.06044
1 0.774046 0.393161 0.0386578 0.0768209
1 0.1764 0.461853 0.0369787 0.0773628
1 0.711791 0.466785 0.0354457 0.0690562
1 0.480832 0.288851 0.0276567 0.0608799
1 0.429848 0.29159 0.0263272 0.0616956
1 0.187717 0.619431 0.0475303 0.0809268
1 0.651604 0.623946 0.0384471 0.0836451
1 0.377925 0.289572 0.0341379 0.0629628
1 0.335267 0.468705 0.0313886 0.0864267
1 0.837981 0.390835 0.037471 0.0693635
1 0.561324 0.283701 0.0251659 0.0542866
1 0.583111 0.394173 0.0305109 0.0617537
1 0.875394 0.622374 0.0504478 0.0895468
1 0.506321 0.287478 0.026018 0.0539971
1 0.700449 0.279903 0.0283705 0.0505503
1 0.618931 0.281753 0.0241255 0.058269
1 0.551979 0.46588 0.0283676 0.0711758
1 0.52167 0.394936 0.0316271 0.0621433
1 0.222989 0.399785 0.0391851 0.0624665
1 0.403684 0.291648 0.0277069 0.0584955
1 0.455239 0.289218 0.025775 0.0633405
0 0.026418 0.733127 0.0496707 0.0718453
