0 0.138307 0.73887 0.0537576 0.0857184
0 0.258374 0.73754 0.0531844 0.0880402
0 0.773613 0.392428 0.0384151 0.0756678
0 0.375759 0.401555 0.0360989 0.0607399
0 0.405426 0.621006 0.0415926 0.0794426
0 0.77928 0.463467 0.0392274 0.0724491
0 0.372164 0.620425 0.0487245 0.0866177
0 0.31297 0.403262 0.0378076 0.0615704
1 0.337305 0.617026 0.0410376 0.0789875
0 0.29064 0.466086 0.0378758 0.0820747
0 0.299941 0.734554 0.0529222 0.0806896
0 0.838375 0.62405 0.0415413 0.0899439
0 0.614088 0.392146 0.0350267 0.0641493
0 0.219768 0.616842 0.0413269 0.0799444
0 0.579015 0.623519 0.0366985 0.0868153
0 0.336448 0.289601 0.0344344 0.0640454
0 0.224607 0.399831 0.0413931 0.0629296
0 0.68116 0.46683 0.0313757 0.0706911
0 0.0949161 0.737156 0.0565679 0.0857843
1 0.202659 0.462064 0.0440209 0.0807287
0 0.219191 0.737469 0.0555441 0.0929478
0 0.429429 0.742349 0.0493014 0.0811598
0 0.376855 0.287894 0.0331077 0.0648185
0 0.386871 0.746669 0.0522735 0.0827698
0 0.490211 0.469277 0.0320966 0.0735299
0 0.344786 0.739118 0.0527064 0.0787994
0 0.176779 0.739872 0.0589322 0.0874566
0 0.643811 0.28256 0.025515 0.0556448
0 0.647277 0.388963 0.0305622 0.0719713
0 0.435855 0.396726 0.0342462 0.0594562
0 0.520004 0.467886 0.0336891 0.0729881
0 0.280534 0.40076 0.0397418 0.0607191
0 0.727684 0.625572 0.0416996 0.0830051
0 0.615113 0.621017 0.035067 0.0816245
0 0.710005 0.390293 0.0359392 0.0723138
0 0.583356 0.396878 0.0300443 0.0608481
0 0.764442 0.625777 0.0413025 0.0892033
0 0.761439 0.27876 0.0278352 0.064412
0 0.506058 0.624717 0.0367561 0.0873238
0 0.740434 0.390603 0.0323948 0.0694404
0 0.746755 0.466332 0.0331696 0.0726164
0 0.471352 0.621622 0.0357608 0.0799987
0 0.838242 0.391447 0.0366337 0.065854
1 0.312128 0.288991 0.0369437 0.0665978
0 0.651213 0.625714 0.0363336 0.0815438
0 0.554114 0.39565 0.029554 0.0668714
0 0.813163 0.465769 0.0353359 0.0684455
0 0.788173 0.276843 0.031601 0.0549323
0 0.122683 0.615532 0.0455924 0.0863141
0 0.850228 0.459182 0.0432743 0.0760344
0 0.584109 0.46686 0.0310141 0.0711119
0 0.614765 0.466836 0.0295038 0.0715836
0 0.805852 0.390402 0.0330769 0.0704675
0 0.689532 0.629223 0.0408884 0.0863011
0 0.253105 0.62228 0.0431533 0.0776205
0 0.368594 0.467551 0.0409222 0.0824535
1 0.188899 0.619481 0.0443886 0.0781405
0 0.542359 0.621626 0.0365198 0.0801655
0 0.731296 0.280857 0.0300404 0.0589284
0 0.439763 0.622596 0.0409164 0.0784967
0 0.395281 0.46907 0.0363768 0.0775296
0 0.532881 0.286328 0.0264549 0.0571642
1 0.42777 0.464744 0.037112 0.0834713
0 0.470365 0.744299 0.0430826 0.0838132
0 0.259325 0.290532 0.0360162 0.0660025
1 0.261041 0.466824 0.0413383 0.0811131
0 0.511344 0.748704 0.0464344 0.0879069
1 0.465643 0.39615 0.033742 0.0641509
0 0.285521 0.29064 0.0344542 0.0672288
1 0.875453 0.621576 0.0489441 0.0898769
0 0.590103 0.283708 0.0300497 0.0600451
1 0.802437 0.627664 0.0437038 0.09403
0 0.0592059 0.733726 0.0550124 0.0771658
1 0.648062 0.464911 0.0305155 0.0729054
0 0.408789 0.396331 0.0336763 0.058744
0 0.455985 0.469943 0.0309957 0.0760483
0 0.152677 0.61908 0.0469039 0.0792898
0 0.712305 0.466198 0.0359678 0.0682811
0 0.673188 0.282088 0.0280058 0.0544245
1 0.521353 0.395793 0.0321083 0.0620223
0 0.505962 0.287704 0.0259227 0.0543728
1 0.56027 0.28273 0.0253895 0.054676
0 0.81745 0.274766 0.0374294 0.063157
0 0.679815 0.393714 0.0309995 0.0745417
0 0.302599 0.618254 0.0396946 0.072286
0 0.198169 0.400024 0.0432321 0.0605327
0 0.175643 0.460752 0.0361359 0.0757557
0 0.480583 0.288861 0.0285149 0.0597898
1 0.231573 0.457828 0.0410691 0.0886356
0 0.495796 0.395428 0.0325621 0.0637388
0 0.429696 0.290323 0.026502 0.0640171
0 0.250447 0.400544 0.037277 0.0633968
1 0.33569 0.468885 0.0324875 0.0863136
0 0.351543 0.400674 0.0341973 0.058473
0 0.61876 0.283128 0.0253368 0.0600949
0 0.40423 0.290835 0.0277843 0.0588772
0 0.701565 0.28079 0.0280686 0.052467
0 0.454938 0.288525 0.0259988 0.0641058
0 0.235148 0.288716 0.0374472 0.0641962
1 0.552522 0.466269 0.0269068 0.0707672
1 0.0252636 0.734956 0.0478732 0.0761622
