0 0.138231 0.73777 0.0564996 0.0857239
1 0.219884 0.616392 0.0411481 0.0794632
1 0.15682 0.616317 0.0443417 0.0799521
1 0.439563 0.621898 0.041963 0.0815632
1 0.298995 0.733701 0.0519487 0.0808096
0 0.344642 0.737277 0.0549206 0.0788599
1 0.850727 0.458943 0.0444511 0.0763879
0 0.288877 0.465999 0.0377307 0.0808555
0 0.218957 0.736474 0.0548437 0.0930052
1 0.376389 0.401159 0.0354126 0.061215
0 0.261133 0.288842 0.0358988 0.0650233
1 0.368973 0.465135 0.0425492 0.0838032
1 0.337298 0.616759 0.0401862 0.0777256
0 0.805808 0.389886 0.0331068 0.0705475
1 0.652895 0.624849 0.038156 0.0830067
1 0.252831 0.621734 0.0421082 0.0763636
0 0.177434 0.738411 0.0584897 0.0889305
1 0.313792 0.402981 0.0382742 0.0614222
0 0.096262 0.735952 0.0548178 0.0839685
1 0.372185 0.620384 0.0496519 0.0827923
1 0.61459 0.390597 0.0343571 0.0658248
1 0.260498 0.466703 0.0408481 0.0802124
0 0.387488 0.744355 0.0519344 0.0846388
0 0.534043 0.284976 0.026324 0.0571298
0 0.253118 0.400112 0.0419152 0.0637837
1 0.465292 0.395418 0.0346527 0.0626605
0 0.690512 0.627224 0.0402404 0.0838278
1 0.378384 0.287927 0.0319537 0.0632687
0 0.471599 0.745478 0.0439766 0.0887771
0 0.489525 0.468581 0.0339762 0.0749002
1 0.813488 0.46612 0.0359587 0.0700849
1 0.257985 0.735519 0.053756 0.0884169
1 0.777899 0.462917 0.0412884 0.0761452
0 0.739915 0.389744 0.0330593 0.0702695
1 0.55272 0.395438 0.0302854 0.0653044
1 0.124051 0.61524 0.0464396 0.0808203
0 0.176788 0.46014 0.0382073 0.0774126
0 0.225509 0.399607 0.04311 0.0636846
0 0.429208 0.740879 0.048387 0.0831784
1 0.614949 0.619814 0.0361996 0.0843664
1 0.816274 0.274404 0.0361944 0.0632228
0 0.678944 0.393384 0.0315243 0.0721087
1 0.303204 0.617483 0.0389076 0.0722093
0 0.231999 0.461539 0.0393019 0.082083
0 0.395906 0.467075 0.0373015 0.0774298
1 0.542411 0.62037 0.0352425 0.0798189
1 0.875375 0.622325 0.0506914 0.0895256
1 0.72675 0.623419 0.0412604 0.0801637
1 0.189086 0.61704 0.0430071 0.0807535
1 0.337453 0.289282 0.0344399 0.0639926
0 0.31194 0.288951 0.0374582 0.0657833
0 0.681866 0.465488 0.0312367 0.0703423
1 0.800251 0.627658 0.0455257 0.0922983
0 0.646824 0.388218 0.0302268 0.0718709
1 0.472467 0.621643 0.0365076 0.0823065
1 0.773291 0.392228 0.038012 0.0763175
0 0.838372 0.390738 0.0370277 0.0666944
1 0.762719 0.625075 0.0399574 0.0877457
1 0.836985 0.624335 0.0427479 0.0884321
1 0.577813 0.621745 0.0377604 0.0848392
0 0.51913 0.466018 0.0333529 0.0718649
0 0.508283 0.624388 0.0368939 0.0865824
1 0.404982 0.621218 0.0418766 0.0803255
1 0.197941 0.399589 0.0433923 0.061585
1 0.0608345 0.733676 0.0534252 0.0804843
1 0.455453 0.468505 0.0289438 0.0756655
0 0.285143 0.289713 0.0330585 0.0655168
1 0.649614 0.464938 0.0292669 0.0769382
1 0.205249 0.4615 0.0432453 0.0811037
1 0.428581 0.462198 0.0369738 0.0823025
1 0.435423 0.396127 0.0338475 0.0588058
1 0.673409 0.281068 0.0282438 0.0552966
1 0.583201 0.39606 0.0306225 0.05997
1 0.583113 0.466022 0.0322311 0.0722973
1 0.745395 0.465429 0.032737 0.0708693
1 0.760767 0.278081 0.0292246 0.064098
1 0.282833 0.399393 0.0400295 0.0611974
1 0.408209 0.396602 0.0329352 0.05728
1 0.429864 0.290564 0.0259388 0.0633469
1 0.708829 0.389743 0.035779 0.0721813
0 0.589726 0.282192 0.0311777 0.0602019
1 0.712349 0.464797 0.0338955 0.0657763
1 0.511823 0.747739 0.0470263 0.0874722
0 0.560985 0.282173 0.0240436 0.0540865
1 0.336357 0.467578 0.0304151 0.0863018
1 0.480953 0.28873 0.0285353 0.0609875
0 0.52149 0.395072 0.0316658 0.0596248
0 0.644848 0.281397 0.0262676 0.0570398
0 0.495342 0.395276 0.0328245 0.061074
0 0.351642 0.400032 0.0354605 0.0578571
1 0.616124 0.466288 0.0304342 0.0734121
0 0.506172 0.286588 0.0263405 0.0555511
1 0.787932 0.276223 0.0314926 0.0568153
0 0.730949 0.279274 0.0302927 0.0583986
0 0.455001 0.289287 0.0273624 0.0646784
1 0.619136 0.282138 0.0252522 0.0599013
1 0.702043 0.279365 0.0267555 0.0546985
1 0.236637 0.287426 0.0353172 0.0609311
1 0.552662 0.465369 0.0258264 0.0727016
0 0.404515 0.290323 0.0260963 0.0598178
1 0.0257174 0.733019 0.0486301 0.0791795
