0 0.772627 0.391667 0.0382441 0.0762811
1 0.710351 0.388837 0.0357752 0.0730131
0 0.312052 0.402287 0.0370678 0.0617769
0 0.345711 0.73849 0.052034 0.0769255
1 0.337741 0.616534 0.0411202 0.0800957
1 0.0961687 0.737791 0.0553648 0.0841869
1 0.13765 0.739291 0.0582063 0.0857382
0 0.65002 0.624328 0.0374949 0.0840429
0 0.259443 0.290314 0.0356136 0.0647905
1 0.302705 0.618103 0.0401012 0.073997
0 0.375303 0.401312 0.0362624 0.0629137
1 0.188393 0.619235 0.0441132 0.080561
1 0.77888 0.463081 0.0395884 0.0740206
0 0.440146 0.621258 0.0398245 0.0799584
0 0.471906 0.621744 0.0361532 0.0815424
0 0.746053 0.465181 0.0341876 0.0727102
1 0.680805 0.393016 0.0317408 0.0755754
0 0.613009 0.391641 0.0354332 0.0646878
1 0.368284 0.466945 0.0419352 0.083223
1 0.254383 0.623039 0.0411926 0.0747808
1 0.372433 0.620551 0.0492769 0.0854818
0 0.740775 0.389803 0.0317747 0.0704564
0 0.533857 0.285638 0.0261411 0.0573341
0 0.26195 0.46631 0.0403961 0.0792643
1 0.251294 0.400484 0.0386838 0.0623919
1 0.456325 0.469191 0.0319736 0.0768072
1 0.542372 0.621832 0.036234 0.0804777
0 0.224938 0.399719 0.0422581 0.0625531
0 0.0586879 0.73336 0.0535439 0.0761869
0 0.281358 0.399975 0.0384948 0.059501
1 0.259672 0.735812 0.053659 0.0840467
0 0.387407 0.745244 0.0514874 0.0836872
1 0.877825 0.623961 0.0508795 0.0850223
1 0.219537 0.736656 0.0552092 0.0898462
1 0.494998 0.394874 0.033124 0.0617333
1 0.377068 0.287102 0.0338426 0.0618133
1 0.816294 0.275218 0.0361522 0.0593786
0 0.405248 0.620642 0.0425039 0.0800682
0 0.220975 0.616989 0.0411355 0.0787499
1 0.728819 0.623561 0.0431071 0.0835695
0 0.469807 0.742352 0.0421446 0.0830489
0 0.805603 0.389351 0.0340328 0.0733009
1 0.688984 0.627547 0.0433865 0.0849402
0 0.803403 0.629181 0.0430275 0.0925768
0 0.176798 0.738534 0.0587063 0.0876306
0 0.154086 0.618294 0.0453616 0.0800661
0 0.646513 0.465147 0.0305641 0.071423
0 0.506728 0.624425 0.0358036 0.0864036
1 0.204233 0.460863 0.0431199 0.0776571
1 0.431666 0.291122 0.0260071 0.065331
1 0.848627 0.459148 0.0422693 0.0741633
0 0.614253 0.620254 0.0345245 0.0832971
0 0.428838 0.742524 0.0487816 0.083478
0 0.312005 0.289143 0.0375521 0.0659438
0 0.711304 0.465355 0.0356988 0.0682331
1 0.838535 0.626548 0.0435852 0.0888187
1 0.766531 0.626083 0.042119 0.0905466
1 0.290853 0.465187 0.0373871 0.0810232
0 0.428669 0.463845 0.0367169 0.0837132
1 0.672076 0.281246 0.0277687 0.053886
0 0.583093 0.465694 0.0306389 0.0698862
0 0.284591 0.290745 0.0342371 0.0662435
0 0.511602 0.745638 0.0459192 0.08452
1 0.396088 0.468386 0.0368854 0.0777037
0 0.578867 0.622194 0.0359663 0.0855833
0 0.613866 0.46575 0.0297997 0.0702279
1 0.812346 0.46512 0.034841 0.0690886
0 0.646468 0.387903 0.0314591 0.0726314
0 0.466337 0.396096 0.0316067 0.0627482
1 0.409069 0.396122 0.0347871 0.0599295
1 0.19749 0.4008 0.0422597 0.059134
1 0.761233 0.278049 0.0285816 0.0645486
1 0.235234 0.288111 0.0353924 0.0603766
1 0.519907 0.467191 0.0338915 0.0736333
1 0.787067 0.27671 0.0302073 0.0568061
1 0.700904 0.279474 0.0273064 0.0517864
0 0.560994 0.282096 0.0247688 0.0556467
0 0.405247 0.290015 0.0276322 0.0588783
0 0.590023 0.282324 0.0281475 0.0589077
0 0.335914 0.289487 0.0329803 0.0631532
1 0.337188 0.46826 0.0312428 0.0841356
0 0.481234 0.288704 0.0279776 0.0606508
0 0.506722 0.286732 0.0257341 0.0544394
0 0.643405 0.28095 0.0250995 0.0553591
1 0.490006 0.468515 0.0320978 0.0745195
0 0.300894 0.733844 0.052331 0.0772821
0 0.438064 0.396236 0.0344351 0.0599649
0 0.176417 0.45986 0.0361042 0.074769
1 0.554858 0.394535 0.0290623 0.0672764
1 0.680412 0.465838 0.0305626 0.068026
0 0.12094 0.613224 0.0519442 0.0845218
0 0.583713 0.395867 0.0285196 0.0603894
1 0.231395 0.458193 0.0407886 0.0851505
1 0.838405 0.390955 0.036998 0.0672513
0 0.617968 0.281628 0.0254534 0.0596585
0 0.730222 0.280399 0.0294089 0.0569563
0 0.350099 0.400442 0.0358162 0.0605331
0 0.552991 0.465663 0.0269882 0.0694008
0 0.455694 0.288543 0.0260925 0.063336
1 0.521605 0.395508 0.032025 0.061671
