1 0.216762 0.619717 0.0420556 0.0750562
1 0.337174 0.620949 0.0435102 0.0736411
1 0.815833 0.466663 0.038332 0.0756977
1 0.305843 0.620861 0.0418808 0.0724008
1 0.369182 0.621963 0.0383383 0.0736523
1 0.511065 0.624528 0.0394155 0.0776445
1 0.559902 0.28783 0.0299551 0.055505
1 0.340132 0.4692 0.0366391 0.0777185
1 0.186159 0.620062 0.0450433 0.0757311
1 0.375351 0.291524 0.0292492 0.0621582
1 0.506737 0.289352 0.030653 0.0565061
1 0.680919 0.468444 0.0336173 0.0710552
1 0.714211 0.468103 0.0361719 0.0719798
1 0.311238 0.292266 0.0381859 0.0662691
1 0.54393 0.624655 0.0355719 0.0783996
