1 0.13712 0.740503 0.0559005 0.0890556
1 0.313135 0.402315 0.038708 0.0610971
0 0.0938985 0.738778 0.0576589 0.0870159
1 0.175316 0.740954 0.0579019 0.0924709
1 0.257383 0.739485 0.0551146 0.0873117
1 0.505665 0.62843 0.0367535 0.0897259
0 0.344172 0.740346 0.0519488 0.0797743
0 0.259375 0.290503 0.0357856 0.0653308
1 0.299721 0.737488 0.052354 0.0800667
1 0.57913 0.624258 0.0371948 0.0846249
0 0.386384 0.747251 0.0532835 0.0830699
0 0.774883 0.392216 0.0371456 0.0755782
0 0.469085 0.745969 0.0400076 0.0845884
1 0.373067 0.621308 0.0480587 0.0843432
0 0.584205 0.395979 0.0312105 0.0612092
0 0.542015 0.624123 0.0372715 0.0815372
0 0.408604 0.39701 0.033252 0.0579033
1 0.680197 0.393623 0.0313292 0.0744483
1 0.84942 0.460536 0.0424454 0.0741556
1 0.21991 0.618082 0.0419635 0.0775259
1 0.689323 0.628685 0.041016 0.0843515
0 0.74226 0.390393 0.0320299 0.0695985
0 0.838793 0.625466 0.0414492 0.0894077
0 0.807155 0.390151 0.0331652 0.0712194
0 0.876715 0.623323 0.0494255 0.0864433
1 0.584703 0.467416 0.0320091 0.0733645
1 0.818349 0.274505 0.0364433 0.0629074
0 0.839693 0.389935 0.0360876 0.0662409
0 0.219212 0.738319 0.0546828 0.0901901
1 0.368117 0.467547 0.0416256 0.0841868
1 0.0574091 0.737698 0.0550874 0.0832912
1 0.533835 0.285596 0.0271613 0.0583569
0 0.436035 0.396853 0.0339329 0.0595413
1 0.727274 0.62618 0.0416389 0.0822262
0 0.429386 0.742833 0.0496108 0.0800554
0 0.465374 0.396864 0.0341013 0.0628114
1 0.681881 0.46679 0.0316732 0.0714998
0 0.285028 0.290692 0.0343044 0.0677331
1 0.405953 0.623052 0.0413865 0.0805098
1 0.280444 0.401856 0.0401998 0.0607398
1 0.338335 0.6188 0.0405684 0.0790627
1 0.802424 0.630643 0.0462561 0.0945433
1 0.37731 0.287509 0.03117 0.0652962
1 0.395253 0.469715 0.0358028 0.0765638
1 0.427988 0.467349 0.0343955 0.0808202
1 0.650711 0.625138 0.0366182 0.0831816
1 0.813099 0.466042 0.035077 0.0695335
1 0.187081 0.619105 0.0450267 0.079634
0 0.644548 0.28135 0.0264259 0.0568753
1 0.121222 0.615935 0.0450906 0.0804735
0 0.554773 0.396146 0.0291732 0.0654026
0 0.710574 0.389555 0.0369589 0.0712421
1 0.311911 0.289345 0.0373897 0.0669741
1 0.747308 0.466675 0.0324312 0.0730602
1 0.455062 0.28864 0.0264468 0.0649063
1 0.780375 0.463882 0.0384024 0.0755142
1 0.455786 0.470627 0.0301483 0.0743063
1 0.33575 0.471078 0.031103 0.0850601
1 0.489795 0.470147 0.0320654 0.0749191
1 0.378534 0.401003 0.0325766 0.0601137
0 0.480498 0.288216 0.0282541 0.0600398
1 0.615762 0.392326 0.0347365 0.0633593
1 0.763991 0.627229 0.0407576 0.0891358
1 0.519969 0.468334 0.0323093 0.0735849
1 0.202146 0.464168 0.0429022 0.0818754
1 0.439506 0.623747 0.0412981 0.082189
1 0.5099 0.749469 0.046505 0.0867752
0 0.589366 0.283096 0.0292782 0.0587898
1 0.253471 0.623204 0.0424377 0.0735781
1 0.647541 0.465604 0.0306538 0.0732494
1 0.506126 0.286287 0.0267447 0.0571902
0 0.495453 0.396243 0.0327379 0.0611346
0 0.56172 0.282289 0.0238707 0.0542307
0 0.647679 0.390321 0.0293947 0.0704461
0 0.222049 0.401495 0.0387903 0.060244
1 0.522196 0.396274 0.0318485 0.0637695
0 0.67399 0.280644 0.0284008 0.0556842
0 0.789163 0.275925 0.0298071 0.0544408
1 0.614961 0.622367 0.0349585 0.0833418
1 0.290113 0.466963 0.0373744 0.0799035
1 0.552417 0.465856 0.0286572 0.070624
1 0.470975 0.624394 0.0359264 0.0820814
1 0.712889 0.466332 0.0364413 0.070693
1 0.261165 0.467965 0.041703 0.0802361
0 0.174265 0.461841 0.0374781 0.0777162
1 0.30269 0.619261 0.0394302 0.0716858
1 0.732341 0.27931 0.0294762 0.0564583
1 0.35358 0.401915 0.0338705 0.0583793
1 0.429715 0.290216 0.0258305 0.064284
1 0.197199 0.401029 0.0423357 0.0597586
1 0.76272 0.278284 0.0286705 0.0641415
1 0.703078 0.279383 0.0271984 0.0535769
1 0.616051 0.467375 0.0278406 0.0727999
1 0.404328 0.290846 0.0273904 0.0596427
1 0.336238 0.289335 0.0340528 0.0656283
0 0.619083 0.281984 0.0250366 0.0604522
1 0.231761 0.462333 0.041802 0.0845487
1 0.24772 0.401762 0.0406026 0.0626812
0 0.23451 0.288026 0.0338866 0.0610719
1 0.151819 0.619245 0.0437043 0.0788845
