0 0.138872 0.739357 0.0546272 0.0852539
0 0.299458 0.735092 0.0525772 0.0812355
0 0.429749 0.741063 0.0499135 0.0813164
0 0.257996 0.737105 0.0532812 0.0873396
0 0.0957854 0.737496 0.0557398 0.0836535
0 0.17779 0.739556 0.0567724 0.0864494
0 0.218474 0.736795 0.0549389 0.0915819
0 0.387419 0.745686 0.0518605 0.0833641
1 0.746418 0.465274 0.033746 0.0726002
0 0.773544 0.392414 0.0375412 0.07487
0 0.709823 0.390529 0.0350465 0.0708994
1 0.339251 0.616015 0.0402892 0.0777136
0 0.838522 0.625845 0.040979 0.0888344
1 0.726936 0.625975 0.0419555 0.0826973
0 0.80582 0.389325 0.0336383 0.0711403
0 0.779069 0.463044 0.0389151 0.072205
0 0.740348 0.390642 0.0330084 0.0693371
1 0.64767 0.464918 0.0304585 0.073421
1 0.312643 0.28971 0.0370185 0.0668609
1 0.578647 0.621458 0.0365305 0.0844677
1 0.36874 0.468169 0.0425833 0.0818045
1 0.377003 0.40153 0.0353931 0.0618531
1 0.848767 0.459532 0.0428234 0.0752756
1 0.689039 0.626975 0.0406233 0.0830271
1 0.496212 0.395441 0.0323934 0.0606048
1 0.58369 0.465973 0.0316919 0.0720297
1 0.816743 0.274782 0.0368977 0.0620428
1 0.672695 0.280697 0.0281767 0.055629
1 0.350436 0.401618 0.0358433 0.0593467
0 0.542261 0.620828 0.036587 0.0824765
1 0.372928 0.61925 0.0468146 0.0828275
0 0.764189 0.626396 0.0407547 0.0872873
0 0.651103 0.623342 0.0363712 0.082987
0 0.344721 0.739514 0.0523145 0.0794918
1 0.466244 0.395763 0.0335451 0.062488
1 0.408779 0.396235 0.0331256 0.0575659
1 0.22402 0.39961 0.0405312 0.0626876
1 0.1892 0.617789 0.0444846 0.0819288
1 0.802383 0.630077 0.0443895 0.0910826
1 0.261994 0.46764 0.040679 0.0797527
0 0.0591905 0.734716 0.0530629 0.0792192
1 0.489235 0.46922 0.032266 0.0750059
1 0.614119 0.391023 0.0346666 0.0651415
1 0.681356 0.465648 0.0322388 0.0694559
1 0.615227 0.619365 0.0355954 0.0838833
1 0.505974 0.623355 0.0370099 0.0867231
1 0.812539 0.465592 0.0357227 0.0679037
1 0.435967 0.395929 0.0341363 0.0595476
1 0.5197 0.467132 0.0340028 0.0744022
0 0.511084 0.74687 0.0468188 0.0885537
1 0.428004 0.464581 0.0368246 0.0825003
1 0.154793 0.617541 0.0455336 0.08223
1 0.221141 0.616815 0.0429952 0.0800044
0 0.614298 0.466529 0.0286791 0.0718044
1 0.303685 0.617281 0.0404329 0.0715357
1 0.439164 0.621509 0.0398419 0.0811836
1 0.405397 0.620838 0.040749 0.0782579
0 0.646567 0.389102 0.030748 0.0696291
1 0.396752 0.467949 0.0379253 0.0786425
1 0.177261 0.461994 0.0384195 0.0796299
1 0.456113 0.469081 0.0314716 0.0765181
0 0.679555 0.392962 0.031465 0.0736128
1 0.481623 0.289098 0.0288477 0.062606
1 0.590284 0.283102 0.0301689 0.060506
1 0.236446 0.288079 0.0377973 0.0616639
1 0.19814 0.400049 0.0432614 0.0607377
0 0.470709 0.743017 0.0418779 0.0840874
1 0.313236 0.403692 0.0385388 0.0612626
1 0.583538 0.395398 0.0298618 0.0596284
1 0.532542 0.286442 0.0261263 0.0572608
0 0.837612 0.389925 0.0363277 0.066624
1 0.471327 0.621516 0.0370445 0.0828456
1 0.286332 0.29086 0.0352249 0.0679107
1 0.253409 0.622077 0.0422983 0.0761314
0 0.787968 0.277789 0.0308649 0.0561843
1 0.64309 0.281826 0.0270161 0.0570497
1 0.378495 0.287797 0.0337019 0.0653259
1 0.522358 0.394535 0.0314963 0.0623089
1 0.291771 0.465569 0.0378471 0.080338
1 0.337388 0.469211 0.031351 0.0865349
0 0.711869 0.465594 0.0355978 0.0676073
1 0.281796 0.400347 0.0392104 0.0604207
1 0.506357 0.287035 0.0255587 0.0534647
1 0.430636 0.290999 0.0259697 0.0627782
1 0.405279 0.290943 0.0274819 0.0585986
1 0.232907 0.462315 0.0407043 0.0837181
1 0.730925 0.280204 0.0310163 0.0583679
1 0.876445 0.622437 0.0491924 0.0886488
1 0.560536 0.282581 0.0250101 0.0572454
1 0.551601 0.464981 0.0274061 0.0713278
1 0.554079 0.394247 0.0293722 0.065876
1 0.260556 0.290008 0.0355775 0.0651465
1 0.33562 0.29103 0.0339039 0.0647984
1 0.25249 0.400872 0.0387723 0.0634138
1 0.207221 0.461721 0.0454181 0.0837137
0 0.761249 0.27883 0.0280901 0.0648126
1 0.700593 0.279918 0.0275446 0.0533162
1 0.619027 0.282178 0.0236476 0.0602147
1 0.455632 0.289142 0.0261744 0.0647026
1 0.123558 0.615442 0.0481906 0.0829069
0 0.0266306 0.732221 0.0497231 0.0752961
