0 0.258085 0.736611 0.0531681 0.086923
1 0.139021 0.739571 0.0558068 0.0867071
0 0.260063 0.291204 0.0363075 0.0646651
0 0.773718 0.392233 0.0380101 0.076444
0 0.0952316 0.738398 0.0560858 0.0853327
0 0.376496 0.401763 0.0353083 0.0612914
0 0.290089 0.466778 0.0374324 0.0813044
1 0.351663 0.401754 0.0347957 0.0585483
0 0.61404 0.392025 0.0350749 0.0648154
1 0.218998 0.6191 0.0415293 0.0782105
0 0.312704 0.403815 0.0377092 0.0616776
0 0.372674 0.620612 0.0485393 0.0843857
1 0.727212 0.62567 0.0420403 0.0854763
0 0.29971 0.735043 0.0529257 0.0804569
0 0.647791 0.390547 0.0308454 0.070585
1 0.219007 0.737358 0.0554571 0.0899845
0 0.533603 0.286572 0.0274885 0.0583408
0 0.344406 0.738932 0.0522631 0.0786092
0 0.429327 0.743295 0.0494143 0.0828062
1 0.205315 0.462087 0.0442701 0.0803153
0 0.651115 0.624126 0.0373724 0.0834885
1 0.337574 0.617422 0.0399383 0.0788087
0 0.471762 0.622144 0.0369658 0.0818847
1 0.156973 0.619802 0.0434947 0.0796791
0 0.40768 0.396953 0.0335712 0.0591405
0 0.489452 0.469661 0.0322936 0.0747034
0 0.764201 0.625918 0.041657 0.0905867
0 0.813362 0.466356 0.0357486 0.0686388
1 0.849647 0.460052 0.0430519 0.0759604
0 0.802919 0.628329 0.0444086 0.0934738
1 0.542239 0.621838 0.036953 0.0807554
0 0.681253 0.467181 0.0315937 0.0706104
0 0.589962 0.284265 0.0295952 0.0593302
0 0.7412 0.390952 0.0326721 0.070983
0 0.38684 0.7457 0.0515598 0.0832626
1 0.838474 0.625182 0.0413433 0.089255
1 0.435911 0.396815 0.035038 0.0603394
1 0.787915 0.277856 0.030669 0.0555814
0 0.876056 0.622992 0.0505495 0.0899892
1 0.817054 0.276053 0.0362322 0.0605538
1 0.578568 0.622212 0.0362136 0.0838486
0 0.779122 0.463851 0.0400955 0.0739073
0 0.506279 0.625079 0.0372417 0.0876994
0 0.176554 0.739381 0.0568546 0.0873661
0 0.368002 0.467755 0.0418509 0.0845951
1 0.709541 0.390322 0.0365898 0.0721253
1 0.746035 0.466052 0.0335566 0.0716087
0 0.711945 0.465884 0.0348577 0.0662622
0 0.470481 0.744933 0.0431931 0.0864691
0 0.0589178 0.734516 0.0535285 0.0765745
1 0.123534 0.616063 0.0488231 0.0848465
1 0.615141 0.467301 0.0278616 0.0717466
1 0.260804 0.467873 0.0400522 0.080943
1 0.584221 0.466966 0.0311008 0.0709831
1 0.690113 0.629461 0.0416399 0.0844877
1 0.496719 0.395079 0.0325859 0.0611517
0 0.761631 0.279354 0.0286671 0.0644049
1 0.46537 0.396084 0.0350748 0.0649877
1 0.560878 0.283514 0.0243925 0.0549183
0 0.280742 0.400856 0.0401036 0.0608176
1 0.439343 0.622924 0.0407302 0.0817956
1 0.730992 0.280761 0.0298766 0.0561213
0 0.701634 0.279832 0.0262529 0.0519321
0 0.64398 0.282124 0.0263309 0.0562018
1 0.395838 0.469567 0.0386737 0.0788318
0 0.176935 0.460845 0.0371116 0.0769201
1 0.405923 0.621589 0.0423154 0.0809258
1 0.189088 0.61925 0.0430511 0.0808297
1 0.51154 0.748393 0.0467171 0.0869377
1 0.302658 0.618879 0.0405105 0.0731113
1 0.614153 0.621256 0.03572 0.0850458
1 0.519173 0.468325 0.0326435 0.0727135
0 0.25248 0.622488 0.042218 0.0773282
1 0.431176 0.290639 0.0263609 0.0625366
1 0.31209 0.289274 0.0363384 0.0655044
0 0.647339 0.466383 0.0310957 0.0717931
0 0.456109 0.470398 0.0312224 0.0773548
0 0.377619 0.288811 0.0339349 0.063277
0 0.805691 0.389833 0.0330664 0.0727159
1 0.285203 0.291733 0.0334586 0.0671284
1 0.680518 0.39393 0.0316566 0.0728053
0 0.506687 0.287117 0.0251853 0.0545764
1 0.837698 0.39076 0.0372627 0.0682313
0 0.251525 0.401002 0.0388558 0.0617882
1 0.335259 0.290836 0.0336496 0.0625572
1 0.457416 0.288788 0.0268628 0.0640413
1 0.335965 0.469579 0.0315027 0.0859174
1 0.428043 0.465015 0.0366564 0.0838729
1 0.554035 0.394878 0.0290318 0.0685672
1 0.619038 0.282505 0.0245944 0.0595622
0 0.582957 0.397071 0.0293373 0.0601534
0 0.673508 0.281389 0.0278657 0.0550267
1 0.232522 0.460537 0.0405649 0.0860735
1 0.482176 0.288217 0.0276323 0.0608351
1 0.551979 0.466524 0.0287128 0.0703604
0 0.235231 0.289019 0.0352995 0.0604811
0 0.405094 0.290317 0.0276742 0.0589918
1 0.522734 0.396106 0.0315701 0.0608263
1 0.20846 0.401045 0.0415071 0.0603264
0 0.228055 0.400291 0.0384188 0.0601823
1 0.22491 0.400713 0.0407871 0.0602655
0 0.026918 0.731029 0.0489882 0.068524
