1 0.138487 0.737899 0.054509 0.0869009
1 0.29883 0.734995 0.0524676 0.0818817
1 0.427862 0.465103 0.0371923 0.0807789
1 0.613949 0.390631 0.0345299 0.0649813
0 0.385851 0.74597 0.0522203 0.0865511
1 0.394432 0.46785 0.037667 0.0789282
1 0.219672 0.6168 0.0422281 0.0785454
1 0.187748 0.617926 0.0443443 0.0803522
1 0.470414 0.744794 0.0430708 0.0855476
1 0.778309 0.462736 0.038315 0.0749605
1 0.480919 0.287809 0.0279007 0.0628413
0 0.0957227 0.736634 0.054411 0.0851236
0 0.344243 0.738229 0.0521284 0.0798386
1 0.375962 0.400747 0.0351154 0.0635816
1 0.37294 0.620444 0.0487808 0.0819626
0 0.175463 0.738537 0.0600664 0.0886862
1 0.495832 0.394565 0.0320779 0.0608427
1 0.709415 0.389445 0.0351263 0.0717351
1 0.786944 0.275724 0.0315767 0.0566584
1 0.815737 0.273228 0.037289 0.0629827
1 0.367753 0.465988 0.0408038 0.0847001
0 0.217978 0.736073 0.0546573 0.0940565
1 0.313122 0.402132 0.0389723 0.0646369
1 0.57772 0.621514 0.0365974 0.0836371
1 0.763706 0.62542 0.0410107 0.0897743
1 0.740548 0.390591 0.0325584 0.0691844
1 0.311338 0.289886 0.0360568 0.0658246
1 0.613606 0.62049 0.0363138 0.0857151
0 0.510521 0.747872 0.0466801 0.0886106
1 0.801303 0.627912 0.0438822 0.0932828
1 0.673679 0.279656 0.0276835 0.0538658
1 0.505559 0.625402 0.037379 0.088377
1 0.584005 0.394446 0.0308596 0.0637287
0 0.428451 0.742378 0.0495813 0.082649
1 0.470755 0.623028 0.0363175 0.0829329
1 0.553913 0.392627 0.030211 0.0701007
1 0.256925 0.737531 0.0544202 0.0883734
1 0.0583882 0.735659 0.0545443 0.0802589
1 0.761065 0.277162 0.0281048 0.0641061
1 0.650434 0.623963 0.0369351 0.0826908
1 0.583562 0.465905 0.0319271 0.0729921
1 0.688628 0.626301 0.0410995 0.0863474
1 0.260841 0.466869 0.042079 0.0793848
1 0.123189 0.615413 0.0495443 0.0809316
1 0.646348 0.464182 0.0311312 0.0729298
1 0.726903 0.623052 0.0428448 0.082108
1 0.84785 0.458644 0.0418137 0.0757479
1 0.541848 0.62181 0.0370648 0.0809986
1 0.876156 0.621749 0.050923 0.0885056
1 0.48888 0.468667 0.0320486 0.0751044
1 0.745937 0.464773 0.0338658 0.0725296
1 0.807164 0.389085 0.0343058 0.0688659
1 0.430115 0.289554 0.0258934 0.0647487
1 0.204556 0.46243 0.0435379 0.0807226
1 0.281246 0.400131 0.0396479 0.0617573
1 0.456158 0.468963 0.0307137 0.0747943
1 0.405661 0.620634 0.0398042 0.0788939
1 0.837879 0.624326 0.042771 0.0898935
1 0.337929 0.617313 0.0411373 0.0781849
1 0.522057 0.393649 0.0317461 0.0634813
1 0.81202 0.464045 0.0354443 0.0688737
1 0.253067 0.621902 0.0424509 0.0735014
1 0.519095 0.466738 0.0321402 0.0738121
1 0.646248 0.387814 0.0308018 0.0721049
1 0.731646 0.278696 0.0299564 0.0585548
1 0.336091 0.468968 0.0314623 0.0849846
1 0.680404 0.391922 0.0310614 0.0753288
1 0.455141 0.287983 0.0263781 0.0654048
1 0.376472 0.287343 0.0352977 0.0649123
1 0.533162 0.284708 0.0260643 0.0561213
1 0.290367 0.46606 0.0375407 0.0787208
1 0.285042 0.291059 0.0353198 0.0672184
1 0.439259 0.621787 0.041304 0.0799973
1 0.614883 0.465539 0.0273432 0.0712233
1 0.350947 0.400978 0.0356807 0.0596785
1 0.46561 0.394813 0.034884 0.0629986
1 0.231948 0.462121 0.0398837 0.0798773
1 0.711894 0.464197 0.0345192 0.0666399
1 0.153954 0.617828 0.0435584 0.0802219
1 0.773468 0.391671 0.038656 0.074879
1 0.222099 0.400159 0.0441846 0.0629155
1 0.506472 0.285485 0.0257458 0.0544524
1 0.30264 0.617064 0.0399649 0.072459
1 0.589963 0.282257 0.0294466 0.0590143
1 0.407953 0.396347 0.0327987 0.0603399
1 0.176009 0.46126 0.0377189 0.0773895
1 0.435814 0.395513 0.0348829 0.0598527
1 0.250842 0.401054 0.0400105 0.0637737
1 0.643164 0.281368 0.026553 0.0562564
1 0.259373 0.289919 0.0363231 0.0647581
1 0.194771 0.400738 0.0424226 0.0614023
1 0.618638 0.281855 0.0235589 0.0585967
1 0.56109 0.281888 0.0253298 0.0550371
1 0.68141 0.46463 0.0325258 0.0703085
1 0.701142 0.279215 0.0271551 0.0514668
1 0.234478 0.289067 0.0365843 0.0615001
1 0.335129 0.289582 0.0330304 0.0638148
1 0.403905 0.289895 0.0280519 0.0599867
1 0.839457 0.389975 0.035733 0.0655156
1 0.551585 0.465237 0.0280794 0.0697756
1 0.0229706 0.736022 0.0445726 0.0828675
