1 0.176627 0.739375 0.0594175 0.0909615
1 0.136621 0.738536 0.0563077 0.0869489
1 0.299783 0.734465 0.0523752 0.0797785
1 0.848161 0.459859 0.0425217 0.0764334
1 0.219364 0.616287 0.0419988 0.0784601
0 0.408403 0.396042 0.0334937 0.059339
0 0.429382 0.74165 0.0511882 0.0817307
1 0.787845 0.278764 0.032712 0.0565443
1 0.0952161 0.737884 0.0543975 0.0850323
1 0.186431 0.619038 0.0476599 0.079987
1 0.253415 0.621141 0.0430525 0.0766638
0 0.387107 0.746798 0.0516068 0.0828952
0 0.761159 0.280088 0.0284723 0.0616429
1 0.583957 0.467417 0.0323459 0.0718252
1 0.282042 0.40139 0.0397555 0.060815
1 0.258377 0.737427 0.0539143 0.0884075
1 0.122907 0.615173 0.0460416 0.0827649
1 0.647591 0.466647 0.0315086 0.0740181
0 0.312629 0.403147 0.0375155 0.0622581
1 0.376635 0.399462 0.0348167 0.0625634
0 0.561114 0.284038 0.0261847 0.0557323
0 0.80643 0.390607 0.0332941 0.0701078
1 0.466544 0.396882 0.0352924 0.0659681
0 0.0581567 0.735094 0.0534071 0.0793915
1 0.33792 0.616394 0.0422713 0.0789972
1 0.496379 0.396344 0.0319384 0.0620141
0 0.689808 0.629659 0.0411999 0.085973
0 0.219572 0.737524 0.0556836 0.0934509
1 0.520377 0.467131 0.0319994 0.0724061
0 0.344476 0.739404 0.0525994 0.0785441
0 0.838822 0.391255 0.0370865 0.0670538
1 0.505778 0.625199 0.0363138 0.0871655
1 0.373509 0.620753 0.0504734 0.0841702
1 0.439764 0.621397 0.0408785 0.0803669
1 0.367988 0.467244 0.0427242 0.0822319
1 0.17487 0.461824 0.0393093 0.0793781
1 0.709518 0.390787 0.0356936 0.070987
0 0.681132 0.468006 0.0318701 0.0720148
1 0.471202 0.743232 0.0433569 0.0846382
1 0.223193 0.399426 0.0417171 0.0626138
1 0.259087 0.291686 0.0355479 0.0659529
1 0.875738 0.623564 0.0502659 0.0915409
1 0.802565 0.627691 0.0456112 0.0902181
1 0.457532 0.469318 0.0302559 0.0742401
1 0.405663 0.621678 0.041416 0.0802769
1 0.311401 0.290337 0.0368019 0.0661161
1 0.471011 0.621473 0.0362232 0.081532
1 0.764701 0.625576 0.0410942 0.0884558
0 0.533118 0.286693 0.0251923 0.0558565
1 0.436186 0.396705 0.0341694 0.059866
1 0.650874 0.624951 0.0374199 0.0815892
1 0.284435 0.292009 0.0347714 0.0670626
1 0.579568 0.623051 0.036537 0.0851021
1 0.614805 0.621802 0.03484 0.0824734
1 0.261575 0.468351 0.0412103 0.0796169
1 0.377969 0.288427 0.0339445 0.0636938
1 0.591534 0.284234 0.0297373 0.0616376
1 0.15242 0.617662 0.0438503 0.080584
1 0.456038 0.289241 0.0278641 0.064576
1 0.701218 0.281211 0.0277937 0.0535013
1 0.542426 0.621065 0.037057 0.0806335
1 0.396117 0.468379 0.0374031 0.0780276
1 0.745741 0.467207 0.0345578 0.0733727
1 0.727545 0.625421 0.0422728 0.0853209
1 0.61391 0.39238 0.0351263 0.0643115
1 0.680251 0.393813 0.0308159 0.0735487
1 0.511692 0.74866 0.0448809 0.0854847
1 0.482438 0.288844 0.027976 0.0603597
0 0.817152 0.276881 0.0379963 0.0648435
1 0.251932 0.401244 0.0416454 0.0644545
1 0.61461 0.46723 0.028511 0.0714424
1 0.779498 0.464699 0.0404816 0.076535
1 0.583327 0.396392 0.0304577 0.0615765
1 0.490232 0.468914 0.0327098 0.0727938
1 0.522723 0.396271 0.0312098 0.0609577
1 0.290649 0.465355 0.0369195 0.0804455
1 0.302722 0.617968 0.0404907 0.0715967
0 0.554807 0.395453 0.0279789 0.0652908
1 0.812694 0.46579 0.034321 0.0677923
1 0.4306 0.290654 0.0264074 0.0620908
1 0.673108 0.282365 0.0269825 0.0530796
1 0.507253 0.287196 0.0247978 0.0531074
1 0.837726 0.625615 0.0404623 0.0891681
1 0.350283 0.400879 0.0368331 0.0610301
0 0.732683 0.282229 0.0316822 0.0606833
0 0.234936 0.289949 0.0360832 0.0626679
1 0.428329 0.465399 0.0355705 0.0806793
0 0.739847 0.392011 0.0318529 0.069627
1 0.552194 0.465431 0.0272927 0.0697712
1 0.64361 0.282601 0.0258725 0.055296
1 0.3356 0.468171 0.0308294 0.0862396
0 0.646599 0.388873 0.030718 0.0720764
1 0.195585 0.400522 0.0435767 0.0608148
1 0.405056 0.291176 0.0266735 0.0576463
1 0.232211 0.462022 0.0414111 0.0848083
1 0.711882 0.466461 0.0352701 0.0660413
0 0.619448 0.283775 0.0238977 0.0579734
1 0.335516 0.290988 0.0340706 0.0631669
1 0.204127 0.462071 0.0448021 0.0830572
1 0.772541 0.393827 0.0390244 0.0751008
1 0.0257993 0.735123 0.048187 0.0757979
