0 0.138022 0.740174 0.0540281 0.0852757
0 0.257676 0.738123 0.0546093 0.0882117
0 0.0944332 0.738849 0.057086 0.0845242
0 0.778603 0.46361 0.0397369 0.072792
0 0.337668 0.616682 0.0399869 0.0779266
0 0.219936 0.616794 0.0420076 0.0791421
0 0.218704 0.73744 0.0560693 0.0908735
0 0.77292 0.392637 0.0384213 0.0750653
0 0.372479 0.620905 0.0487558 0.0837542
0 0.613806 0.392046 0.0345364 0.0655203
0 0.313206 0.404169 0.0374386 0.0618956
0 0.764054 0.625396 0.0407236 0.0897638
0 0.176819 0.740055 0.0584612 0.0883371
0 0.532892 0.28567 0.0261838 0.0561856
0 0.299964 0.735696 0.0526971 0.0813341
0 0.344686 0.739632 0.0521803 0.0795799
0 0.386623 0.746668 0.0513952 0.0840625
0 0.260757 0.468193 0.0412709 0.0802462
0 0.428012 0.464006 0.037512 0.0842278
0 0.394901 0.469859 0.0371552 0.0784994
0 0.375872 0.402358 0.0360972 0.0605085
0 0.465633 0.396306 0.0338185 0.0623666
0 0.848733 0.460421 0.0419197 0.0760317
0 0.61486 0.621821 0.0347803 0.0830841
0 0.188186 0.619586 0.045891 0.0780466
0 0.223987 0.400717 0.0400931 0.0631103
0 0.688972 0.627071 0.0411149 0.0858101
0 0.643484 0.281903 0.0258625 0.0546899
0 0.204647 0.462511 0.0442546 0.0817255
0 0.51969 0.467288 0.0332146 0.0726582
0 0.730587 0.280959 0.0304349 0.0588917
0 0.875294 0.621216 0.0486725 0.0891375
0 0.578766 0.624331 0.036875 0.0864565
0 0.47144 0.621215 0.0362793 0.0821434
0 0.83817 0.622824 0.0408306 0.0904583
0 0.281466 0.400601 0.0395164 0.0586031
0 0.740123 0.391167 0.0323938 0.0698453
0 0.506153 0.62477 0.0373217 0.089035
0 0.252625 0.621666 0.0423832 0.0755062
0 0.802205 0.627748 0.0453339 0.0951986
0 0.367626 0.466846 0.0422605 0.0837182
0 0.404843 0.621016 0.04112 0.0789419
0 0.727235 0.624849 0.0420513 0.0821966
0 0.650811 0.623141 0.0360771 0.0809077
0 0.198581 0.401783 0.0412895 0.058193
0 0.64675 0.465418 0.0305471 0.0710659
0 0.805412 0.390204 0.0333052 0.0707655
0 0.489741 0.469178 0.032091 0.0743858
0 0.812814 0.465493 0.0355949 0.0679903
0 0.837706 0.390402 0.0368717 0.0676588
0 0.436018 0.396684 0.0343988 0.0591637
0 0.260064 0.290863 0.0354042 0.0650718
0 0.646613 0.389465 0.0306622 0.0717257
0 0.542027 0.622072 0.0367943 0.0804578
0 0.672653 0.281434 0.0275011 0.053121
0 0.583027 0.467292 0.0306289 0.071266
0 0.439609 0.621927 0.0410753 0.080768
0 0.74619 0.466084 0.033392 0.0715851
0 0.470458 0.746283 0.0437363 0.0865622
0 0.787262 0.277395 0.0317 0.054718
1 0.302778 0.617134 0.0406402 0.0728439
0 0.554354 0.395656 0.029096 0.0668695
0 0.456108 0.469972 0.0313135 0.0772913
0 0.152874 0.618689 0.0444925 0.0777704
0 0.582971 0.39572 0.0296127 0.0632388
0 0.285687 0.290711 0.034295 0.0672661
0 0.336044 0.469399 0.0320226 0.0849596
0 0.335985 0.290858 0.0343634 0.0640762
0 0.312071 0.289664 0.0371784 0.0659047
0 0.428881 0.742893 0.0482401 0.0824076
0 0.408653 0.396813 0.0332964 0.0588195
0 0.250607 0.401132 0.038786 0.0635098
0 0.231948 0.463403 0.0383929 0.0824493
0 0.0589072 0.734974 0.0542467 0.0753966
0 0.506111 0.287548 0.0260702 0.0539964
0 0.123705 0.615335 0.0454107 0.0862883
0 0.680568 0.465522 0.0305895 0.0697929
0 0.496193 0.395523 0.032457 0.0615927
0 0.81588 0.274522 0.0364943 0.0628454
0 0.76062 0.278651 0.0282953 0.0640992
0 0.614439 0.466881 0.028713 0.0706541
0 0.589204 0.283364 0.0288715 0.0584458
0 0.560517 0.283627 0.0249732 0.053821
0 0.711239 0.466323 0.0350756 0.0696583
0 0.37734 0.288609 0.0329254 0.0643418
0 0.679213 0.393263 0.0312378 0.0709723
1 0.290102 0.466352 0.0399417 0.0843939
0 0.48047 0.288786 0.0280317 0.0595347
0 0.510978 0.748611 0.0468428 0.0862163
0 0.404265 0.290371 0.0274954 0.0600435
0 0.42986 0.29014 0.0262393 0.0649384
0 0.350848 0.401748 0.0362555 0.0583093
0 0.177228 0.461027 0.0379838 0.0773999
0 0.709474 0.39077 0.0345592 0.069073
0 0.235999 0.288605 0.036182 0.0605195
0 0.455044 0.288788 0.0259723 0.0638212
0 0.617959 0.283035 0.0255898 0.0596158
0 0.700531 0.280646 0.0275114 0.0519678
0 0.552023 0.466997 0.0266858 0.0710086
0 0.522111 0.395941 0.0313232 0.0603398
