0 0.138554 0.73797 0.0550411 0.086585
0 0.258265 0.736633 0.0540037 0.0893303
0 0.337728 0.616396 0.0410583 0.077006
0 0.779219 0.462233 0.0384998 0.0725561
0 0.300091 0.734913 0.0533426 0.0818928
0 0.176881 0.738697 0.0581193 0.0895474
0 0.313487 0.403261 0.0378796 0.0624106
0 0.218693 0.735993 0.0563565 0.0944903
0 0.773515 0.392506 0.0378151 0.0746537
0 0.405736 0.62034 0.0416505 0.0791149
0 0.387367 0.744605 0.0509378 0.0833973
0 0.812765 0.464368 0.0356783 0.0671453
0 0.219672 0.615442 0.0428755 0.0805387
0 0.224238 0.399654 0.0415019 0.0636017
0 0.4283 0.463805 0.0368744 0.083581
0 0.614187 0.39112 0.0353934 0.0664108
0 0.436123 0.396314 0.03443 0.0598562
0 0.373035 0.619958 0.0494958 0.0839321
0 0.376085 0.40105 0.0358597 0.0607076
0 0.764238 0.62547 0.0410202 0.0893297
0 0.542292 0.619777 0.0365755 0.0790619
0 0.345256 0.738081 0.052924 0.0785681
0 0.395824 0.467918 0.0377725 0.0792461
0 0.0953945 0.736002 0.0567941 0.0853666
0 0.848523 0.458222 0.0426493 0.0744273
0 0.439887 0.62085 0.0414795 0.0789822
0 0.368401 0.465596 0.0424323 0.0834712
0 0.578836 0.622077 0.0369736 0.0853647
0 0.290532 0.465328 0.0381642 0.0815393
0 0.205442 0.46235 0.0449143 0.0812765
0 0.188111 0.618843 0.0473531 0.0792212
0 0.647442 0.389327 0.0297613 0.0700212
0 0.260252 0.288982 0.0349953 0.0652847
0 0.689325 0.628013 0.0411522 0.0837321
0 0.489994 0.469003 0.0327049 0.0751373
0 0.74649 0.464775 0.032489 0.0721601
0 0.456338 0.468716 0.0309612 0.07588
0 0.646865 0.464912 0.0313435 0.071817
0 0.506038 0.623765 0.0367227 0.0868242
0 0.838039 0.623689 0.0408005 0.089043
0 0.72752 0.625179 0.0419376 0.0814121
0 0.644219 0.281459 0.0261104 0.054867
0 0.614892 0.620574 0.0357625 0.0822966
0 0.430104 0.739365 0.0487465 0.0797041
0 0.532992 0.285318 0.0265192 0.0565949
0 0.874879 0.620515 0.049654 0.0880428
0 0.336056 0.289568 0.0349996 0.0650519
0 0.470844 0.741843 0.0418922 0.0845935
0 0.252969 0.621662 0.0430334 0.0776356
0 0.740178 0.389853 0.0333071 0.0701323
0 0.471939 0.620389 0.0354019 0.0808146
0 0.198687 0.401253 0.0419993 0.0580956
0 0.650904 0.623989 0.0368322 0.081059
0 0.176664 0.460078 0.0378351 0.0775951
1 0.520644 0.467638 0.0327969 0.072827
0 0.510767 0.746506 0.0469203 0.0875744
0 0.802484 0.627685 0.0449036 0.0931667
0 0.838007 0.389968 0.0369637 0.0680715
0 0.583224 0.465777 0.0303415 0.0705898
0 0.787767 0.276373 0.0316046 0.0544703
0 0.73098 0.279634 0.0301744 0.0590701
0 0.281759 0.399906 0.0400827 0.0598216
0 0.0595412 0.73371 0.0554353 0.0775038
0 0.232595 0.458895 0.039588 0.0879086
0 0.554559 0.394322 0.0288991 0.067155
0 0.712153 0.46541 0.0364587 0.0682734
0 0.251149 0.400347 0.0385693 0.0643162
0 0.33595 0.468957 0.0309319 0.0853121
0 0.80562 0.389608 0.0338665 0.0719651
0 0.261478 0.466297 0.0401022 0.081525
0 0.465392 0.396603 0.0338688 0.0632972
0 0.679736 0.393173 0.0304785 0.0732373
0 0.312336 0.288326 0.0373102 0.0673513
0 0.377902 0.286866 0.0326009 0.0646162
0 0.709856 0.388915 0.0351963 0.0719792
0 0.408567 0.395995 0.0337358 0.0593529
0 0.680963 0.46568 0.031179 0.0704161
0 0.583398 0.395297 0.0295572 0.0622782
0 0.614226 0.46623 0.0291395 0.0705912
0 0.151812 0.617799 0.0456975 0.079187
0 0.761429 0.278361 0.0276571 0.0634011
0 0.303206 0.617164 0.0399663 0.0709269
0 0.561425 0.282802 0.0254223 0.0544174
0 0.496036 0.395095 0.0325071 0.0626119
0 0.121697 0.614812 0.0473195 0.0845047
0 0.506003 0.286563 0.026198 0.0545699
0 0.40439 0.28922 0.0276223 0.0587226
0 0.590411 0.282695 0.0283878 0.0582671
0 0.285324 0.289579 0.0339138 0.0672069
0 0.480787 0.287753 0.0286316 0.059652
0 0.552438 0.46572 0.0265708 0.0709962
0 0.673076 0.28007 0.026784 0.0524418
0 0.455277 0.287661 0.0267985 0.063842
0 0.816169 0.273328 0.0367817 0.0619388
0 0.352022 0.400933 0.0362301 0.0586982
0 0.4298 0.28927 0.0261986 0.0638267
1 0.522174 0.396615 0.0320082 0.0621397
0 0.236184 0.287031 0.0357091 0.0614602
0 0.61891 0.281944 0.025065 0.0585291
0 0.70111 0.279457 0.0262705 0.0515759
0 0.0263663 0.731659 0.0491997 0.0734291
