1 0.177585 0.739068 0.0582563 0.0896933
1 0.849677 0.459668 0.0424545 0.0770037
0 0.299367 0.734226 0.0525918 0.0810987
1 0.58413 0.466864 0.0326149 0.071303
1 0.138926 0.7395 0.0570642 0.0864367
0 0.258234 0.736168 0.0528397 0.0877081
0 0.429526 0.74173 0.0493837 0.0816231
1 0.647105 0.464342 0.030678 0.0738348
1 0.0954715 0.738365 0.0540612 0.0833929
1 0.542514 0.621297 0.0366814 0.0801703
1 0.673069 0.280618 0.0280448 0.0558837
1 0.741008 0.391744 0.0327569 0.0691188
1 0.377084 0.401205 0.0350313 0.063275
0 0.387363 0.745551 0.0521594 0.0840019
0 0.344419 0.739109 0.0519602 0.078915
1 0.689429 0.627681 0.0413318 0.0825233
1 0.710057 0.391377 0.0350496 0.0710304
0 0.219261 0.736122 0.0544749 0.091984
1 0.368844 0.468176 0.0425941 0.0812585
1 0.312121 0.29023 0.0366795 0.0656055
1 0.22375 0.399798 0.0400925 0.0630049
0 0.0600482 0.734308 0.0529705 0.0770517
1 0.339237 0.615532 0.0402738 0.0770232
1 0.764167 0.626489 0.0402969 0.0887466
1 0.816808 0.275078 0.0370071 0.0619085
1 0.313532 0.403403 0.0389471 0.0616091
1 0.787399 0.277268 0.031481 0.0570256
1 0.408909 0.395934 0.0332335 0.0576908
1 0.615313 0.620889 0.0363031 0.0845831
1 0.505985 0.623544 0.0373039 0.0875726
1 0.801812 0.628177 0.0456718 0.0927156
1 0.651025 0.62522 0.0366436 0.0817089
1 0.519382 0.468061 0.0333243 0.0745531
1 0.37271 0.618938 0.04741 0.0835365
1 0.578918 0.621262 0.0362948 0.0819458
1 0.496332 0.396016 0.0324484 0.0601278
1 0.405843 0.620423 0.0417416 0.0792005
1 0.489479 0.469046 0.0321095 0.0749512
1 0.646644 0.389496 0.031324 0.0702213
1 0.253788 0.621598 0.0417197 0.0747719
1 0.746767 0.466263 0.0323805 0.0704815
1 0.396959 0.467941 0.0387894 0.0786113
1 0.837866 0.625168 0.0416523 0.0896098
0 0.511139 0.747101 0.0455076 0.0861573
1 0.234797 0.289194 0.0374706 0.0626971
1 0.466869 0.396218 0.0344326 0.0626915
0 0.470953 0.744525 0.0430578 0.0861066
1 0.727367 0.625366 0.0413353 0.0821369
1 0.439812 0.620859 0.0402681 0.0805538
1 0.428009 0.464858 0.0369402 0.0815212
1 0.430168 0.291502 0.0257462 0.063693
1 0.774009 0.393209 0.0377499 0.0751936
1 0.336518 0.468723 0.0307462 0.0855014
1 0.80583 0.389433 0.0341722 0.0683284
1 0.18878 0.618621 0.0449113 0.0812293
1 0.26189 0.467396 0.0409628 0.0802441
1 0.303561 0.616665 0.0409448 0.0714256
1 0.435706 0.396209 0.0350153 0.0595274
1 0.813936 0.466009 0.0351666 0.0684135
1 0.876139 0.621707 0.0505444 0.0894633
1 0.456501 0.469086 0.0305369 0.0742867
1 0.679973 0.393893 0.0308353 0.0742031
1 0.481813 0.289348 0.0289593 0.0615937
1 0.7127 0.466107 0.0358599 0.0679232
1 0.590283 0.283143 0.0301886 0.0608414
1 0.23357 0.463022 0.0396742 0.0834332
1 0.613493 0.391285 0.0356838 0.0656881
1 0.154249 0.618714 0.0458635 0.0823583
1 0.50674 0.287479 0.0252451 0.05289
1 0.471257 0.621285 0.0362507 0.0812965
1 0.779731 0.46324 0.040742 0.0740294
1 0.643159 0.281858 0.0269416 0.0570899
1 0.700264 0.279663 0.0268783 0.0527107
1 0.614909 0.466717 0.0277311 0.0710346
1 0.583024 0.396263 0.0297287 0.0597959
1 0.198332 0.399405 0.0443611 0.0626642
1 0.285681 0.291219 0.0346985 0.0671818
1 0.730468 0.280539 0.0309164 0.0586542
1 0.291289 0.465758 0.0377359 0.0800052
1 0.281144 0.400719 0.0388266 0.0603263
1 0.221261 0.617219 0.0435294 0.0784645
1 0.838398 0.390904 0.0365616 0.0681124
1 0.176886 0.461267 0.0380569 0.0786862
1 0.259691 0.291084 0.0356536 0.0664158
1 0.681231 0.466717 0.032148 0.072414
1 0.404743 0.291681 0.0275424 0.0603166
1 0.522607 0.395222 0.0315257 0.0626699
1 0.377574 0.288968 0.0328324 0.0647724
1 0.760951 0.277721 0.0271592 0.0661978
1 0.251559 0.400608 0.0381616 0.0634461
1 0.351656 0.401795 0.0349731 0.058728
1 0.455471 0.289505 0.0270617 0.0651071
1 0.552216 0.465515 0.0274438 0.069313
1 0.561339 0.283749 0.025808 0.0572996
1 0.533009 0.28763 0.0263351 0.0576488
1 0.206115 0.46096 0.0447656 0.0834734
1 0.335656 0.290469 0.0342354 0.0631216
1 0.619413 0.282871 0.0238247 0.0617467
1 0.554959 0.395687 0.0278572 0.0655055
1 0.12632 0.61703 0.0438167 0.0808699
