1 0.336309 0.61972 0.0441029 0.0756276
1 0.258964 0.741404 0.0522464 0.0788177
1 0.21947 0.6192 0.0422865 0.0771547
1 0.61439 0.467641 0.0346385 0.0697863
1 0.711134 0.466928 0.0357471 0.0706697
1 0.816697 0.465558 0.0377921 0.0731945
1 0.43822 0.621028 0.0415821 0.0818111
1 0.366269 0.467484 0.0372003 0.0786968
1 0.487844 0.468255 0.0357304 0.0734319
1 0.837805 0.628145 0.0470053 0.0866032
1 0.369962 0.61966 0.0386304 0.0765912
1 0.613519 0.622842 0.0384729 0.0781276
1 0.187601 0.619036 0.0460808 0.0785223
1 0.519834 0.467588 0.0320524 0.0729263
