0 0.258035 0.73751 0.0532759 0.0877004
0 0.138094 0.74 0.0550393 0.0855288
0 0.312677 0.403295 0.0370151 0.061062
0 0.37631 0.402157 0.0352736 0.0609059
0 0.773931 0.392159 0.0377373 0.0753238
0 0.17661 0.740523 0.0591231 0.0907359
0 0.220101 0.616228 0.0424326 0.0798622
0 0.647257 0.388489 0.0307582 0.07165
0 0.205581 0.462267 0.0449687 0.0818459
0 0.779586 0.463433 0.0394562 0.0734173
0 0.218504 0.737765 0.055655 0.0928312
0 0.490001 0.470019 0.0321103 0.0740579
0 0.614075 0.391661 0.0348943 0.0655244
0 0.290164 0.465905 0.0374439 0.0813793
0 0.520357 0.468004 0.0340744 0.0727094
0 0.0949976 0.738468 0.0566286 0.0850016
0 0.405282 0.621073 0.0413054 0.0796371
0 0.343953 0.739813 0.0519517 0.0792484
0 0.428725 0.464311 0.0370733 0.0830544
0 0.299794 0.735021 0.0518579 0.079376
0 0.456548 0.470241 0.0306051 0.0753058
0 0.533615 0.286157 0.026997 0.0572932
0 0.764566 0.625527 0.0412313 0.0904875
0 0.372734 0.621001 0.0491878 0.085317
0 0.188403 0.618237 0.0454854 0.079213
0 0.466513 0.39677 0.033716 0.0633117
0 0.689619 0.628155 0.0414585 0.0862696
0 0.788182 0.277009 0.0307817 0.0544477
0 0.409075 0.396973 0.0339378 0.0590759
0 0.681338 0.466405 0.0316733 0.0707673
0 0.471624 0.621589 0.0367222 0.0809157
0 0.579024 0.621893 0.0366653 0.0858512
0 0.849524 0.459387 0.0425156 0.0747596
0 0.386995 0.745689 0.0521199 0.0831147
0 0.741007 0.390327 0.0330109 0.0709877
1 0.253991 0.620571 0.0453411 0.0776174
0 0.813392 0.46576 0.0354012 0.0689917
0 0.71044 0.388966 0.0354993 0.074248
0 0.436654 0.396639 0.0339489 0.0587686
0 0.816552 0.274536 0.0363619 0.0606266
0 0.542417 0.622048 0.0367418 0.0820159
0 0.584315 0.466729 0.0316755 0.0715929
0 0.368295 0.466974 0.0421006 0.0829947
0 0.338525 0.616364 0.0396048 0.0795825
0 0.496449 0.395815 0.0326443 0.0615862
0 0.746869 0.466377 0.0328143 0.0731642
0 0.224136 0.400348 0.040412 0.0626905
0 0.876448 0.621534 0.0493858 0.0903798
0 0.647399 0.46583 0.031259 0.0725431
0 0.506048 0.625149 0.0373939 0.0895053
0 0.511447 0.748129 0.0456461 0.087352
0 0.439872 0.62189 0.0409001 0.0806458
0 0.471455 0.74478 0.0428868 0.0863836
0 0.838372 0.623955 0.041787 0.0904891
0 0.614931 0.620724 0.0348117 0.0825695
0 0.802883 0.628063 0.0449467 0.0946109
0 0.80592 0.389374 0.0338871 0.0725963
0 0.761632 0.279269 0.0279253 0.0652988
0 0.336171 0.468969 0.0323174 0.0836584
0 0.644563 0.281589 0.0259846 0.0559706
0 0.727872 0.62551 0.0421179 0.0821175
0 0.429762 0.742067 0.0490468 0.0810558
0 0.7311 0.28031 0.0297663 0.0572966
0 0.650911 0.62488 0.0366497 0.0828388
0 0.260384 0.290123 0.036053 0.0647023
0 0.590051 0.282498 0.0293383 0.0580892
0 0.281332 0.400904 0.0384974 0.0589977
0 0.0590814 0.735308 0.0541642 0.0773458
0 0.232782 0.458272 0.0391782 0.0875104
0 0.712302 0.466207 0.0358959 0.0677973
0 0.336206 0.290328 0.0346674 0.0640807
0 0.614942 0.466912 0.028697 0.0718632
0 0.561211 0.282657 0.0242591 0.0538414
0 0.19909 0.401421 0.0421134 0.0581161
0 0.522175 0.395186 0.0314149 0.0616546
0 0.839009 0.391382 0.0369846 0.0647755
0 0.679932 0.393281 0.0314413 0.0741672
0 0.673252 0.281352 0.0276445 0.0543317
0 0.28532 0.290529 0.0335746 0.0653317
0 0.554757 0.395228 0.0292702 0.0668002
0 0.481033 0.288115 0.0286407 0.0600003
0 0.250814 0.40084 0.0383669 0.0629659
0 0.351757 0.400759 0.0342301 0.0585693
0 0.236319 0.288285 0.0359179 0.0605677
0 0.26091 0.467531 0.0412962 0.0800806
0 0.701693 0.280005 0.0265808 0.051719
0 0.61881 0.281614 0.0255764 0.0597258
0 0.377987 0.288245 0.0330314 0.0605656
1 0.304528 0.616799 0.0413907 0.0717485
0 0.404823 0.289578 0.0270019 0.0599766
0 0.311855 0.289213 0.0373518 0.0655331
0 0.583506 0.396191 0.0295318 0.0618715
1 0.396075 0.469628 0.0368122 0.0763114
0 0.151341 0.618263 0.0482431 0.0799023
0 0.552451 0.465769 0.0275642 0.0679531
0 0.43037 0.289886 0.0259803 0.0633782
0 0.506298 0.286842 0.0258972 0.05475
0 0.455592 0.288584 0.0259587 0.0631021
0 0.176705 0.459402 0.0362078 0.0777383
0 0.120592 0.615726 0.0465048 0.0829898
0 0.0258889 0.732647 0.0484178 0.0711425
