0 0.138758 0.738201 0.0539578 0.0858353
0 0.258544 0.736589 0.0531867 0.0874371
0 0.779339 0.463821 0.0393026 0.0731566
0 0.29071 0.466019 0.0384058 0.0817081
1 0.202975 0.461689 0.0433004 0.0821295
1 0.3368 0.617125 0.0417651 0.0789453
0 0.313301 0.403818 0.038216 0.061857
0 0.372571 0.620873 0.0494376 0.0857154
0 0.681386 0.466827 0.0312488 0.0707551
0 0.773783 0.392342 0.0382456 0.0757696
0 0.376138 0.40255 0.0354123 0.0604181
0 0.838067 0.624495 0.0416449 0.0900976
0 0.219929 0.61646 0.0411087 0.0807858
0 0.299856 0.733992 0.0529466 0.0798788
0 0.336509 0.290207 0.0344406 0.063269
0 0.177205 0.739021 0.0588615 0.0887556
0 0.614059 0.391376 0.0350029 0.0658143
0 0.0948324 0.736498 0.056511 0.0860642
0 0.579256 0.622849 0.0365389 0.0860211
1 0.31203 0.28892 0.0371926 0.066227
0 0.377296 0.28802 0.0333123 0.0641269
0 0.506429 0.624608 0.036676 0.0864914
0 0.21905 0.736034 0.0553308 0.0917394
0 0.489964 0.469493 0.0321663 0.073304
0 0.647203 0.389597 0.0306726 0.0705129
0 0.643803 0.282507 0.0255498 0.0552703
1 0.466086 0.396933 0.0342973 0.0645165
0 0.224172 0.40013 0.0411167 0.0632293
0 0.542402 0.621358 0.0364804 0.0802283
0 0.430017 0.742419 0.0498302 0.0819571
0 0.387007 0.746329 0.0521894 0.0834703
0 0.253234 0.620786 0.0431792 0.0768148
0 0.764117 0.625967 0.0411842 0.0893604
0 0.584249 0.466821 0.0313454 0.0706638
0 0.746669 0.466217 0.0328579 0.0734203
0 0.583216 0.39667 0.0303261 0.0622911
0 0.727232 0.625143 0.0413694 0.0817165
0 0.368979 0.467724 0.0409904 0.0808683
0 0.344501 0.739499 0.052133 0.0791584
0 0.813359 0.465943 0.0359613 0.0689787
0 0.615069 0.621075 0.0348124 0.0822275
0 0.740628 0.390314 0.0327276 0.0703194
0 0.235384 0.28905 0.0370048 0.0638514
0 0.533276 0.286474 0.0261951 0.0568685
1 0.189376 0.619002 0.0450155 0.0782814
0 0.689599 0.629216 0.0405865 0.0868855
0 0.710345 0.389928 0.0357348 0.0724191
0 0.441139 0.621501 0.0384871 0.0795163
1 0.651059 0.625142 0.0366091 0.0812711
0 0.471475 0.621703 0.0354624 0.0802937
0 0.805858 0.390057 0.0328365 0.0707434
0 0.788199 0.276919 0.0316708 0.0556335
0 0.520259 0.468294 0.0328415 0.0723336
0 0.259975 0.291143 0.034502 0.0653312
0 0.731403 0.28106 0.0300603 0.0593603
1 0.407055 0.620838 0.0427677 0.0784714
0 0.837976 0.391165 0.0369352 0.0662317
0 0.15277 0.618151 0.0466255 0.0797232
1 0.874955 0.621998 0.0497944 0.0900097
1 0.260907 0.466781 0.0411771 0.0809063
0 0.470635 0.744745 0.042721 0.0844381
0 0.198614 0.401857 0.0428494 0.0590316
0 0.280686 0.400862 0.0398046 0.0611019
1 0.427904 0.464952 0.0368516 0.0830724
0 0.510974 0.748412 0.045973 0.0869024
0 0.12227 0.614566 0.0462726 0.0861908
0 0.456097 0.470459 0.0308668 0.0765734
0 0.761412 0.279382 0.0274509 0.0650607
0 0.614848 0.46653 0.0290348 0.0708168
0 0.55386 0.394838 0.029825 0.069432
1 0.648343 0.465605 0.0301929 0.0722111
0 0.590197 0.283777 0.0294438 0.0593159
0 0.302724 0.617749 0.0391495 0.0720471
0 0.849783 0.458784 0.0424379 0.0771675
0 0.712263 0.466478 0.0360001 0.068999
1 0.80215 0.628047 0.0439064 0.0938589
0 0.395496 0.469017 0.0367303 0.0775007
0 0.250103 0.400769 0.038098 0.0638834
0 0.672847 0.281808 0.027317 0.0539581
0 0.0593343 0.734123 0.0561864 0.0799488
1 0.231408 0.457651 0.0408298 0.0896843
0 0.68003 0.393666 0.0314362 0.0741398
1 0.408855 0.396566 0.03297 0.0567177
0 0.50589 0.287696 0.0257404 0.0540052
0 0.817371 0.274913 0.037048 0.0622433
0 0.285867 0.290863 0.0342061 0.0669809
0 0.351909 0.401129 0.0334738 0.058587
1 0.52129 0.396262 0.0312767 0.0621449
0 0.480497 0.289115 0.0281899 0.058704
0 0.436256 0.397312 0.0343365 0.0597174
1 0.560425 0.282987 0.0251514 0.0541089
1 0.335625 0.469207 0.0320499 0.086177
0 0.49592 0.395876 0.0323799 0.0637107
0 0.404446 0.290679 0.0271002 0.0588126
0 0.429796 0.290629 0.0262564 0.0637329
0 0.701168 0.28063 0.0265574 0.0520186
0 0.618578 0.283374 0.0255468 0.0601537
0 0.455102 0.289265 0.0261887 0.0629799
1 0.552526 0.465939 0.0267397 0.0690785
0 0.175614 0.461524 0.0359476 0.0778362
1 0.0251519 0.735002 0.0481571 0.0795551
