0 0.337164 0.617148 0.0399588 0.0786272
0 0.257955 0.737385 0.0530843 0.0874072
0 0.138508 0.738975 0.0542975 0.0856672
0 0.313106 0.404159 0.0382256 0.0621113
0 0.779335 0.464211 0.0392597 0.0728421
0 0.0950686 0.737683 0.056642 0.086051
1 0.37251 0.621986 0.0506498 0.0862379
0 0.614158 0.391575 0.0349031 0.0661324
0 0.299752 0.734928 0.0531321 0.0805532
0 0.77403 0.393032 0.037977 0.0747346
0 0.177128 0.739014 0.0587035 0.0889197
0 0.435753 0.397755 0.0348751 0.059408
0 0.520394 0.468305 0.0340912 0.0737282
0 0.218287 0.736878 0.0549469 0.0915831
0 0.290094 0.466274 0.0369521 0.0805391
0 0.647052 0.390013 0.0304819 0.0697744
0 0.533195 0.286246 0.0263044 0.0571334
0 0.205209 0.462739 0.0440661 0.0813911
0 0.875457 0.620784 0.0496153 0.0907049
0 0.838525 0.624283 0.0413246 0.0899612
0 0.188286 0.619698 0.0462318 0.0793875
0 0.57884 0.623437 0.0366924 0.0855294
0 0.219398 0.618117 0.0416146 0.0776689
0 0.386768 0.746278 0.052109 0.0832928
0 0.429848 0.741992 0.0493612 0.0805042
0 0.583832 0.466754 0.0309307 0.0709385
0 0.643984 0.282556 0.0257658 0.0552845
0 0.850191 0.459657 0.0439892 0.0767382
0 0.740928 0.3909 0.0331945 0.0699336
0 0.470677 0.744146 0.042994 0.0830882
0 0.788542 0.277546 0.0314795 0.0552044
0 0.404997 0.621547 0.0413815 0.0808099
0 0.223762 0.401171 0.0401852 0.0632653
0 0.710172 0.390834 0.0359533 0.0716789
0 0.61485 0.621462 0.0349567 0.0820122
0 0.689458 0.629049 0.0415168 0.0856792
0 0.727887 0.626259 0.0419817 0.082082
0 0.5422 0.622301 0.0365374 0.080677
1 0.489893 0.469749 0.0314602 0.0746603
0 0.395542 0.47013 0.037079 0.0787975
0 0.764169 0.625504 0.0412845 0.0882631
0 0.746959 0.466759 0.0332811 0.0720699
0 0.651101 0.625605 0.0364539 0.0815349
0 0.50593 0.625765 0.037377 0.0877749
0 0.471659 0.622407 0.0364678 0.0808949
0 0.198124 0.402322 0.0413776 0.0579489
0 0.673303 0.282105 0.0283863 0.0539639
0 0.344201 0.739801 0.0521249 0.0794045
0 0.122696 0.616586 0.0458565 0.084037
0 0.439571 0.622974 0.0413921 0.0804757
0 0.806219 0.390702 0.0334623 0.0717199
0 0.375746 0.402764 0.0356626 0.0601803
0 0.68105 0.466987 0.0314445 0.0703655
0 0.553639 0.395528 0.0298731 0.0679298
0 0.260106 0.290835 0.0356595 0.0646422
0 0.312282 0.289738 0.0366868 0.0646287
0 0.813068 0.465942 0.0356993 0.0687737
0 0.647387 0.466123 0.0310146 0.0709616
0 0.839298 0.391073 0.0373714 0.0669259
0 0.817672 0.274891 0.0371079 0.0630606
0 0.367964 0.467147 0.0424101 0.0830957
0 0.5108 0.748584 0.0458019 0.0862848
0 0.731264 0.281237 0.030052 0.059357
0 0.560869 0.283189 0.0249777 0.0543795
0 0.456391 0.469858 0.0309456 0.0770573
0 0.285839 0.291015 0.0339683 0.0655652
0 0.712315 0.466618 0.0360909 0.0675701
0 0.261495 0.467502 0.0399398 0.0812038
0 0.614691 0.466624 0.0289487 0.0707098
0 0.232928 0.459236 0.0387849 0.0878826
0 0.762003 0.278784 0.0284492 0.0654886
0 0.40819 0.397232 0.0331539 0.0578938
0 0.0594399 0.734721 0.0546711 0.0785181
1 0.802848 0.628994 0.0442222 0.0937335
0 0.465376 0.397029 0.0346008 0.0632923
0 0.336502 0.2909 0.0345376 0.0634815
0 0.496538 0.396184 0.0330613 0.0618639
0 0.235941 0.288259 0.0367202 0.0608879
1 0.30211 0.619055 0.040382 0.0717972
0 0.589866 0.283539 0.0295597 0.0590205
1 0.252741 0.623923 0.0423822 0.075905
0 0.152592 0.618925 0.0452687 0.0794851
0 0.280869 0.401221 0.0394101 0.0599179
0 0.58342 0.39627 0.0298919 0.0615426
0 0.522427 0.395745 0.0310171 0.0606818
0 0.67968 0.3943 0.0311735 0.0738884
0 0.481251 0.288317 0.0286911 0.0592793
0 0.378024 0.288488 0.0331568 0.0621709
0 0.618786 0.283012 0.0255654 0.0601091
0 0.250236 0.401513 0.0386744 0.0637387
0 0.506312 0.287434 0.0257667 0.0546707
1 0.428498 0.464801 0.0371227 0.0826349
1 0.455671 0.288789 0.0263542 0.0640981
0 0.404682 0.290433 0.0275259 0.0580838
1 0.335612 0.469479 0.0321963 0.08411
0 0.3511 0.401679 0.0349123 0.0592108
0 0.176715 0.46077 0.0376125 0.0778616
0 0.43005 0.289679 0.0258331 0.0628524
0 0.55185 0.465955 0.0277876 0.0681061
0 0.701741 0.28131 0.0280039 0.0533203
0 0.0271089 0.732317 0.0500396 0.071712
