0 0.137765 0.739141 0.0540221 0.0840117
0 0.0944414 0.737271 0.05571 0.0836368
1 0.299075 0.735717 0.0524681 0.0818413
0 0.613378 0.391851 0.0347967 0.0642995
0 0.672097 0.281163 0.028501 0.054185
1 0.257537 0.738116 0.0537787 0.0886713
1 0.219183 0.617975 0.0423713 0.0775068
1 0.152394 0.619812 0.047599 0.0820311
1 0.25343 0.622325 0.0424019 0.0755035
0 0.773003 0.392145 0.0375103 0.0774096
1 0.188564 0.618958 0.0434629 0.0791944
0 0.259926 0.29043 0.0355612 0.0655454
1 0.6793 0.393645 0.0308731 0.0743393
0 0.219568 0.737908 0.0557537 0.0928335
1 0.337184 0.6184 0.0398999 0.0778576
1 0.368601 0.46822 0.0420017 0.0815838
1 0.175691 0.741005 0.0602905 0.0885273
1 0.76358 0.627234 0.0406311 0.089776
1 0.372127 0.621246 0.0495851 0.0836648
0 0.805156 0.39034 0.0333658 0.0720346
0 0.386689 0.7452 0.0511872 0.0830954
0 0.470462 0.743227 0.0422934 0.0849289
1 0.849527 0.46015 0.0422665 0.0749163
0 0.643318 0.282631 0.0253162 0.0567153
0 0.561072 0.283719 0.0260525 0.0559824
0 0.739844 0.39024 0.0326955 0.0711923
1 0.688538 0.629962 0.0414083 0.0869656
0 0.495247 0.397132 0.0325813 0.0604028
0 0.837824 0.39172 0.0375875 0.0676917
1 0.650277 0.625412 0.0369098 0.0821716
1 0.711277 0.466611 0.0357885 0.0701446
1 0.727343 0.625517 0.0419821 0.083051
1 0.590093 0.283562 0.0304602 0.0591204
1 0.746167 0.467194 0.034301 0.0752365
1 0.395107 0.469503 0.0350253 0.0763756
1 0.812857 0.466665 0.0344525 0.0685505
0 0.34467 0.738412 0.0531434 0.0801586
0 0.532344 0.286537 0.0262882 0.0568151
1 0.48928 0.470449 0.0315716 0.0746372
0 0.554095 0.395493 0.0291843 0.0673312
0 0.286062 0.290932 0.0349812 0.0687352
1 0.583713 0.466954 0.0322397 0.0721576
1 0.646496 0.465804 0.0314212 0.073666
0 0.429055 0.741305 0.0481991 0.0819824
1 0.510588 0.748091 0.0468866 0.0852504
1 0.578492 0.624302 0.036986 0.0861107
1 0.405066 0.621325 0.0418501 0.0795518
1 0.313136 0.404058 0.0376955 0.0627924
1 0.518915 0.468322 0.0329712 0.072747
1 0.778896 0.464328 0.0398067 0.0735381
1 0.505554 0.624927 0.0367505 0.0869717
0 0.455916 0.469309 0.0310425 0.0755829
0 0.437041 0.396939 0.0343128 0.0605382
1 0.251813 0.400754 0.0418137 0.0639749
1 0.376627 0.288637 0.0333061 0.0659729
1 0.541752 0.622459 0.0360243 0.0817604
0 0.465258 0.396302 0.0338072 0.0630881
1 0.29062 0.465949 0.0354817 0.0780506
1 0.198079 0.400109 0.0420444 0.0612032
0 0.0603546 0.733411 0.0536375 0.0755725
1 0.376049 0.401346 0.035509 0.0622675
1 0.282353 0.400525 0.0401659 0.0605404
1 0.801605 0.628806 0.0445137 0.0932655
0 0.223648 0.40011 0.0394721 0.0621423
1 0.700517 0.27997 0.0277769 0.0522039
1 0.87418 0.623611 0.0498234 0.0886023
1 0.261447 0.467888 0.0413551 0.079213
1 0.312436 0.289783 0.0395088 0.0671107
1 0.836561 0.626404 0.0426596 0.0908542
1 0.730873 0.279691 0.0299614 0.058954
0 0.236228 0.288298 0.0365643 0.0621682
0 0.70847 0.389498 0.036187 0.0722863
1 0.439514 0.622388 0.0410889 0.0822185
0 0.646361 0.390546 0.0309095 0.0719225
1 0.614209 0.62133 0.0349998 0.0829651
1 0.335846 0.470984 0.0321577 0.0849485
1 0.302728 0.618181 0.0402972 0.07254
1 0.816046 0.275217 0.0358311 0.0617621
1 0.614544 0.466698 0.0278776 0.0719807
0 0.505761 0.288366 0.0263748 0.053821
1 0.17584 0.463133 0.041331 0.0808479
1 0.583889 0.39623 0.0302885 0.0625413
1 0.408591 0.396673 0.0350767 0.0590341
1 0.351738 0.401577 0.0359543 0.0581877
1 0.470808 0.622873 0.0358732 0.0830225
1 0.521312 0.397621 0.0311826 0.0592465
1 0.760115 0.278545 0.027877 0.0629672
1 0.681199 0.466894 0.0326178 0.070547
1 0.428409 0.466788 0.0349428 0.0797418
1 0.480913 0.290282 0.0281643 0.0606755
1 0.232605 0.463411 0.0403736 0.0816951
1 0.786424 0.277052 0.0308129 0.0557859
1 0.428932 0.290825 0.0264023 0.064865
0 0.45489 0.288994 0.0271116 0.0648906
1 0.119714 0.615172 0.0493226 0.0861837
1 0.551207 0.465678 0.0280445 0.0703382
1 0.619457 0.282747 0.0236564 0.0587997
1 0.403606 0.291505 0.0259346 0.0616983
1 0.205776 0.462506 0.0436055 0.0817081
1 0.336991 0.290086 0.0333938 0.0644708
