1 0.259212 0.742065 0.0524927 0.0804045
1 0.216695 0.619261 0.0414959 0.0757985
1 0.33691 0.621842 0.0433488 0.0739867
1 0.647745 0.395025 0.0305989 0.0652877
1 0.495845 0.401048 0.030465 0.0577349
1 0.368781 0.623434 0.0392302 0.0764313
1 0.336663 0.292913 0.0339955 0.0643291
1 0.377567 0.406451 0.0334107 0.0579266
1 0.406282 0.405744 0.034444 0.0584229
1 0.305874 0.621564 0.0415585 0.0728584
1 0.468613 0.74774 0.0396199 0.0740039
1 0.260668 0.292199 0.0366409 0.0639362
1 0.437079 0.404742 0.035705 0.0583865
1 0.509241 0.623991 0.0391299 0.078942
1 0.729629 0.282972 0.0292055 0.0554853
1 0.542768 0.624021 0.0364604 0.0797091
1 0.136375 0.743104 0.0511057 0.0760035
1 0.466566 0.401301 0.0315589 0.0575818
1 0.18696 0.618769 0.0447136 0.0776507
1 0.816403 0.46641 0.0366566 0.075005
1 0.579782 0.622684 0.0359078 0.0822907
1 0.439355 0.624272 0.0413408 0.0812017
1 0.312443 0.292764 0.0356083 0.0646524
1 0.376212 0.29241 0.0294193 0.0623466
1 0.437734 0.401543 0.0329795 0.0578264
1 0.402126 0.291959 0.0301843 0.0616273
1 0.648889 0.469109 0.029578 0.0704323
1 0.782629 0.467147 0.0360013 0.0724784
1 0.280072 0.406508 0.0382618 0.0578712
1 0.713085 0.468879 0.0361897 0.0715718
