1 0.741115 0.394675 0.0355387 0.0651376
1 0.439205 0.622193 0.0393002 0.0754853
1 0.338123 0.619597 0.0434162 0.0750658
1 0.80558 0.393245 0.0399762 0.0653282
1 0.402125 0.291814 0.0285736 0.0599031
1 0.613306 0.395985 0.0333728 0.0612401
1 0.309807 0.292716 0.0341926 0.0637924
1 0.370957 0.619574 0.0410765 0.0750658
1 0.713086 0.46814 0.0385727 0.0731443
1 0.708148 0.395268 0.0351514 0.0626853
1 0.332129 0.29266 0.0311926 0.0638462
1 0.13681 0.743111 0.0496134 0.0766445
1 0.507433 0.28913 0.0304806 0.0568354
1 0.427264 0.291307 0.0281392 0.0590191
1 0.479227 0.289793 0.0302347 0.0578152
1 0.466386 0.400487 0.0320487 0.0577187
1 0.452223 0.290594 0.0282784 0.0585165
1 0.616201 0.468969 0.0346066 0.0709346
1 0.728666 0.283245 0.0290879 0.0565408
1 0.496483 0.400039 0.0302295 0.0565863
1 0.543263 0.622049 0.0367276 0.0812671
1 0.4894 0.468921 0.0364585 0.0735736
1 0.260347 0.291434 0.0377875 0.0620078
1 0.645676 0.396109 0.0328474 0.0617308
1 0.533122 0.288265 0.0301434 0.0561854
1 0.376895 0.292094 0.0296499 0.061053
1 0.352168 0.405811 0.03167 0.0570376
1 0.305592 0.620022 0.0408828 0.0725588
1 0.220863 0.620326 0.0435572 0.0747282
1 0.365946 0.469109 0.0384755 0.0824538
1 0.509099 0.62156 0.0418796 0.0799967
1 0.779035 0.467225 0.0365037 0.0744685
1 0.28497 0.292139 0.0356637 0.0629045
1 0.406004 0.620918 0.0399017 0.0760683
1 0.553688 0.397326 0.0303942 0.0586249
1 0.615352 0.622852 0.038702 0.0834767
1 0.756134 0.282739 0.0299522 0.0566962
1 0.678955 0.4684 0.0320914 0.072107
1 0.254131 0.620424 0.0400508 0.0726861
1 0.521879 0.469058 0.0295994 0.07284
1 0.67787 0.396 0.0303278 0.0609411
