0 0.613753 0.391349 0.034351 0.0646415
0 0.38784 0.744844 0.05017 0.0832386
1 0.0964132 0.73699 0.0560629 0.0848169
0 0.344821 0.738824 0.052441 0.0775574
1 0.315483 0.402883 0.0383597 0.0605591
1 0.138884 0.738298 0.0558779 0.0868396
0 0.219082 0.737276 0.0534685 0.0903467
1 0.253204 0.623851 0.0419874 0.0749931
1 0.561032 0.283239 0.0254045 0.055891
1 0.849029 0.460716 0.0431202 0.0756721
1 0.219413 0.617489 0.0410582 0.0785563
0 0.741081 0.390454 0.0326893 0.0709676
1 0.177274 0.740194 0.0604116 0.0905119
1 0.282946 0.401125 0.0394129 0.0603005
1 0.803762 0.629113 0.0447529 0.0933846
1 0.469249 0.744759 0.0426276 0.0851175
0 0.838096 0.624209 0.0401207 0.0894427
1 0.429569 0.741784 0.0491886 0.0822529
1 0.258325 0.736733 0.0540312 0.0868116
1 0.290605 0.467215 0.0376943 0.0793794
1 0.579163 0.624547 0.0374302 0.0852504
1 0.393895 0.4695 0.0393342 0.0793614
1 0.496427 0.39579 0.0323812 0.0618129
1 0.672413 0.281095 0.0265495 0.0531299
1 0.232039 0.461459 0.040168 0.0823045
0 0.261391 0.467521 0.0416141 0.0791693
1 0.765568 0.626701 0.041943 0.0898197
1 0.709174 0.390038 0.0376205 0.072809
1 0.687735 0.629994 0.0413346 0.0850692
1 0.303177 0.618016 0.0401775 0.0729206
0 0.0591707 0.732669 0.0536675 0.0761544
1 0.373066 0.621559 0.0504331 0.0840541
1 0.224846 0.400527 0.0405992 0.0646279
1 0.337671 0.616733 0.0409671 0.0788004
1 0.352452 0.401577 0.0360646 0.0585102
1 0.490118 0.470831 0.0333231 0.0745625
1 0.186969 0.620208 0.0467395 0.0806808
1 0.204558 0.461908 0.0427887 0.0834964
1 0.746318 0.467145 0.0344363 0.0718655
0 0.806504 0.389813 0.0319752 0.0711522
0 0.589685 0.283128 0.0293737 0.0583021
1 0.406052 0.62178 0.0415539 0.0802834
1 0.650032 0.625951 0.036062 0.0841415
1 0.28635 0.290652 0.034601 0.0651368
1 0.71094 0.467163 0.0359684 0.0694491
1 0.466908 0.3961 0.0356681 0.0658152
1 0.440263 0.62299 0.0415374 0.0826901
1 0.312448 0.289243 0.0356701 0.0643657
1 0.542973 0.62249 0.0365856 0.0812421
1 0.646417 0.388658 0.0305232 0.0720538
1 0.5088 0.748276 0.0470226 0.0856607
1 0.407276 0.395652 0.0340718 0.0580092
1 0.645828 0.465516 0.0308655 0.0727468
1 0.430082 0.290578 0.0259689 0.0636667
1 0.874248 0.621754 0.0501814 0.0882065
1 0.506808 0.625865 0.036895 0.0895012
1 0.837747 0.391283 0.0374216 0.0686537
1 0.260302 0.290683 0.0352648 0.064297
1 0.727265 0.625995 0.0440851 0.0830669
1 0.435327 0.39591 0.0348589 0.0612295
1 0.456655 0.469696 0.0315345 0.0780823
1 0.378602 0.288864 0.0327245 0.063391
0 0.532928 0.285974 0.0266544 0.0580116
1 0.780437 0.464664 0.0399321 0.0764208
1 0.455588 0.289908 0.0263721 0.065004
1 0.336331 0.289823 0.0332254 0.0646292
1 0.366843 0.468115 0.0423745 0.0838553
1 0.644089 0.281568 0.0263879 0.0558623
0 0.252403 0.401093 0.0392111 0.064065
1 0.680084 0.393658 0.0313663 0.074723
1 0.773989 0.392175 0.0385275 0.0777242
1 0.334668 0.469069 0.0292649 0.0844663
1 0.155101 0.619028 0.0446301 0.0819263
1 0.176371 0.461558 0.0385895 0.0795252
1 0.298841 0.734285 0.0519407 0.0781885
1 0.614979 0.623828 0.0347294 0.082572
1 0.614048 0.467247 0.0280727 0.0712135
1 0.816603 0.275362 0.0358467 0.0622215
1 0.680349 0.467036 0.0316547 0.0712328
1 0.481494 0.289296 0.0290892 0.0619163
1 0.554851 0.466079 0.0267351 0.0710358
1 0.427601 0.465163 0.0381899 0.0861948
1 0.198079 0.400646 0.0427862 0.0618929
1 0.236073 0.289088 0.036026 0.0595675
1 0.761163 0.278611 0.0295509 0.0636751
1 0.404212 0.29066 0.0267729 0.0610663
1 0.814228 0.466111 0.0339941 0.0675768
1 0.58427 0.466795 0.029682 0.070245
1 0.583188 0.396393 0.0295384 0.0606972
0 0.375395 0.400718 0.0346932 0.0603661
1 0.472082 0.623496 0.0368043 0.0822721
1 0.700076 0.279889 0.0269501 0.0513797
1 0.618529 0.281287 0.0262381 0.0587319
1 0.729957 0.280144 0.0295992 0.0574834
1 0.787526 0.276925 0.0303789 0.0560965
1 0.522388 0.395256 0.030183 0.0621336
1 0.522028 0.468173 0.0328194 0.073534
1 0.553576 0.395006 0.0287152 0.0684652
1 0.124791 0.616284 0.0446063 0.0824372
1 0.506484 0.287101 0.0253692 0.054693
0 0.0270525 0.730471 0.0492788 0.0687832
