1 0.259574 0.741422 0.0522307 0.0819963
1 0.740395 0.394212 0.0355418 0.0657729
1 0.336754 0.620178 0.043853 0.0734268
1 0.491391 0.468663 0.035698 0.0734694
1 0.712155 0.46812 0.0388501 0.0732635
1 0.336804 0.290265 0.0364247 0.0609876
1 0.279038 0.406555 0.0343408 0.0564023
1 0.261237 0.290951 0.0374104 0.0644522
1 0.615675 0.46856 0.0351755 0.0706397
1 0.217398 0.619387 0.0432239 0.0738944
1 0.369118 0.621164 0.0388803 0.073443
1 0.478862 0.28984 0.0294062 0.0581516
1 0.815104 0.465824 0.0378741 0.074229
1 0.579651 0.622241 0.0374392 0.0795484
1 0.128774 0.618505 0.0437127 0.0768551
1 0.615352 0.622543 0.03887 0.0814041
1 0.378899 0.406206 0.0345503 0.0571724
1 0.304367 0.620114 0.0419202 0.0725233
1 0.251663 0.406565 0.0323251 0.0565457
1 0.680973 0.468452 0.0366623 0.0727707
1 0.136223 0.741657 0.0523897 0.0799446
1 0.468995 0.747016 0.0407449 0.0792727
1 0.771293 0.393661 0.0354069 0.065559
1 0.368984 0.468598 0.0358241 0.075732
1 0.648444 0.4685 0.0289766 0.0717086
