0 0.613981 0.391704 0.0342203 0.0642721
0 0.25822 0.736811 0.0526661 0.0868452
1 0.709495 0.390353 0.0361723 0.0724872
1 0.18831 0.618965 0.0435025 0.0797449
1 0.13957 0.738623 0.0562692 0.0856452
0 0.772981 0.392704 0.0382629 0.0763809
0 0.387054 0.744674 0.051141 0.0846083
0 0.218697 0.736997 0.0555075 0.0919336
0 0.0945128 0.737398 0.0559399 0.0842623
0 0.838363 0.624092 0.0402182 0.0870781
0 0.848778 0.459541 0.04109 0.075348
0 0.344322 0.738439 0.0527771 0.0800472
0 0.8755 0.622603 0.050111 0.0894087
1 0.372891 0.621016 0.0507708 0.0844835
1 0.22112 0.616947 0.0426443 0.0792639
1 0.727692 0.625772 0.0435151 0.0845503
0 0.224237 0.400472 0.0397531 0.0622648
1 0.312394 0.403475 0.0377338 0.0608866
1 0.405751 0.621045 0.0418235 0.0798198
1 0.428745 0.741403 0.0500141 0.0823757
0 0.299997 0.733581 0.0518234 0.0794693
0 0.764748 0.626181 0.0405693 0.0880406
0 0.533441 0.28596 0.0272064 0.057071
0 0.204096 0.46315 0.0422572 0.0797728
0 0.155855 0.61985 0.042617 0.0784974
0 0.816033 0.275321 0.0366806 0.061802
0 0.788156 0.277174 0.0297976 0.0545339
1 0.260269 0.291362 0.0362783 0.0648908
1 0.440465 0.622473 0.0422821 0.0816931
0 0.176771 0.739678 0.0592188 0.087887
1 0.394425 0.468348 0.038301 0.0769701
1 0.762413 0.280098 0.0288605 0.0652253
1 0.646518 0.463977 0.0317137 0.072039
1 0.469869 0.742563 0.0452512 0.0833855
1 0.801979 0.62882 0.0453491 0.0925819
0 0.335755 0.291229 0.0343348 0.0637982
1 0.254373 0.622387 0.0420991 0.0768936
0 0.740616 0.391096 0.0319678 0.0708884
0 0.672976 0.281778 0.0280493 0.0544184
1 0.689332 0.628536 0.0400526 0.0847551
0 0.489655 0.468554 0.0329729 0.0744532
0 0.646721 0.390213 0.0312481 0.0705361
1 0.336655 0.616952 0.0414266 0.0792038
1 0.291648 0.466712 0.040021 0.0826428
1 0.456619 0.468611 0.0304005 0.0763122
0 0.466607 0.396859 0.0348505 0.0631136
1 0.778567 0.463872 0.0392061 0.0718495
1 0.350922 0.402203 0.0364758 0.0578873
1 0.812979 0.466094 0.0358875 0.0674362
0 0.679844 0.395559 0.0311765 0.0733268
1 0.583872 0.396049 0.0281765 0.0621597
0 0.311166 0.290201 0.0380878 0.0661706
1 0.197881 0.401032 0.0438084 0.0595451
1 0.543462 0.622657 0.0367039 0.0842874
0 0.285351 0.291417 0.0328082 0.0657776
0 0.0591666 0.733887 0.0542336 0.0757639
1 0.30206 0.617577 0.0391524 0.0719145
1 0.578853 0.621764 0.0373053 0.0835865
0 0.805134 0.39036 0.0330479 0.0717777
1 0.367444 0.466558 0.0409878 0.0826604
0 0.589188 0.28214 0.0303743 0.0581974
0 0.378025 0.288231 0.0331165 0.0627166
1 0.408506 0.396229 0.0349138 0.0573062
1 0.231795 0.460058 0.0398671 0.0890366
1 0.51957 0.466219 0.0323654 0.070588
1 0.555224 0.395173 0.0289215 0.0704473
0 0.235974 0.288873 0.0367339 0.0607255
0 0.261481 0.467807 0.0416108 0.0814882
1 0.681545 0.466162 0.0317065 0.0708447
1 0.614558 0.621004 0.0346869 0.0836678
0 0.280253 0.401511 0.0391116 0.0598732
0 0.582495 0.466391 0.0319893 0.0711021
1 0.507259 0.624904 0.0375162 0.0888574
1 0.455922 0.289431 0.0265668 0.0655877
0 0.335782 0.470262 0.0300172 0.0847303
0 0.561126 0.282916 0.0250881 0.0536191
0 0.376012 0.402511 0.0360809 0.0606345
1 0.428625 0.462969 0.037929 0.0856596
1 0.837792 0.391438 0.0380718 0.0682468
0 0.496351 0.396062 0.0320076 0.0604885
1 0.614315 0.46669 0.0289177 0.0712905
0 0.51106 0.746833 0.0450449 0.085605
1 0.125463 0.616478 0.045359 0.0844814
1 0.65076 0.62495 0.0371252 0.0830327
0 0.404873 0.290385 0.0266787 0.0598742
0 0.505799 0.286946 0.0264796 0.0536955
1 0.746575 0.466296 0.0322493 0.0714415
0 0.251645 0.401781 0.038622 0.0634748
1 0.71316 0.46603 0.0357794 0.0663891
0 0.430155 0.28986 0.0262253 0.0635361
0 0.480979 0.288135 0.0290802 0.0588748
0 0.43693 0.396541 0.0344853 0.0584248
1 0.472244 0.622581 0.0370995 0.0820725
0 0.730979 0.280705 0.0301718 0.057166
0 0.643796 0.282057 0.0261848 0.0549057
0 0.701222 0.280571 0.0267782 0.0527518
1 0.619668 0.28185 0.0246712 0.0593344
1 0.52235 0.395997 0.0314404 0.063635
0 0.176362 0.460888 0.0363031 0.0772429
0 0.551527 0.465656 0.0276361 0.0696132
0 0.026517 0.729721 0.0484652 0.0685424
