1 0.779799 0.464157 0.0396351 0.0747753
0 0.613994 0.393232 0.0329494 0.0626422
0 0.0947165 0.739198 0.0558067 0.0848009
0 0.299386 0.735713 0.0528927 0.082831
1 0.137835 0.739986 0.0557666 0.0860966
0 0.17674 0.739977 0.0571249 0.0905158
0 0.74701 0.466347 0.0329948 0.0727136
1 0.709912 0.391384 0.0362369 0.0719061
0 0.51987 0.468314 0.0333252 0.0734432
1 0.674118 0.282214 0.0278021 0.0544934
0 0.312767 0.405061 0.0383357 0.0619119
0 0.217904 0.737864 0.0542487 0.0927805
0 0.429185 0.742565 0.0502445 0.0813829
1 0.848935 0.46071 0.0432041 0.0757822
0 0.386903 0.746056 0.0511946 0.0823377
0 0.257582 0.737756 0.0537666 0.0886953
1 0.37243 0.621306 0.0497354 0.0837858
1 0.280954 0.401542 0.0400865 0.0598922
1 0.186086 0.618858 0.044168 0.0767509
1 0.435934 0.396958 0.0352052 0.0607853
1 0.311985 0.291017 0.0376778 0.0661691
1 0.466174 0.397359 0.0351158 0.0645465
0 0.590332 0.284067 0.0299324 0.0602958
1 0.456554 0.47037 0.0315214 0.0754391
0 0.376066 0.402156 0.0360903 0.0620445
0 0.0595397 0.736134 0.0545594 0.0780657
1 0.533448 0.286939 0.026664 0.0597673
1 0.252393 0.622848 0.0429381 0.0755105
1 0.763558 0.626813 0.0401773 0.0886547
1 0.644792 0.28286 0.0286035 0.0567427
1 0.54339 0.621579 0.0360465 0.079248
0 0.838184 0.390931 0.0377136 0.0667821
1 0.507128 0.625642 0.0368056 0.0882158
0 0.439438 0.623084 0.0413364 0.0803568
1 0.490089 0.470087 0.031299 0.0740642
1 0.727852 0.627184 0.0423733 0.0850197
0 0.741697 0.392221 0.0320702 0.0692596
1 0.368208 0.46766 0.0420284 0.0850878
1 0.405122 0.622578 0.0414521 0.0789776
1 0.812874 0.466317 0.0356175 0.0705263
1 0.218595 0.618069 0.0420691 0.0769085
1 0.647105 0.466323 0.0315666 0.0727095
1 0.203885 0.463386 0.0443491 0.0823319
1 0.614952 0.468313 0.0284765 0.072171
1 0.261026 0.468057 0.0411692 0.0808918
0 0.480909 0.289541 0.0279531 0.0597975
1 0.583787 0.468326 0.0318261 0.0725834
0 0.689461 0.628715 0.0404688 0.0857719
1 0.428345 0.465183 0.0382702 0.0827203
1 0.712345 0.467335 0.0361784 0.069706
1 0.23147 0.462848 0.0403019 0.0853338
0 0.344353 0.740666 0.0523087 0.0794437
1 0.471341 0.622162 0.0360924 0.0803153
1 0.583886 0.397557 0.0303962 0.0631499
0 0.152097 0.618813 0.0448648 0.0779543
1 0.773344 0.394113 0.0362856 0.0736789
1 0.615257 0.621856 0.035397 0.0865471
1 0.731114 0.280836 0.0299517 0.0591978
0 0.395608 0.469629 0.0363987 0.0776211
1 0.289644 0.465959 0.0371221 0.0813415
1 0.260355 0.293014 0.035141 0.0668296
1 0.337329 0.617317 0.0406705 0.0784676
0 0.198116 0.400189 0.0410287 0.0604543
1 0.302094 0.618299 0.0399782 0.0696654
1 0.496334 0.397335 0.0334462 0.0608122
1 0.68163 0.467974 0.0311179 0.0732277
1 0.651545 0.624624 0.0371778 0.082369
1 0.816968 0.275671 0.0374871 0.0636
1 0.2235 0.400163 0.0399524 0.0622657
1 0.505995 0.287989 0.0258023 0.0555925
0 0.407787 0.397356 0.0330838 0.0608585
0 0.285544 0.292614 0.0347631 0.0675343
1 0.802316 0.629017 0.0470898 0.0935556
1 0.788133 0.278072 0.0311281 0.0553592
1 0.805737 0.391027 0.0333843 0.069304
1 0.404353 0.290894 0.0270419 0.0600583
0 0.470743 0.745564 0.0433567 0.0867501
1 0.553625 0.396896 0.0296061 0.0674672
1 0.510998 0.748847 0.0461042 0.0854806
1 0.579346 0.622585 0.0362198 0.0845156
1 0.560741 0.283592 0.0248077 0.0554994
1 0.336691 0.469805 0.0309834 0.0857775
0 0.17637 0.462888 0.038662 0.0786903
1 0.679972 0.395376 0.0313064 0.0744342
1 0.837492 0.626003 0.0401951 0.0907278
1 0.646006 0.390986 0.0303679 0.0701579
0 0.350715 0.402423 0.0359557 0.0601107
0 0.701437 0.281224 0.0268728 0.0517247
1 0.235784 0.290412 0.0362966 0.0631053
1 0.874912 0.622398 0.0497761 0.0894209
0 0.455496 0.290236 0.0262788 0.0642385
1 0.250639 0.401718 0.0378688 0.061871
1 0.377512 0.289007 0.0338314 0.065485
1 0.33714 0.290574 0.0341487 0.0630041
0 0.42999 0.290864 0.0261604 0.0638217
1 0.761749 0.278888 0.0272648 0.0687617
0 0.124618 0.615567 0.0450794 0.0836906
0 0.522348 0.397365 0.0312859 0.060775
1 0.619383 0.283889 0.0242056 0.0613921
1 0.551554 0.46665 0.0275461 0.0692375
0 0.0264569 0.734333 0.0493598 0.0734803
0 0.171965 0.401877 0.0400013 0.0564811
1 0.175038 0.461518 0.0387529 0.0802397
