0 0.137993 0.739741 0.0548743 0.085499
0 0.257565 0.738219 0.0537692 0.0884678
0 0.779185 0.464128 0.0387163 0.0728264
0 0.0949113 0.738387 0.0565711 0.0854004
0 0.299491 0.736808 0.0534246 0.0813812
0 0.614482 0.391956 0.0341261 0.0654904
0 0.218356 0.737677 0.0548478 0.0926765
0 0.489865 0.470138 0.0319381 0.0730785
0 0.375396 0.403535 0.0359624 0.0604776
0 0.471986 0.623206 0.036459 0.0823451
0 0.371996 0.62094 0.0472275 0.0849732
0 0.647204 0.389153 0.0300063 0.0712433
0 0.427973 0.465278 0.0372284 0.0822008
0 0.336365 0.469692 0.0307405 0.0829399
0 0.17692 0.740176 0.0583738 0.0897525
0 0.312909 0.404889 0.0373201 0.0609165
0 0.220026 0.616602 0.0426239 0.0799578
0 0.53301 0.286754 0.0267416 0.057185
0 0.205342 0.462358 0.0445788 0.0817179
0 0.773811 0.393319 0.0377615 0.074804
0 0.614995 0.622941 0.0346916 0.0832474
0 0.506313 0.626469 0.0366352 0.0890912
0 0.764049 0.626224 0.0414564 0.0909083
0 0.430086 0.7427 0.0491503 0.0799996
0 0.57857 0.624021 0.0369275 0.0855713
0 0.344616 0.739924 0.0523953 0.0788367
0 0.435994 0.39797 0.0344383 0.0591576
0 0.644245 0.282521 0.0260055 0.055217
0 0.456128 0.471596 0.0304544 0.076893
0 0.850372 0.460923 0.0434914 0.0750874
0 0.584148 0.467161 0.030978 0.0714731
0 0.289853 0.466683 0.0366105 0.0808687
0 0.875367 0.621768 0.0493471 0.089568
0 0.386797 0.7471 0.0520887 0.08315
0 0.710256 0.390909 0.0356432 0.07163
0 0.689609 0.62889 0.0412642 0.0848843
0 0.338401 0.616318 0.0405599 0.0804566
0 0.74089 0.391512 0.0330004 0.0700009
0 0.404947 0.622128 0.0415383 0.0804492
0 0.224066 0.401524 0.0403164 0.0633827
0 0.188128 0.619249 0.045002 0.0792315
0 0.681252 0.467754 0.0312312 0.0712696
1 0.25369 0.622086 0.0429008 0.075143
0 0.806273 0.390979 0.0333181 0.0708172
0 0.647457 0.467303 0.0311706 0.0729641
0 0.651249 0.625864 0.0369175 0.0841677
0 0.727725 0.626203 0.0418085 0.083865
0 0.260194 0.291181 0.0363793 0.0657574
0 0.510777 0.749865 0.0455863 0.0867019
0 0.788202 0.278599 0.0308326 0.0552427
0 0.495872 0.397112 0.0329094 0.060811
0 0.761615 0.280878 0.027721 0.0652191
0 0.439653 0.623216 0.0413227 0.0813047
0 0.542097 0.623095 0.0360891 0.0825056
0 0.198589 0.403166 0.0415497 0.0574547
0 0.83842 0.624399 0.041983 0.0898121
0 0.746541 0.46693 0.0328426 0.072603
0 0.408579 0.397719 0.0336799 0.0590896
0 0.839007 0.391826 0.0364065 0.0665758
0 0.466035 0.397577 0.0335704 0.0626885
0 0.285758 0.291673 0.0347227 0.0667185
0 0.731046 0.281238 0.0297421 0.0578459
0 0.378431 0.288752 0.0322286 0.0641306
0 0.519909 0.468869 0.0340997 0.073646
0 0.554339 0.396004 0.0299826 0.0683448
0 0.813108 0.466119 0.0359936 0.069076
0 0.312156 0.290342 0.0374297 0.0654672
0 0.673712 0.281827 0.0278549 0.0533425
0 0.802379 0.628671 0.0449324 0.0945835
0 0.232562 0.459351 0.0392162 0.0873983
1 0.395261 0.470563 0.0365302 0.0758387
0 0.583942 0.396209 0.0301688 0.0618311
0 0.712252 0.466948 0.035802 0.0686627
0 0.589479 0.2838 0.0291522 0.0580997
0 0.560878 0.283743 0.0246916 0.0541523
0 0.522129 0.396733 0.0310079 0.060632
0 0.236172 0.288745 0.037376 0.0618732
0 0.679635 0.394087 0.0313395 0.0738662
0 0.261045 0.468452 0.0407154 0.0789483
0 0.614673 0.467785 0.0288198 0.0726402
0 0.471368 0.74673 0.0422258 0.0848896
0 0.81668 0.276049 0.0363595 0.0622198
0 0.368348 0.467585 0.0414413 0.0823103
0 0.336211 0.29203 0.0342702 0.0625014
0 0.35085 0.402952 0.0353046 0.0582222
0 0.0593414 0.734502 0.0541494 0.0768763
1 0.304056 0.618546 0.0403083 0.0717676
0 0.618659 0.283111 0.0254902 0.0606833
0 0.250521 0.40221 0.0384561 0.0631483
0 0.281372 0.401443 0.039528 0.0598627
0 0.122399 0.616046 0.0460108 0.0832617
0 0.152947 0.618897 0.0448344 0.0792412
0 0.430213 0.290732 0.0262492 0.0641794
0 0.506089 0.287939 0.0261463 0.0542461
0 0.701854 0.280891 0.0278349 0.0522542
0 0.481112 0.289001 0.0283202 0.0616332
0 0.404592 0.290746 0.0267297 0.0610449
0 0.552485 0.466439 0.0272917 0.0682455
0 0.455569 0.289806 0.0259323 0.0646903
0 0.176551 0.459992 0.0354332 0.0779138
0 0.0270078 0.732319 0.0494493 0.0717291
