0 0.257824 0.737236 0.0534179 0.0880375
1 0.138231 0.739332 0.0551086 0.086035
0 0.299414 0.735047 0.0532697 0.0807637
0 0.218848 0.736662 0.0544867 0.0915972
1 0.37651 0.399587 0.0358434 0.064159
0 0.0944814 0.738144 0.0558248 0.0862953
1 0.372533 0.620824 0.0501325 0.084373
1 0.409721 0.395703 0.0344262 0.0604074
1 0.741581 0.390639 0.0323359 0.0700783
1 0.763755 0.625863 0.0404628 0.0886702
0 0.177001 0.739026 0.0583447 0.0887254
1 0.368953 0.466702 0.0424167 0.0841968
0 0.386608 0.746438 0.0523713 0.0839623
1 0.466816 0.39595 0.0346006 0.0645809
0 0.429399 0.742616 0.0496111 0.0813803
1 0.84878 0.459941 0.0429928 0.0755798
1 0.674279 0.280574 0.0280805 0.0533382
0 0.344519 0.739296 0.0517778 0.0791285
1 0.710134 0.389251 0.0356491 0.0700736
0 0.470675 0.745255 0.0433646 0.0857347
1 0.506656 0.625107 0.0374796 0.0882944
1 0.252345 0.622587 0.0425655 0.0759888
1 0.337318 0.61685 0.0396301 0.0777889
1 0.302364 0.618369 0.0406699 0.0717574
1 0.496403 0.395609 0.0317916 0.0606085
1 0.406057 0.622178 0.0423366 0.0803987
1 0.690109 0.629442 0.0409353 0.084684
1 0.615571 0.621064 0.0351508 0.0852838
1 0.311565 0.40178 0.038664 0.0653775
1 0.532746 0.286102 0.0261504 0.0563612
1 0.76196 0.27806 0.0279701 0.0675286
1 0.440004 0.622901 0.0421728 0.0810673
1 0.312502 0.289828 0.0370126 0.0654324
1 0.644679 0.281779 0.0286346 0.0567588
1 0.186237 0.61899 0.0442776 0.0798656
1 0.647128 0.464739 0.031266 0.0724188
1 0.218226 0.617336 0.0424555 0.0784731
1 0.615287 0.46712 0.0291403 0.0725609
1 0.52027 0.467863 0.0325337 0.0734758
1 0.728209 0.626777 0.0418962 0.0835707
1 0.646531 0.389499 0.0313549 0.071
1 0.396111 0.468722 0.0374368 0.0801435
1 0.614569 0.392755 0.0336432 0.0635022
1 0.583521 0.467516 0.0316307 0.0727066
1 0.779262 0.464626 0.0387297 0.0760704
1 0.816172 0.274433 0.0363787 0.0622839
1 0.682296 0.466374 0.0322401 0.0711447
1 0.197913 0.40196 0.041779 0.0622277
1 0.260995 0.466723 0.0394248 0.0800284
1 0.543439 0.620789 0.0366757 0.0796394
1 0.802497 0.628643 0.0444447 0.092787
1 0.124759 0.615971 0.0456759 0.082611
1 0.350347 0.400231 0.036481 0.061167
1 0.651408 0.624042 0.0367142 0.0823483
1 0.788063 0.27695 0.0313688 0.0558672
1 0.511052 0.748491 0.0467394 0.0859702
1 0.481475 0.28938 0.0276693 0.0606649
1 0.205492 0.461891 0.0428618 0.0804672
1 0.57951 0.622348 0.0364421 0.0861551
1 0.286009 0.291233 0.0346556 0.0658849
1 0.490087 0.47029 0.0321066 0.0743158
1 0.280214 0.399466 0.0400739 0.0617623
0 0.0590378 0.734574 0.0544441 0.0765275
1 0.875679 0.621666 0.0488499 0.0879277
1 0.471894 0.622518 0.0364951 0.0814547
1 0.224647 0.401036 0.0414752 0.0656605
1 0.37823 0.287955 0.0332651 0.0642105
1 0.812697 0.465473 0.0351402 0.0681622
1 0.773442 0.393381 0.0362453 0.0750548
1 0.337299 0.289754 0.0332193 0.0640235
1 0.713193 0.465486 0.0351559 0.0667763
1 0.838568 0.625751 0.0408173 0.0900656
1 0.746684 0.466745 0.0315458 0.0713231
1 0.836231 0.391033 0.0366121 0.0672814
1 0.58409 0.396489 0.0303272 0.0632576
1 0.436506 0.395564 0.0335951 0.06029
1 0.236114 0.289739 0.0368717 0.0605822
1 0.289627 0.465741 0.0365293 0.0805019
1 0.232338 0.461954 0.0394795 0.0820138
1 0.681118 0.393349 0.0324718 0.0744484
1 0.251244 0.401326 0.0385234 0.0639102
1 0.731829 0.279834 0.0296601 0.059987
1 0.337094 0.468038 0.0308167 0.08657
1 0.404593 0.28978 0.0263224 0.0598261
1 0.6196 0.282689 0.0240763 0.0600667
1 0.506899 0.287174 0.0246889 0.0546262
1 0.554087 0.396522 0.0295992 0.0666043
1 0.429559 0.46353 0.0367334 0.0844031
1 0.177382 0.461634 0.0383574 0.07638
1 0.153335 0.619782 0.0436409 0.0801363
1 0.590737 0.283405 0.0295403 0.0582013
1 0.454862 0.289217 0.0272728 0.0649751
1 0.457138 0.469485 0.0306006 0.0776176
1 0.561527 0.283532 0.0259701 0.0547354
1 0.260609 0.291085 0.0360431 0.064317
1 0.522399 0.395768 0.0311865 0.0611999
1 0.8041 0.39054 0.0338092 0.0705697
1 0.429563 0.290134 0.0264214 0.0636418
1 0.552168 0.465784 0.0270674 0.0692641
1 0.701822 0.279683 0.0265671 0.0529907
