1 0.259542 0.741386 0.0503619 0.081325
1 0.495658 0.39779 0.0319479 0.0600558
1 0.815489 0.46462 0.0390059 0.0725436
1 0.437726 0.621705 0.0430833 0.0806833
1 0.401279 0.289789 0.0295686 0.0606283
1 0.535166 0.286004 0.0295696 0.0542904
1 0.36845 0.621931 0.0404142 0.0746574
1 0.561642 0.285523 0.0303255 0.0539793
1 0.42764 0.289549 0.0300461 0.0601032
1 0.256342 0.620298 0.0437182 0.0738998
1 0.489745 0.466833 0.0365122 0.0742845
1 0.333356 0.290615 0.0318479 0.0623777
1 0.453713 0.289004 0.0288202 0.0589372
1 0.335642 0.621177 0.0451608 0.0735455
1 0.465887 0.398773 0.0321558 0.0600616
1 0.781736 0.46604 0.0375863 0.0710879
1 0.309136 0.290568 0.034832 0.0625938
1 0.520295 0.466692 0.0315391 0.0741969
1 0.678361 0.392006 0.0338176 0.0678717
1 0.137012 0.738699 0.0495135 0.0781704
1 0.259361 0.29002 0.0373743 0.0635088
1 0.525081 0.393852 0.0304654 0.0635204
1 0.731207 0.282664 0.0291044 0.0542068
1 0.284442 0.29015 0.0355294 0.0628658
1 0.35006 0.406716 0.0296512 0.0567383
1 0.615444 0.466223 0.034719 0.0702424
1 0.155095 0.616201 0.0456234 0.0760221
1 0.710178 0.392068 0.0378901 0.0683999
1 0.688232 0.623266 0.0403518 0.0823205
1 0.47208 0.621885 0.0374576 0.0802527
