0 0.257453 0.737853 0.053575 0.0878784
1 0.139002 0.738755 0.0550141 0.0875284
0 0.218486 0.737942 0.055293 0.0920634
0 0.176974 0.739408 0.0586865 0.0907786
0 0.299546 0.735344 0.0533587 0.0807739
0 0.428985 0.743455 0.0501686 0.0823826
0 0.386657 0.746598 0.0511777 0.0826002
0 0.407695 0.398879 0.034752 0.0607662
1 0.372481 0.622234 0.0503065 0.0850071
0 0.0949596 0.738077 0.0560143 0.0868675
0 0.643977 0.283554 0.0256057 0.0556273
1 0.0599461 0.736974 0.0546767 0.0804377
1 0.436626 0.398185 0.0346515 0.0608132
1 0.614385 0.39176 0.0354632 0.0665936
1 0.252748 0.623714 0.0425084 0.0748453
0 0.34436 0.739964 0.0526079 0.0795969
0 0.590587 0.284632 0.0294243 0.0592423
1 0.312007 0.290163 0.0368253 0.0662901
1 0.456909 0.47095 0.0305378 0.0755721
1 0.689811 0.629253 0.0406293 0.0849587
1 0.466259 0.397339 0.0346872 0.0658979
1 0.763948 0.626637 0.0404348 0.0883585
1 0.220051 0.61861 0.0420499 0.0790327
1 0.849084 0.460207 0.0422886 0.0763628
1 0.731399 0.281463 0.0300086 0.0592073
1 0.31308 0.405895 0.0378787 0.0608278
0 0.647528 0.391057 0.0306337 0.0715737
1 0.726918 0.626098 0.0425447 0.0863003
1 0.746898 0.466799 0.0331494 0.0720277
0 0.533818 0.287363 0.026498 0.0572913
0 0.805967 0.390802 0.0331896 0.071911
1 0.773654 0.393266 0.0377106 0.0765974
0 0.710071 0.390687 0.0358475 0.0727165
1 0.430196 0.291867 0.0248591 0.0619724
1 0.51996 0.469021 0.0317814 0.0737623
1 0.367978 0.469192 0.0420358 0.0811754
1 0.553541 0.394799 0.0295773 0.0698384
1 0.875322 0.623713 0.049716 0.0897858
1 0.405692 0.622873 0.0425106 0.0808851
1 0.338082 0.617615 0.039935 0.0782306
1 0.561219 0.283543 0.024876 0.0541272
1 0.374312 0.401807 0.0375301 0.0638733
0 0.740825 0.391732 0.0327578 0.0709778
1 0.123127 0.616001 0.0470884 0.0816905
1 0.395464 0.469839 0.0373577 0.0786518
1 0.779417 0.465048 0.0391845 0.0742985
1 0.838725 0.624932 0.0420803 0.0890148
1 0.681393 0.467861 0.0319136 0.0713432
1 0.680274 0.394654 0.0313763 0.0750095
1 0.579141 0.623102 0.0364285 0.0838678
1 0.259869 0.291664 0.0357502 0.0653589
1 0.200182 0.402274 0.0414277 0.0599785
1 0.647188 0.466224 0.0315031 0.0733271
1 0.490456 0.470912 0.0326744 0.0746737
1 0.838313 0.391673 0.0370716 0.0687016
1 0.542781 0.622026 0.0365033 0.0815393
1 0.511467 0.749017 0.0465654 0.0860659
0 0.78787 0.278659 0.0318315 0.0556007
0 0.58311 0.397422 0.0297308 0.0597021
0 0.470553 0.745194 0.043059 0.0866191
1 0.65113 0.624594 0.0368244 0.0830912
1 0.801869 0.62854 0.0459171 0.0934973
1 0.281818 0.40197 0.0400329 0.0608153
1 0.233236 0.463221 0.0406518 0.0818879
0 0.673332 0.282611 0.0279274 0.0542533
1 0.506728 0.626166 0.0368069 0.0882023
1 0.302664 0.61907 0.0410804 0.0734428
1 0.252512 0.402217 0.0385216 0.0629546
1 0.812702 0.466978 0.0345697 0.0679833
1 0.615189 0.622253 0.0353531 0.0853945
1 0.20571 0.463281 0.0415713 0.0815571
0 0.619019 0.28447 0.0249052 0.0595839
1 0.481703 0.289908 0.0287462 0.0597939
1 0.261795 0.467694 0.0415525 0.0785662
1 0.285801 0.291419 0.034965 0.06688
0 0.236146 0.289461 0.0361824 0.0604342
1 0.815883 0.275594 0.0371361 0.0637269
1 0.440017 0.623227 0.0416889 0.0812339
0 0.701524 0.281151 0.0264479 0.0521457
1 0.335921 0.471056 0.0313774 0.0836733
1 0.290384 0.466834 0.0373332 0.0787228
1 0.225919 0.400889 0.0417256 0.0632847
1 0.349755 0.402345 0.035959 0.060916
1 0.584556 0.46844 0.0321753 0.0727165
1 0.615133 0.46819 0.0279642 0.0728712
1 0.712708 0.46661 0.0354366 0.0674614
0 0.496711 0.396011 0.0322063 0.0617892
1 0.188281 0.620407 0.0465042 0.0802782
1 0.761903 0.279528 0.0275832 0.0641048
1 0.153562 0.619761 0.0458859 0.0823807
1 0.377962 0.289814 0.0341269 0.0630945
1 0.507069 0.288087 0.0251711 0.0538957
1 0.405094 0.291871 0.0275877 0.0590806
1 0.521745 0.395565 0.0311606 0.0620066
1 0.428844 0.465021 0.0374304 0.0845176
1 0.471747 0.623286 0.0357156 0.0821684
1 0.552213 0.466787 0.0281301 0.069886
1 0.33569 0.291323 0.0326122 0.0623913
1 0.177568 0.462102 0.0376854 0.0793135
0 0.45564 0.289654 0.0274147 0.0637741
0 0.0249915 0.734286 0.0488103 0.0794418
