1 0.259449 0.740291 0.0528908 0.080473
1 0.336429 0.619544 0.0433451 0.0749793
1 0.337473 0.291101 0.0351352 0.0613322
1 0.312067 0.290599 0.0368444 0.0617633
1 0.401056 0.289653 0.0284369 0.0589577
1 0.438813 0.621003 0.041055 0.0808025
1 0.220054 0.619727 0.0415627 0.0759604
1 0.375114 0.290407 0.02918 0.059339
1 0.370781 0.61931 0.0378813 0.0763443
1 0.615515 0.466984 0.0336593 0.0706654
1 0.489313 0.468237 0.035544 0.0734042
1 0.729902 0.281978 0.0303388 0.0564976
1 0.187746 0.619321 0.0457958 0.0777405
1 0.520318 0.46765 0.0310856 0.0729647
1 0.712027 0.467785 0.0355124 0.0719731
1 0.614285 0.622734 0.0381049 0.0793536
1 0.781744 0.466599 0.0358653 0.0706719
1 0.816301 0.465495 0.0388147 0.0712602
1 0.689122 0.623962 0.0395681 0.0821264
1 0.588837 0.284807 0.0298 0.0563292
1 0.584014 0.396381 0.0324427 0.0579626
1 0.616165 0.396349 0.0322791 0.0585685
1 0.118958 0.616891 0.0459154 0.0796968
1 0.404444 0.620004 0.0391288 0.079811
1 0.254812 0.620091 0.0396112 0.0737897
1 0.507412 0.621056 0.0380943 0.0795938
1 0.378139 0.399016 0.0311794 0.0582704
1 0.338197 0.46814 0.0378832 0.0802407
