1 0.370278 0.619525 0.0399235 0.074262
1 0.376173 0.290684 0.0283812 0.0602368
1 0.338019 0.618788 0.0436825 0.0732756
1 0.814847 0.464688 0.0386147 0.0702855
1 0.616471 0.394657 0.0337548 0.0645786
1 0.30865 0.290796 0.035349 0.0609832
1 0.711849 0.469185 0.0370134 0.0728474
1 0.306228 0.618506 0.042001 0.0722874
1 0.437647 0.623028 0.0410265 0.076714
1 0.401323 0.290405 0.0283339 0.0594166
1 0.136285 0.741413 0.052054 0.0795775
1 0.466314 0.399019 0.0326887 0.0613431
1 0.366759 0.469335 0.0377995 0.0796001
1 0.405721 0.620835 0.0412864 0.0770141
1 0.560129 0.287446 0.0304008 0.0567977
1 0.458714 0.469328 0.0362999 0.0747591
1 0.260469 0.290055 0.0387296 0.059621
1 0.507136 0.623351 0.0360987 0.0789535
1 0.648358 0.469106 0.029767 0.0728264
1 0.520392 0.469196 0.0313064 0.0730248
1 0.436208 0.399773 0.0338146 0.0609577
1 0.780207 0.466262 0.0372849 0.0704612
1 0.479872 0.289323 0.0296416 0.0564098
1 0.838049 0.394012 0.0389869 0.0660441
1 0.61636 0.470207 0.0342617 0.0712408
1 0.330423 0.291481 0.0284518 0.0619038
1 0.18597 0.619651 0.0462883 0.0766179
1 0.284382 0.290311 0.0364869 0.0598229
