1 0.137855 0.739037 0.0553488 0.0864573
0 0.258739 0.735549 0.05343 0.0870111
0 0.709927 0.390818 0.0355452 0.0722027
1 0.177225 0.739014 0.0591537 0.0901188
0 0.471808 0.621964 0.0369118 0.0789265
1 0.0969565 0.737825 0.0530631 0.0832673
1 0.312865 0.404174 0.0376755 0.0629964
0 0.299692 0.733773 0.0532712 0.0819664
1 0.220645 0.616053 0.0427678 0.0791992
0 0.386949 0.744437 0.0516291 0.0844654
0 0.650907 0.62635 0.0364212 0.0832462
1 0.679831 0.394099 0.0316916 0.0742949
0 0.488829 0.469462 0.0331997 0.0743737
1 0.496696 0.395473 0.0321136 0.0609325
1 0.429704 0.741214 0.0498493 0.0824286
0 0.439635 0.622091 0.0405928 0.0807483
1 0.562052 0.281968 0.0244721 0.055903
1 0.837301 0.626702 0.0419378 0.0884886
1 0.646585 0.465116 0.0305446 0.0712106
0 0.428432 0.464599 0.0365766 0.0815698
0 0.542476 0.622154 0.0355248 0.0810025
0 0.874874 0.62358 0.0495268 0.0881591
1 0.372431 0.621001 0.0493052 0.0860769
0 0.672395 0.282109 0.0273304 0.0542878
1 0.6888 0.628906 0.040166 0.0831467
0 0.510685 0.748294 0.0474594 0.0882959
0 0.787316 0.278156 0.0308638 0.0543288
1 0.219546 0.735215 0.055 0.0917255
1 0.583632 0.467526 0.0323558 0.0730824
1 0.779105 0.465122 0.0391148 0.0751161
1 0.740377 0.39128 0.032624 0.0709981
1 0.405551 0.620368 0.0412834 0.0796722
1 0.395794 0.469106 0.0368821 0.0761343
1 0.466096 0.396142 0.0338814 0.0642645
1 0.339023 0.6155 0.0391018 0.0787678
1 0.376493 0.40147 0.0351457 0.0646401
1 0.727013 0.625463 0.0418841 0.0817043
1 0.344588 0.738622 0.0522514 0.0808493
0 0.589655 0.28333 0.0275117 0.0596591
1 0.772198 0.393992 0.036466 0.0750756
1 0.311624 0.290016 0.0369778 0.0663476
1 0.506238 0.625901 0.0368693 0.08613
1 0.157146 0.618165 0.0451711 0.0808401
1 0.253202 0.622062 0.0430161 0.076285
1 0.730759 0.28126 0.0299095 0.0579321
1 0.764227 0.625533 0.0408773 0.0890976
0 0.61454 0.6208 0.0355666 0.0826391
1 0.0602943 0.734958 0.0555595 0.0806536
1 0.816208 0.275689 0.036397 0.0612732
1 0.456697 0.469431 0.0304701 0.076224
1 0.206548 0.463014 0.0425987 0.0798193
0 0.645947 0.388511 0.0297094 0.0713673
1 0.282639 0.400759 0.0387411 0.06147
1 0.260317 0.290259 0.0353784 0.0650402
1 0.304456 0.616494 0.040731 0.0721093
1 0.812688 0.467171 0.0352779 0.0698531
0 0.614721 0.467925 0.0279536 0.0725248
1 0.614591 0.392234 0.0344935 0.0649195
1 0.26358 0.467711 0.0415896 0.0783316
1 0.849174 0.460125 0.042094 0.073705
0 0.801439 0.629466 0.0437115 0.092543
1 0.409592 0.396323 0.0342423 0.0586616
1 0.368021 0.467277 0.0411315 0.0824791
1 0.554007 0.396507 0.0297009 0.0693449
0 0.470975 0.74482 0.0431216 0.0868464
1 0.252331 0.402001 0.0403837 0.0661144
1 0.437312 0.396387 0.0331796 0.0590043
1 0.480526 0.289404 0.0284506 0.0602271
1 0.376183 0.287661 0.0327589 0.062873
1 0.578063 0.621925 0.0363022 0.0806688
1 0.746602 0.466879 0.0326584 0.0715034
1 0.336615 0.469702 0.029112 0.0837434
1 0.643402 0.282456 0.0261427 0.0557643
1 0.198089 0.401563 0.0429262 0.0614724
0 0.551451 0.466308 0.0276276 0.0705914
1 0.285094 0.291355 0.0335809 0.0654897
1 0.292064 0.466011 0.0365252 0.0773481
1 0.233807 0.459731 0.0418826 0.0883245
1 0.518855 0.468414 0.0329468 0.0739105
1 0.506712 0.286974 0.0257524 0.0539988
1 0.584044 0.396817 0.0299713 0.0595085
1 0.336617 0.290017 0.0335967 0.0638084
1 0.235942 0.289414 0.0361466 0.0610477
1 0.189011 0.619348 0.0446561 0.0788206
1 0.177812 0.462028 0.0373491 0.0762516
1 0.534702 0.284352 0.0272687 0.0574238
1 0.126606 0.616358 0.0473965 0.0817963
1 0.837214 0.391701 0.0385696 0.0689517
0 0.760958 0.279566 0.0285971 0.0632226
1 0.225437 0.40064 0.0425703 0.0648012
1 0.429182 0.290054 0.0265785 0.0641839
1 0.680916 0.467108 0.0308247 0.071381
1 0.700735 0.280057 0.0266445 0.0510577
1 0.712331 0.466633 0.0348078 0.066933
1 0.454825 0.289494 0.0271381 0.0644392
1 0.522164 0.395749 0.0311939 0.0612172
1 0.403729 0.291238 0.028112 0.0588499
1 0.350511 0.401704 0.0363749 0.0615179
1 0.804328 0.392411 0.0332825 0.0710784
0 0.617826 0.283609 0.0249403 0.0588673
