1 0.259865 0.741302 0.0526352 0.0797629
1 0.338593 0.29068 0.0360025 0.0637236
1 0.713729 0.467899 0.0373334 0.0730642
1 0.617007 0.394309 0.0328534 0.0620229
1 0.336165 0.619884 0.0436945 0.0768278
1 0.188764 0.619275 0.0444178 0.0775105
1 0.157194 0.618838 0.0470671 0.0769055
1 0.583887 0.395349 0.0323358 0.0594383
1 0.403026 0.620581 0.0383404 0.0773004
1 0.510151 0.621706 0.0401681 0.079558
1 0.352684 0.406144 0.0328118 0.0564692
1 0.578592 0.621575 0.0349504 0.0801301
1 0.543503 0.622052 0.0363982 0.0803776
1 0.70804 0.391981 0.0360918 0.0684885
1 0.435205 0.62062 0.0442988 0.0776517
1 0.368667 0.620883 0.0408111 0.0795467
1 0.817363 0.465466 0.036053 0.0749404
1 0.137159 0.741828 0.0498875 0.0775254
1 0.615449 0.621482 0.0399649 0.0827432
1 0.46178 0.398206 0.0327636 0.0565393
1 0.219177 0.61969 0.0422777 0.077694
1 0.304232 0.619862 0.0404441 0.0744547
1 0.493232 0.398621 0.0324838 0.0574385
1 0.380741 0.40512 0.0305346 0.0563733
