0 0.219704 0.737163 0.0535803 0.0905367
0 0.613817 0.391528 0.034507 0.0649309
1 0.0958337 0.737045 0.0562783 0.0839073
0 0.837969 0.624407 0.0401638 0.0892336
1 0.315889 0.401401 0.0387355 0.0597076
1 0.139057 0.738605 0.0565306 0.0865271
0 0.387788 0.744677 0.0501518 0.0834003
0 0.219801 0.617098 0.0418059 0.0791875
0 0.34474 0.738524 0.0529301 0.077531
1 0.282619 0.400674 0.0392095 0.0597484
1 0.803777 0.629272 0.0446106 0.0934958
1 0.258626 0.736684 0.0531007 0.0854876
1 0.496312 0.395913 0.0323118 0.0620769
1 0.1885 0.619934 0.0442976 0.0793351
1 0.394059 0.469573 0.0392942 0.0780581
0 0.74143 0.390614 0.0327485 0.070316
1 0.469816 0.744109 0.0419147 0.0838681
1 0.429863 0.741607 0.0499332 0.0818537
1 0.849166 0.461672 0.0431789 0.0758694
1 0.560879 0.283665 0.0251223 0.0559816
1 0.178562 0.740229 0.0605577 0.0895185
1 0.709606 0.390218 0.0381029 0.0726357
1 0.337539 0.617068 0.041764 0.0806446
0 0.806849 0.390654 0.0324854 0.0718968
1 0.290848 0.466077 0.0387367 0.0815281
0 0.711772 0.467071 0.0370838 0.0678146
1 0.253525 0.6223 0.0429426 0.0760048
1 0.231973 0.463708 0.0394001 0.0832127
1 0.746724 0.466906 0.033283 0.0732075
1 0.687646 0.630322 0.0416918 0.0847837
0 0.532909 0.286679 0.0271627 0.0590423
1 0.373017 0.621258 0.0499314 0.0836716
1 0.765825 0.627313 0.0419014 0.0895843
0 0.0580194 0.734294 0.0532678 0.0775909
1 0.286092 0.290177 0.0345444 0.0651701
1 0.3031 0.617791 0.0403512 0.073721
1 0.700595 0.280042 0.027536 0.0522305
1 0.405976 0.621843 0.0414685 0.0800321
1 0.352479 0.401137 0.0361477 0.0582067
1 0.440274 0.623515 0.0415375 0.0824921
0 0.589851 0.28329 0.0297326 0.0588397
1 0.490099 0.471474 0.0337276 0.0748271
1 0.874451 0.622069 0.0506512 0.0887756
1 0.672385 0.281066 0.0266545 0.0532236
1 0.466605 0.396662 0.0352495 0.0658514
1 0.72746 0.626563 0.0436667 0.0812208
1 0.455372 0.289638 0.0263199 0.0652168
1 0.312176 0.289109 0.0357744 0.0643912
1 0.649807 0.626614 0.035827 0.0819428
1 0.645854 0.465322 0.0313282 0.0721003
1 0.429608 0.290286 0.026015 0.0632067
1 0.225632 0.40081 0.0394458 0.064587
0 0.261161 0.467837 0.0422745 0.0804182
1 0.366885 0.468072 0.0424232 0.0832157
1 0.838001 0.39168 0.037669 0.0704155
0 0.253258 0.401177 0.0377675 0.0640132
1 0.456471 0.469745 0.0324175 0.0784984
1 0.198152 0.401063 0.0436679 0.0628331
1 0.176915 0.462466 0.0397733 0.0794279
1 0.541844 0.623301 0.0353451 0.0821296
1 0.679867 0.393523 0.0315794 0.0748388
0 0.646375 0.390068 0.0302067 0.0711249
1 0.378678 0.288646 0.0326541 0.0635213
1 0.680579 0.467535 0.0315639 0.0705967
1 0.508416 0.747545 0.0463255 0.0848343
1 0.761283 0.279157 0.0296052 0.0643507
1 0.40713 0.396519 0.0343718 0.0581664
1 0.298056 0.734568 0.0515946 0.0779938
1 0.260319 0.290342 0.0361572 0.064739
1 0.780352 0.465555 0.0402975 0.0762958
1 0.336119 0.289753 0.0335104 0.0645889
1 0.578207 0.624261 0.0393141 0.0848217
1 0.481565 0.289301 0.0292251 0.0624437
1 0.506126 0.626264 0.036465 0.0878335
1 0.435625 0.396134 0.0350724 0.0607918
1 0.644075 0.281198 0.0261042 0.0559456
1 0.42715 0.466303 0.0377831 0.0843029
1 0.404278 0.290449 0.0258239 0.0619395
1 0.334955 0.46943 0.0313263 0.0839951
1 0.555022 0.466448 0.0270237 0.0712363
0 0.15583 0.617624 0.0414298 0.0781904
1 0.614979 0.624141 0.0342767 0.0802288
1 0.582897 0.396283 0.0297984 0.061608
1 0.813487 0.467111 0.0351028 0.0693543
1 0.816762 0.275947 0.0356298 0.0623058
1 0.584495 0.466842 0.0296007 0.0696062
1 0.773993 0.39274 0.0382205 0.0775537
1 0.522141 0.395459 0.0302647 0.0623944
1 0.614749 0.466672 0.0274095 0.0699459
1 0.235982 0.288447 0.035832 0.0598593
1 0.126847 0.615533 0.0443556 0.083256
1 0.471974 0.623037 0.0358802 0.0801871
1 0.618894 0.281425 0.0257184 0.0585879
0 0.204931 0.464069 0.0426542 0.0823803
0 0.375188 0.400979 0.0348392 0.0599631
1 0.55339 0.395075 0.0288218 0.0683639
1 0.506388 0.28734 0.0252877 0.0551935
1 0.522272 0.468194 0.0326311 0.0731121
1 0.787538 0.278289 0.0293297 0.0552946
0 0.730239 0.280049 0.0307093 0.0564329
0 0.0262287 0.732686 0.0487384 0.0722181
