1 0.2591 0.74076 0.0526659 0.0826129
1 0.308739 0.290261 0.0339786 0.0603355
1 0.438833 0.622043 0.0404677 0.0770986
1 0.740096 0.393258 0.0365213 0.0639208
1 0.335804 0.619117 0.0442233 0.0733175
1 0.542719 0.621689 0.0359335 0.0763434
1 0.330583 0.290047 0.0299601 0.0600416
1 0.135754 0.741129 0.0515804 0.0793427
1 0.257062 0.290582 0.0356152 0.0612489
1 0.400499 0.289388 0.0278086 0.0582672
1 0.36939 0.620254 0.0383964 0.073558
1 0.560179 0.286449 0.0297975 0.0517602
1 0.495549 0.396509 0.0315837 0.0599682
1 0.453452 0.288339 0.0286537 0.0571281
1 0.185877 0.618003 0.047393 0.075986
1 0.532171 0.287094 0.0294064 0.0533707
1 0.615892 0.395039 0.0340872 0.0619929
1 0.520405 0.467307 0.031125 0.0724052
1 0.219092 0.618659 0.0440533 0.0751386
1 0.255122 0.619118 0.0419234 0.0734906
1 0.464684 0.39732 0.0324723 0.0594576
1 0.812993 0.466278 0.0409822 0.0745338
1 0.708141 0.393019 0.0354968 0.0645847
1 0.23219 0.290828 0.0378086 0.0623654
1 0.687629 0.624267 0.0409428 0.0815268
1 0.506169 0.287772 0.0288533 0.0555949
1 0.472601 0.62203 0.0351043 0.0774585
1 0.302213 0.618769 0.0371513 0.0714844
1 0.582644 0.394837 0.0333006 0.0612805
1 0.647636 0.394894 0.0297616 0.0625703
1 0.479716 0.28799 0.0289736 0.0569067
1 0.404514 0.399205 0.0291385 0.0569069
1 0.709216 0.467054 0.0354686 0.0695879
1 0.614814 0.622572 0.038328 0.0788233
1 0.282525 0.290469 0.0345266 0.0611051
1 0.779997 0.466808 0.0362731 0.0730696
1 0.489556 0.467563 0.0351986 0.0724804
1 0.365222 0.466798 0.0377274 0.0789664
1 0.676875 0.393429 0.0321621 0.0647013
1 0.457795 0.467649 0.0351959 0.0731742
