0 0.258474 0.738 0.0530301 0.0880075
0 0.138374 0.740036 0.0551811 0.0850371
0 0.0952662 0.738833 0.0564611 0.0848883
0 0.376091 0.402973 0.0357776 0.060678
0 0.299864 0.735596 0.0524092 0.0793352
0 0.220448 0.616487 0.0435739 0.0806614
0 0.177378 0.741026 0.0578243 0.0894406
0 0.614488 0.392164 0.0347524 0.06531
0 0.344027 0.741051 0.0524045 0.0797523
0 0.218712 0.738641 0.055957 0.0917343
0 0.409071 0.397976 0.0336463 0.0591025
0 0.647859 0.389986 0.0305389 0.0704572
0 0.490325 0.470534 0.032155 0.0737196
0 0.615261 0.623183 0.0350349 0.0836043
0 0.429439 0.745253 0.0499809 0.0832571
0 0.290374 0.466261 0.0365796 0.0808662
0 0.87637 0.623347 0.0483612 0.0896466
0 0.313025 0.404152 0.0367184 0.0617867
0 0.774405 0.393395 0.0378927 0.0751842
0 0.57918 0.624273 0.0365406 0.0862685
0 0.336285 0.469669 0.0314773 0.0837254
0 0.428248 0.4652 0.0375232 0.0837692
0 0.386784 0.748343 0.0522768 0.0839691
0 0.533393 0.286828 0.0271865 0.057466
0 0.405121 0.62162 0.0408877 0.0804188
0 0.496635 0.396153 0.0326859 0.0613452
0 0.205482 0.463113 0.0448059 0.0812743
0 0.224262 0.401504 0.0408751 0.0635823
0 0.741531 0.391977 0.0327997 0.0702221
0 0.187987 0.619498 0.0455362 0.0785593
0 0.373189 0.621075 0.0494315 0.0855419
0 0.7109 0.390998 0.035845 0.0715061
0 0.506195 0.625795 0.0373232 0.0884031
0 0.471907 0.622669 0.036821 0.0823021
0 0.839353 0.625073 0.0417597 0.0909187
0 0.681856 0.467346 0.0316032 0.0701532
0 0.77989 0.463874 0.0388672 0.0724995
0 0.65194 0.626489 0.0371948 0.0828058
1 0.253891 0.622166 0.0436139 0.0769516
0 0.584677 0.467366 0.0314964 0.0719476
0 0.78857 0.277526 0.0309923 0.0545922
0 0.850316 0.460571 0.043478 0.0746553
0 0.644461 0.282264 0.0263687 0.0558154
0 0.8065 0.390977 0.0330975 0.0713542
0 0.54252 0.622507 0.0363905 0.0813545
0 0.762165 0.279332 0.0283698 0.0663592
0 0.439698 0.623033 0.0417116 0.0820616
0 0.690181 0.629109 0.0410551 0.0855586
0 0.338306 0.616672 0.0400116 0.0792276
0 0.813878 0.466449 0.0356884 0.0685868
0 0.590611 0.283499 0.029743 0.0594099
0 0.765206 0.626594 0.0413672 0.0909646
0 0.471147 0.747311 0.0442661 0.0880991
0 0.747215 0.466823 0.0327417 0.0725881
0 0.232845 0.460144 0.0396021 0.0868471
0 0.456717 0.471424 0.0308222 0.0756547
0 0.73197 0.281176 0.0306061 0.0597265
0 0.520778 0.468548 0.0338049 0.0732608
0 0.728466 0.627248 0.0420138 0.0837029
0 0.673942 0.281461 0.0285392 0.0548563
0 0.28551 0.291015 0.0337367 0.0662457
0 0.803457 0.628672 0.0446995 0.0942003
0 0.0596042 0.735709 0.0549938 0.0780411
0 0.26047 0.290327 0.0361651 0.0649285
0 0.839543 0.39242 0.0380322 0.0674258
0 0.312018 0.289937 0.0371119 0.0663511
0 0.64827 0.466897 0.0311881 0.0723924
0 0.511843 0.749258 0.0453369 0.0879683
0 0.816882 0.275182 0.0356579 0.0621188
0 0.336246 0.291082 0.035328 0.0651711
0 0.680451 0.394678 0.0318443 0.0737934
0 0.152196 0.619087 0.0454796 0.0797615
0 0.615337 0.467476 0.0283218 0.0716437
0 0.236469 0.288337 0.0377568 0.062131
0 0.561512 0.283189 0.0248758 0.0542363
0 0.281541 0.401559 0.0390575 0.0598435
0 0.712427 0.466529 0.0353567 0.0675567
0 0.367647 0.468033 0.0410902 0.0833531
0 0.618997 0.282112 0.0250504 0.0596487
0 0.555076 0.395558 0.0290881 0.0658762
0 0.261819 0.467392 0.0402769 0.0805791
0 0.522566 0.395649 0.0314535 0.0616517
0 0.350872 0.401847 0.0344731 0.0591694
0 0.377756 0.288082 0.0333722 0.062653
0 0.466493 0.397433 0.0344048 0.0633546
0 0.583896 0.396203 0.0298924 0.0613724
0 0.250781 0.401847 0.0389814 0.0638912
0 0.430173 0.289618 0.0268386 0.0628155
1 0.39599 0.469001 0.037074 0.0792537
0 0.198373 0.402738 0.0420805 0.0588606
0 0.552944 0.466319 0.0272333 0.0686644
0 0.481289 0.289438 0.0290102 0.0604694
0 0.404411 0.28942 0.0277599 0.0584224
0 0.702265 0.280452 0.0262892 0.0523323
0 0.50639 0.287881 0.0260216 0.0542472
0 0.121534 0.616105 0.0470958 0.0833997
1 0.304424 0.618876 0.0414125 0.0724886
0 0.455493 0.288999 0.0263307 0.0643895
0 0.176697 0.460411 0.0362078 0.0776361
1 0.436284 0.399409 0.0338436 0.0590768
0 0.435873 0.399358 0.0332934 0.0603039
0 0.0261258 0.733586 0.0488142 0.0721965
