1 0.138282 0.739396 0.0559529 0.0882002
1 0.176078 0.739104 0.0584739 0.090859
0 0.34456 0.739289 0.0526516 0.0809048
1 0.186607 0.617553 0.046094 0.0811491
0 0.0948643 0.737729 0.0560052 0.0868251
1 0.495649 0.395401 0.032715 0.0616055
0 0.386153 0.745582 0.0521352 0.0855886
1 0.763006 0.625157 0.0404979 0.0888887
1 0.375123 0.400632 0.03491 0.0638041
1 0.488637 0.468932 0.031886 0.0742064
1 0.427863 0.464313 0.036482 0.0804804
1 0.372177 0.61954 0.0482513 0.0825453
1 0.4552 0.468847 0.0310138 0.0751553
1 0.46582 0.395234 0.0344032 0.0626176
1 0.553251 0.393607 0.0307772 0.070679
0 0.219433 0.7371 0.0542609 0.0929417
1 0.368105 0.465772 0.0409679 0.0834463
1 0.257289 0.737872 0.0547997 0.0887285
1 0.778141 0.463937 0.038792 0.07409
1 0.299374 0.734334 0.0531407 0.0809675
1 0.800559 0.627264 0.0441732 0.0924631
1 0.261137 0.466571 0.0418166 0.0800716
1 0.123799 0.614226 0.0488979 0.0826283
1 0.726422 0.624423 0.0419458 0.0838413
1 0.688359 0.62597 0.0409149 0.0840136
1 0.28177 0.400533 0.0404251 0.0608602
1 0.350705 0.400892 0.0361527 0.0601165
1 0.481331 0.288255 0.0279881 0.0618296
1 0.337176 0.616859 0.0410613 0.0798014
1 0.61322 0.391788 0.0347563 0.0645208
1 0.223183 0.400072 0.0418479 0.062691
1 0.740437 0.390172 0.0331705 0.0701627
1 0.505702 0.624574 0.0371922 0.0872191
1 0.847351 0.459047 0.0412327 0.0750872
1 0.153243 0.616839 0.0437683 0.0801249
1 0.430217 0.289967 0.0255243 0.064063
1 0.0588816 0.736255 0.055397 0.0826752
1 0.579015 0.622405 0.035957 0.0847597
1 0.815602 0.273799 0.0361332 0.0606227
1 0.310698 0.289459 0.0357625 0.0654584
1 0.807974 0.389439 0.0347485 0.0713089
1 0.811467 0.465565 0.0350012 0.06927
1 0.175747 0.460893 0.0390831 0.077092
1 0.404998 0.620796 0.041655 0.0795299
1 0.407209 0.396197 0.0337008 0.0597734
0 0.377317 0.287351 0.0328881 0.0643137
1 0.471103 0.745173 0.0426891 0.0866236
1 0.560696 0.282838 0.0257674 0.0554406
1 0.455269 0.288624 0.0262384 0.064232
1 0.582841 0.465746 0.0314032 0.0729286
1 0.471225 0.622992 0.0357994 0.0834072
1 0.395084 0.46763 0.0366531 0.0779177
1 0.650194 0.623192 0.0369893 0.0813198
1 0.510696 0.748344 0.045841 0.0874566
1 0.645418 0.389143 0.0304663 0.0698928
0 0.429279 0.742971 0.0492377 0.0851511
1 0.710741 0.465109 0.0346824 0.0675629
1 0.404323 0.290206 0.0273582 0.0616007
1 0.875893 0.623124 0.0502663 0.0891029
1 0.20334 0.461691 0.042484 0.0802355
1 0.312297 0.404383 0.0379343 0.0635773
1 0.53277 0.285597 0.0266269 0.0568846
1 0.254165 0.621619 0.0421029 0.0737402
1 0.439884 0.621857 0.0409924 0.0814635
1 0.672892 0.2798 0.028265 0.0562469
1 0.838174 0.624256 0.0426111 0.0888746
1 0.647167 0.464407 0.0304536 0.0726227
1 0.613988 0.620072 0.0351908 0.0837783
1 0.336455 0.469051 0.0319146 0.0849295
1 0.541904 0.621578 0.0377396 0.0809246
1 0.773507 0.392295 0.0393387 0.0760577
1 0.251578 0.400738 0.0396166 0.0625543
1 0.220762 0.616284 0.0431591 0.0793994
1 0.518703 0.467239 0.0321854 0.0729544
1 0.74519 0.466096 0.0338692 0.0730917
1 0.67881 0.392445 0.0306054 0.0746722
1 0.231576 0.461674 0.040264 0.0811756
1 0.285658 0.290174 0.0356332 0.0677175
1 0.195005 0.400779 0.042667 0.0616099
0 0.43563 0.39566 0.0347195 0.0600807
1 0.708639 0.388495 0.0352695 0.071337
1 0.335499 0.29 0.0329829 0.0649261
1 0.78749 0.275775 0.0306435 0.0556986
1 0.761436 0.277418 0.0281678 0.0642648
1 0.731448 0.278669 0.0298302 0.0573784
1 0.614776 0.466595 0.0301466 0.0746258
1 0.235083 0.288433 0.0370847 0.0616496
1 0.643698 0.281823 0.026 0.05753
1 0.68109 0.465283 0.0313145 0.0700054
0 0.582975 0.395153 0.0292611 0.0606735
1 0.506029 0.286348 0.0250763 0.0545023
1 0.2597 0.289425 0.0359893 0.066322
1 0.302 0.617397 0.0400091 0.073126
1 0.29019 0.46542 0.0378768 0.0813615
1 0.840024 0.390298 0.0358318 0.0674753
1 0.58905 0.283012 0.0289673 0.058596
1 0.618952 0.282099 0.0240904 0.0605318
0 0.52185 0.394417 0.0304301 0.0622298
1 0.701049 0.279167 0.0277998 0.0528495
1 0.551266 0.465536 0.0279716 0.0702012
1 0.0225262 0.73646 0.0439517 0.0862474
