1 0.13834 0.740047 0.0548114 0.085688
0 0.257634 0.737475 0.0534981 0.0881208
0 0.299283 0.735565 0.0531481 0.0813736
0 0.177081 0.73912 0.057852 0.0885565
0 0.838719 0.625885 0.0408457 0.0915136
0 0.774138 0.393105 0.0385214 0.0766716
0 0.0947505 0.738707 0.0559441 0.0843811
0 0.489412 0.47025 0.0323457 0.0738958
0 0.218269 0.736464 0.0549436 0.0912249
0 0.429118 0.742218 0.0481819 0.0809456
0 0.386543 0.746992 0.0520493 0.0846205
0 0.439008 0.62384 0.0417431 0.0803379
0 0.376248 0.403091 0.0349779 0.0593774
0 0.311923 0.404636 0.0376481 0.0637834
1 0.72724 0.625941 0.0422199 0.0858398
0 0.779294 0.463286 0.0393503 0.0714179
0 0.589976 0.284144 0.0288773 0.0580692
0 0.395113 0.471079 0.0366756 0.0787556
1 0.373605 0.622517 0.0516311 0.0859535
1 0.680155 0.394249 0.0309848 0.0737013
1 0.689638 0.628444 0.0408747 0.0853209
0 0.740814 0.391521 0.0330157 0.0712673
0 0.436073 0.39715 0.0354208 0.0605269
0 0.763878 0.625998 0.0413885 0.0888872
0 0.280962 0.401245 0.0397463 0.0598531
1 0.302946 0.619044 0.0406088 0.0720263
1 0.506992 0.62634 0.0378389 0.0891747
0 0.643721 0.282578 0.0255445 0.0549364
1 0.787359 0.277758 0.0309777 0.0544966
0 0.647126 0.390337 0.0304832 0.0705447
0 0.285568 0.291388 0.0342991 0.0644816
1 0.812651 0.465675 0.0348648 0.0691645
0 0.848208 0.459054 0.0423231 0.0748304
0 0.614456 0.391753 0.0348035 0.0656015
1 0.260012 0.291752 0.0354629 0.0648946
0 0.510489 0.749779 0.0472744 0.0878412
1 0.427683 0.46557 0.0365983 0.0829878
0 0.673123 0.282088 0.027627 0.0531906
0 0.344068 0.739426 0.0516081 0.0794128
0 0.839106 0.391246 0.0374348 0.0658856
1 0.252032 0.623202 0.042531 0.0752172
1 0.405623 0.622592 0.0407294 0.0805239
0 0.519445 0.468464 0.0329746 0.0724802
1 0.615955 0.622357 0.0358591 0.0861378
0 0.806156 0.390589 0.0335511 0.0713994
1 0.80211 0.629167 0.0441174 0.0943268
1 0.218622 0.61843 0.0416137 0.0768349
1 0.711731 0.467526 0.0358656 0.0693565
0 0.456216 0.469971 0.0317681 0.0751803
1 0.56061 0.283596 0.0257181 0.0541749
1 0.584129 0.467672 0.0313526 0.0719798
0 0.49566 0.397204 0.0334209 0.0610011
0 0.710034 0.390964 0.0354303 0.0721391
0 0.470141 0.745612 0.0432573 0.0849657
1 0.250399 0.401759 0.038386 0.0634205
0 0.408013 0.396584 0.0342859 0.0590263
0 0.0591761 0.735064 0.0537134 0.0753529
0 0.481302 0.289705 0.028146 0.059446
0 0.204765 0.46407 0.0414753 0.0826252
1 0.543164 0.62216 0.0367673 0.0814721
0 0.647648 0.466459 0.0307803 0.0723059
1 0.579499 0.622337 0.0370521 0.0857316
0 0.554254 0.395884 0.0293463 0.066251
0 0.337101 0.290812 0.0352365 0.0629959
1 0.188223 0.619847 0.0436963 0.0768158
0 0.746754 0.466213 0.0333151 0.071311
0 0.875426 0.62507 0.0479156 0.0870022
0 0.15423 0.620856 0.0418537 0.0768904
0 0.198528 0.401926 0.0423688 0.0584012
1 0.651877 0.626176 0.0366453 0.0836304
1 0.338295 0.617923 0.0403242 0.0776749
1 0.177395 0.462442 0.0393163 0.0812275
1 0.260469 0.469681 0.0418983 0.0825166
0 0.533325 0.286107 0.0257723 0.0570651
0 0.614968 0.467279 0.0287661 0.0713405
0 0.761308 0.278951 0.0274923 0.0639621
0 0.223912 0.401001 0.0392475 0.0623677
0 0.368009 0.467818 0.0417562 0.0842387
0 0.731171 0.280876 0.03001 0.0586552
1 0.311248 0.290906 0.0366738 0.0647812
1 0.471023 0.623339 0.0361509 0.0805655
0 0.465971 0.398275 0.0333113 0.0624561
1 0.289634 0.467247 0.0363126 0.0787264
1 0.12588 0.617899 0.0439003 0.0809199
1 0.236106 0.289299 0.0358017 0.0620881
1 0.40414 0.290282 0.0270969 0.0592562
0 0.583971 0.396921 0.0309322 0.0614113
1 0.681597 0.467387 0.0310944 0.0714972
0 0.351345 0.402357 0.0344829 0.0584578
1 0.506181 0.288496 0.0261982 0.0554079
0 0.455438 0.289304 0.0269314 0.0617834
1 0.232612 0.461405 0.0399912 0.0903826
0 0.522237 0.396696 0.0305819 0.0610591
1 0.337768 0.470033 0.0290126 0.0852879
1 0.815983 0.275426 0.0366774 0.0628637
0 0.700999 0.280615 0.0275507 0.0507437
0 0.618596 0.283199 0.0250895 0.0593093
0 0.429909 0.29048 0.0263403 0.0621955
1 0.552023 0.466831 0.0274955 0.0697529
1 0.376986 0.288093 0.0330287 0.0627843
