0 0.257629 0.736982 0.0533858 0.0876692
0 0.260423 0.291681 0.0355802 0.06466
1 0.138541 0.740287 0.0565762 0.0871381
0 0.290311 0.466735 0.0377544 0.0816265
0 0.0948315 0.739036 0.0561186 0.0849438
0 0.372745 0.620934 0.0490337 0.0848105
0 0.773706 0.392623 0.0380827 0.0763638
0 0.312846 0.403815 0.0377233 0.0612873
0 0.613966 0.392284 0.0349565 0.0649578
1 0.351915 0.401885 0.0344552 0.0582073
0 0.299486 0.735301 0.0532199 0.0806993
1 0.727061 0.625752 0.0425756 0.0857329
0 0.376929 0.402136 0.0346268 0.0606746
0 0.311347 0.290989 0.03729 0.0658017
0 0.429223 0.744172 0.0497452 0.083641
1 0.337694 0.617871 0.0404131 0.0782858
0 0.533992 0.286864 0.0278606 0.0583207
0 0.224861 0.401 0.0423377 0.062855
0 0.344303 0.739629 0.0521854 0.0790361
1 0.158411 0.619375 0.0450644 0.0806477
1 0.219235 0.618883 0.0407063 0.0779127
1 0.54201 0.621663 0.0369397 0.0801718
0 0.650983 0.624583 0.0370938 0.0836846
1 0.218293 0.737586 0.0557192 0.0895246
1 0.435934 0.397398 0.0350169 0.0593266
1 0.746293 0.466714 0.0333371 0.0721558
0 0.386672 0.746454 0.0516486 0.0839142
0 0.764193 0.625824 0.0412957 0.0901596
0 0.647711 0.390527 0.0311401 0.0710408
0 0.471622 0.622076 0.0373515 0.0807407
0 0.681198 0.467353 0.0315357 0.070463
0 0.368118 0.466906 0.0417429 0.0836826
0 0.395122 0.469935 0.0373301 0.0797878
0 0.438944 0.622306 0.0412079 0.0806188
0 0.850092 0.45941 0.0435389 0.0770783
0 0.876003 0.623123 0.0504044 0.0899948
0 0.407516 0.397312 0.0329125 0.0576774
0 0.741268 0.391401 0.0323822 0.0711299
0 0.590097 0.284815 0.0302477 0.0592739
0 0.489682 0.469829 0.0323643 0.07432
0 0.465746 0.39714 0.0344078 0.0644418
1 0.817269 0.276542 0.0362822 0.0615581
0 0.802926 0.628578 0.0446624 0.0931839
0 0.813554 0.46619 0.0358265 0.0680969
1 0.578315 0.622661 0.0366646 0.0843682
1 0.838371 0.625357 0.0408298 0.090041
0 0.470901 0.74663 0.0438793 0.0878935
1 0.615274 0.46792 0.0277296 0.0721305
1 0.730517 0.28084 0.0301501 0.0549897
0 0.778918 0.464167 0.0400194 0.0739124
0 0.644101 0.282679 0.0262217 0.0564112
1 0.709749 0.390255 0.0365574 0.0726271
0 0.176769 0.461087 0.0376538 0.0765266
0 0.712235 0.466262 0.0350086 0.0663145
1 0.335588 0.291916 0.0338686 0.0634719
1 0.689579 0.629592 0.0412151 0.083667
0 0.252269 0.622907 0.0424883 0.0785446
1 0.584515 0.467512 0.0317513 0.071253
1 0.561258 0.283717 0.024391 0.0543071
0 0.0589546 0.736011 0.0543364 0.0769402
0 0.175808 0.739407 0.0570648 0.0894275
0 0.506008 0.62539 0.0366079 0.0879677
0 0.456358 0.470643 0.0310047 0.077549
1 0.519499 0.468658 0.0329529 0.0727475
1 0.284404 0.292232 0.0332454 0.0660128
1 0.496196 0.396178 0.0327457 0.0610487
1 0.260221 0.468981 0.0412669 0.0816153
1 0.511629 0.748806 0.0470854 0.0866505
1 0.123811 0.617283 0.0495374 0.0845522
0 0.251243 0.401545 0.037997 0.0631413
0 0.190318 0.61871 0.0420997 0.0792634
0 0.701515 0.280178 0.0264265 0.0521435
1 0.405448 0.621724 0.0415867 0.0811566
1 0.20448 0.462303 0.0440218 0.0794815
1 0.837483 0.390779 0.0377319 0.0687618
0 0.280795 0.401354 0.0396279 0.0601543
0 0.761568 0.280065 0.0286708 0.0651174
0 0.805882 0.389809 0.0331295 0.070889
0 0.788412 0.278036 0.0312923 0.0550594
1 0.429961 0.290569 0.0253496 0.0632797
0 0.377798 0.289129 0.0333635 0.0629141
1 0.554445 0.395364 0.028774 0.0692926
1 0.614497 0.621932 0.0355698 0.0860058
1 0.302393 0.619925 0.0401426 0.0721688
1 0.680461 0.393863 0.0314336 0.0728777
1 0.427661 0.466266 0.0366068 0.0828815
1 0.481365 0.289185 0.0284711 0.060023
0 0.673371 0.281929 0.0278117 0.0549621
0 0.198011 0.402145 0.0427633 0.0577941
0 0.506663 0.287333 0.025416 0.0541952
0 0.647271 0.466753 0.0313297 0.0721375
1 0.336247 0.469496 0.0306883 0.0850916
0 0.583074 0.397673 0.0292854 0.0602517
0 0.235881 0.289412 0.0352681 0.0601132
1 0.522806 0.395567 0.0311943 0.0621947
0 0.404931 0.29086 0.0271501 0.0596219
1 0.231455 0.463033 0.0416994 0.0851173
1 0.552528 0.466503 0.0279593 0.0692642
1 0.619306 0.282988 0.0242783 0.05993
0 0.455354 0.2887 0.0275407 0.0639531
0 0.026082 0.732479 0.0485598 0.0696264
