0 0.257758 0.737108 0.0530425 0.0874601
1 0.139059 0.739543 0.0556074 0.0871397
0 0.260225 0.292206 0.0358608 0.065364
0 0.372679 0.620858 0.0490274 0.0844112
0 0.290039 0.46657 0.0370051 0.0811264
0 0.465887 0.397495 0.0343969 0.06449
0 0.773959 0.392678 0.0377468 0.0759213
0 0.312744 0.403836 0.03761 0.0613765
0 0.095278 0.738579 0.0560317 0.0854345
0 0.311527 0.290686 0.0369401 0.0656833
1 0.351824 0.40167 0.0347404 0.058568
0 0.614225 0.392706 0.0348713 0.0642686
1 0.727309 0.626359 0.0425493 0.0844243
0 0.20438 0.463809 0.0433652 0.0811934
0 0.376373 0.401753 0.0355565 0.0601245
0 0.188291 0.619308 0.0462133 0.0785758
1 0.219004 0.618917 0.040489 0.0775716
0 0.299515 0.735283 0.0533421 0.0801506
0 0.647408 0.466046 0.0310539 0.071999
0 0.519607 0.468404 0.0325829 0.0723291
0 0.533944 0.286896 0.0275743 0.0584482
0 0.489958 0.470053 0.0328389 0.0730866
1 0.218336 0.737581 0.0563596 0.0895906
0 0.224465 0.401312 0.0415023 0.0629769
1 0.681135 0.467446 0.031251 0.0713396
0 0.849953 0.460182 0.0434914 0.0756796
1 0.541831 0.62152 0.0368656 0.0797908
0 0.429373 0.742599 0.0496587 0.0816675
0 0.65089 0.624675 0.0369818 0.082979
0 0.471301 0.622171 0.0365268 0.0811397
0 0.439242 0.621884 0.0413738 0.08053
0 0.344237 0.739529 0.0523675 0.078961
1 0.435806 0.397813 0.0345188 0.0591987
0 0.764351 0.625994 0.0407839 0.0879255
1 0.746525 0.466843 0.0331308 0.0721796
0 0.40802 0.39748 0.0330747 0.0574883
0 0.590071 0.284799 0.0302189 0.0590829
1 0.817383 0.276334 0.03639 0.0619184
0 0.1536 0.618162 0.0450242 0.0807119
0 0.813703 0.46648 0.0359442 0.0691322
1 0.337545 0.617598 0.0402312 0.0784386
0 0.741539 0.390587 0.0325861 0.0716839
0 0.386676 0.746365 0.0518927 0.0836596
1 0.395081 0.46946 0.0379151 0.0788412
0 0.648232 0.390078 0.03132 0.0724967
1 0.367293 0.467767 0.0415143 0.0855478
1 0.730999 0.280718 0.03047 0.055466
1 0.802397 0.628192 0.044307 0.0919933
0 0.252338 0.622984 0.0419162 0.0767025
0 0.175998 0.739058 0.0569391 0.089713
1 0.430767 0.291363 0.0236575 0.0621449
0 0.875983 0.622706 0.0505827 0.0904394
0 0.711724 0.46637 0.0362501 0.0677786
0 0.643978 0.282626 0.0262873 0.0564486
1 0.838266 0.625221 0.0415424 0.0897963
0 0.511002 0.749043 0.0460033 0.0873331
1 0.5535 0.395155 0.0297401 0.0698672
0 0.0592136 0.734854 0.0542854 0.0757315
0 0.506341 0.62682 0.0374649 0.0899073
0 0.77915 0.464194 0.0400768 0.0736334
0 0.23206 0.463719 0.040014 0.0822586
1 0.709685 0.390392 0.0366548 0.0726469
1 0.615401 0.467749 0.0278885 0.0726252
0 0.495559 0.396721 0.0329792 0.0615379
1 0.689516 0.629697 0.0399673 0.0844152
1 0.284815 0.292242 0.0334739 0.0665441
1 0.302167 0.619089 0.0404664 0.0733141
1 0.561141 0.283709 0.0243575 0.0541663
1 0.260735 0.468408 0.0411305 0.0820413
0 0.47066 0.745329 0.0431511 0.0853098
1 0.584298 0.467512 0.0319807 0.07176
0 0.578122 0.622679 0.0364538 0.0843361
0 0.377469 0.288466 0.0337503 0.0644072
1 0.405641 0.621389 0.0417875 0.0811892
0 0.701556 0.27994 0.0263361 0.0521722
1 0.335625 0.291974 0.0333021 0.0639309
1 0.837817 0.390997 0.0376854 0.068873
0 0.456283 0.470909 0.0309142 0.0775976
0 0.805976 0.390265 0.0328978 0.0720494
0 0.197896 0.402559 0.0428087 0.0578579
1 0.121909 0.615546 0.0484047 0.0840624
0 0.761741 0.279887 0.0285804 0.065716
0 0.280623 0.401335 0.0401013 0.060089
0 0.788365 0.277901 0.0310869 0.0554815
0 0.25094 0.402009 0.0381738 0.0631018
1 0.522047 0.397494 0.0315952 0.0609822
1 0.614443 0.622697 0.0353175 0.0840408
1 0.680613 0.394347 0.0308954 0.0731915
1 0.336087 0.470193 0.0310094 0.0866613
0 0.673327 0.281793 0.0281043 0.0552668
0 0.235453 0.289527 0.0367222 0.0611022
0 0.583404 0.396795 0.0294751 0.0620006
0 0.506641 0.287565 0.0253754 0.0540122
1 0.481386 0.289735 0.0286589 0.0597751
1 0.427572 0.465582 0.0365563 0.084745
1 0.619274 0.282916 0.024304 0.0599011
0 0.176478 0.461162 0.0369662 0.0770741
0 0.455434 0.288954 0.0275028 0.0635146
1 0.552007 0.466696 0.0281014 0.0690151
0 0.404131 0.290361 0.0270043 0.0601945
0 0.0263499 0.732431 0.0489638 0.0698511
