1 0.188075 0.617846 0.0453329 0.0777887
1 0.259795 0.739088 0.052149 0.0829584
1 0.582549 0.46781 0.0348475 0.0698137
1 0.339294 0.290166 0.0340396 0.0594538
1 0.33688 0.467449 0.0394521 0.078857
1 0.615433 0.622222 0.0372063 0.0784267
1 0.335784 0.620833 0.0443421 0.0735743
1 0.511084 0.746066 0.043618 0.0793835
1 0.542633 0.621862 0.0356657 0.0749132
1 0.257235 0.619912 0.0470594 0.0751954
1 0.219529 0.618373 0.0427814 0.0773204
1 0.369613 0.620588 0.0399233 0.0742048
1 0.465671 0.398738 0.0327106 0.0567868
1 0.713213 0.467513 0.0337994 0.0706
1 0.436889 0.620947 0.0423698 0.079021
1 0.585538 0.395746 0.0348536 0.0591991
1 0.616983 0.395327 0.0322833 0.0598772
1 0.854007 0.46446 0.0432384 0.0726362
1 0.745167 0.467207 0.033272 0.0706602
1 0.617178 0.467865 0.0339277 0.0691187
1 0.781798 0.465592 0.0358319 0.0693402
