1 0.258932 0.740895 0.0529929 0.0824783
1 0.740586 0.393258 0.0363526 0.0644786
1 0.30874 0.290357 0.0339399 0.0599509
1 0.335749 0.619854 0.0443459 0.0735879
1 0.331158 0.290038 0.0301845 0.0595134
1 0.542681 0.622128 0.0365911 0.0777185
1 0.437781 0.621734 0.0418732 0.0799862
1 0.369021 0.620875 0.0388958 0.0739412
1 0.560065 0.286776 0.0300456 0.0516308
1 0.45337 0.28827 0.0285296 0.0572557
1 0.257786 0.290452 0.0362504 0.0613967
1 0.135679 0.741115 0.0517851 0.0791614
1 0.615723 0.395922 0.0336128 0.0607201
1 0.519831 0.467432 0.031291 0.0726215
1 0.479137 0.287825 0.0290731 0.0567213
1 0.400514 0.289148 0.0279581 0.0585434
1 0.495872 0.396988 0.0306432 0.0590522
1 0.531564 0.28722 0.0287768 0.0533326
1 0.464796 0.39772 0.0322547 0.0588314
1 0.647713 0.395747 0.0299514 0.0614942
1 0.186089 0.617748 0.0482024 0.075993
1 0.255397 0.619071 0.0428775 0.0737453
1 0.813779 0.466391 0.0390761 0.0723986
1 0.708294 0.393199 0.0360103 0.0647697
1 0.50564 0.287605 0.0287268 0.0553088
1 0.365458 0.467426 0.0375696 0.0776737
1 0.426963 0.28881 0.0279751 0.0578239
1 0.23208 0.290667 0.0377029 0.0626362
1 0.283406 0.290394 0.0341946 0.060708
1 0.709347 0.467204 0.0349525 0.0701043
1 0.219983 0.618754 0.0427624 0.0748432
1 0.404597 0.621567 0.0393855 0.0782067
1 0.47146 0.62197 0.0385736 0.0804939
1 0.780428 0.466874 0.0358911 0.0714931
1 0.40455 0.399524 0.0292822 0.0571252
1 0.302419 0.619479 0.0382862 0.0719884
1 0.470632 0.747087 0.0385823 0.0806647
1 0.687703 0.624765 0.0405914 0.0810019
1 0.616775 0.468715 0.0342623 0.0680951
1 0.489022 0.4675 0.035172 0.0727248
1 0.729804 0.282192 0.0285022 0.0555262
1 0.679245 0.46811 0.0330742 0.0705266
