1 0.219032 0.619717 0.0426814 0.0774904
1 0.336333 0.620355 0.0432832 0.0747407
1 0.336138 0.290893 0.0346805 0.0612805
1 0.258977 0.743692 0.0517891 0.0794782
1 0.4262 0.289169 0.0285701 0.059119
1 0.369481 0.620554 0.0383329 0.0753199
1 0.43846 0.623264 0.0405677 0.0778097
1 0.713697 0.467653 0.0365373 0.0724601
1 0.308434 0.291255 0.0355231 0.0625188
1 0.465442 0.398679 0.0328279 0.0569696
1 0.53273 0.287051 0.0302606 0.0566666
1 0.400687 0.28944 0.0285779 0.0592724
1 0.375349 0.289776 0.02894 0.0593246
1 0.496173 0.39807 0.031408 0.0564542
1 0.283479 0.290848 0.0367881 0.0628754
1 0.615871 0.468197 0.033605 0.0712752
1 0.480048 0.288583 0.0297483 0.0579249
1 0.258442 0.290842 0.0373105 0.0642045
1 0.256965 0.620844 0.0461148 0.0736285
1 0.186936 0.619013 0.0470814 0.079706
1 0.453027 0.288985 0.029751 0.0587594
1 0.232345 0.290684 0.0379158 0.0657298
