0 0.138484 0.738824 0.0562103 0.0865415
1 0.220312 0.616253 0.0432315 0.0801699
0 0.0966435 0.737631 0.0549882 0.0858952
1 0.439885 0.621995 0.0424206 0.0819782
1 0.336901 0.616948 0.0401552 0.0776504
0 0.344612 0.735857 0.05518 0.0761771
1 0.371866 0.619069 0.0493643 0.0839494
1 0.298053 0.732999 0.050768 0.0796819
0 0.219422 0.736821 0.0554125 0.0920337
1 0.394976 0.467986 0.037225 0.077004
1 0.312657 0.403643 0.0388921 0.0612377
0 0.177141 0.739239 0.0587688 0.0895313
1 0.285212 0.291878 0.0366923 0.0678986
0 0.849263 0.458858 0.0427715 0.0752222
0 0.25957 0.291574 0.0355026 0.0654344
1 0.507529 0.624731 0.0362183 0.0874639
1 0.312073 0.290918 0.0369267 0.0667079
1 0.816205 0.273802 0.0359383 0.0606241
0 0.472008 0.741894 0.0430222 0.0850052
1 0.253395 0.621652 0.042245 0.0764545
1 0.690636 0.626522 0.040243 0.0846909
0 0.388377 0.744054 0.051481 0.0851007
1 0.155159 0.617998 0.0460097 0.0829583
1 0.187908 0.618146 0.0449238 0.0826074
1 0.614758 0.391515 0.0333409 0.0640952
1 0.302765 0.617304 0.038938 0.0716469
1 0.652897 0.62367 0.0390196 0.0829014
1 0.812974 0.465942 0.0372245 0.0697907
1 0.368092 0.466075 0.0416291 0.083974
1 0.259205 0.735618 0.0535179 0.0863682
0 0.80452 0.389186 0.0349195 0.0716723
1 0.577957 0.622635 0.0369534 0.0838993
1 0.835432 0.624483 0.0421829 0.0880563
0 0.430722 0.738641 0.0476248 0.0800505
1 0.375617 0.400869 0.0356519 0.061591
0 0.232575 0.46361 0.0390211 0.0811705
1 0.407418 0.397522 0.0333481 0.0579062
1 0.465629 0.395825 0.035055 0.0624459
1 0.404488 0.62041 0.041221 0.0794849
1 0.251648 0.401796 0.0398987 0.0646264
1 0.542464 0.621114 0.03585 0.0797191
1 0.290114 0.467361 0.0384058 0.0789565
1 0.646965 0.388296 0.0303857 0.0731497
1 0.060743 0.735526 0.0542586 0.083698
1 0.124284 0.614839 0.0452848 0.0826135
1 0.646844 0.464753 0.031959 0.0739845
1 0.261234 0.46706 0.0420384 0.0807685
1 0.613968 0.621735 0.036696 0.0846943
1 0.427725 0.463108 0.0379579 0.0834332
1 0.280678 0.402306 0.0415179 0.062503
1 0.776885 0.463982 0.0413384 0.0766497
1 0.43523 0.396638 0.0336939 0.0586543
1 0.771252 0.392137 0.0377077 0.0766603
1 0.739162 0.391133 0.0318327 0.0704417
1 0.512282 0.745632 0.0457296 0.0853842
1 0.561766 0.282336 0.0255737 0.0568657
1 0.481479 0.288671 0.0279427 0.0623592
1 0.224778 0.400378 0.0433485 0.0639629
1 0.762171 0.623343 0.0405446 0.0865829
1 0.645011 0.281479 0.0280952 0.0583469
1 0.553794 0.396074 0.0292714 0.0661815
1 0.799842 0.627593 0.0451981 0.0923349
1 0.590321 0.2831 0.0292618 0.0600707
1 0.350497 0.401095 0.0366047 0.0599007
1 0.532168 0.285605 0.027358 0.0581166
1 0.378344 0.288463 0.033301 0.065949
1 0.727033 0.62373 0.0399934 0.0816092
1 0.674483 0.281271 0.0275173 0.0557942
1 0.488441 0.46912 0.0317156 0.0741217
1 0.73124 0.279861 0.0300732 0.0592021
1 0.874366 0.621472 0.0502144 0.0881197
1 0.743656 0.46566 0.0322419 0.0711358
1 0.235604 0.289858 0.0357337 0.0619935
1 0.711423 0.465619 0.0331937 0.0666655
1 0.455368 0.468113 0.0295291 0.0760736
1 0.614323 0.466082 0.028067 0.0713978
1 0.177496 0.461794 0.0382653 0.0799255
1 0.582886 0.46622 0.031365 0.0721523
1 0.761419 0.278031 0.0285947 0.0646006
1 0.455261 0.289643 0.0269779 0.0656854
1 0.709246 0.389921 0.034173 0.0709517
1 0.583706 0.39619 0.0308886 0.0591215
1 0.336994 0.470016 0.0311871 0.0854532
1 0.788011 0.276288 0.0305465 0.0537354
1 0.205999 0.462449 0.0409441 0.080984
1 0.337127 0.290891 0.034611 0.0652213
1 0.505725 0.286349 0.0258068 0.0545889
1 0.679136 0.391744 0.0333874 0.0715896
1 0.519184 0.466611 0.0331438 0.0738519
1 0.430121 0.290617 0.0257581 0.0640248
1 0.404256 0.290945 0.0260496 0.0621906
1 0.197437 0.400897 0.043615 0.0617605
1 0.619355 0.281964 0.0246408 0.0601826
1 0.681286 0.465634 0.0321953 0.0682817
1 0.473038 0.62261 0.0357601 0.0822413
1 0.838804 0.39019 0.0393984 0.0703095
1 0.551916 0.465272 0.0276185 0.0707258
1 0.701569 0.279669 0.0259375 0.0529103
1 0.495948 0.395943 0.0328754 0.0601508
1 0.52185 0.396189 0.0310959 0.0605245
1 0.0245765 0.733735 0.0476893 0.0819971
