0 0.138254 0.739094 0.0539711 0.0859585
0 0.338053 0.616738 0.0405218 0.0781574
0 0.258085 0.737051 0.052961 0.0869332
0 0.176989 0.738933 0.0580993 0.0873301
0 0.779285 0.463827 0.0390064 0.0723765
0 0.773755 0.392588 0.037874 0.0751543
0 0.372496 0.621107 0.0494245 0.0844578
0 0.0947585 0.73793 0.0564218 0.0859865
0 0.219675 0.6176 0.0423873 0.0790735
0 0.218765 0.736715 0.055308 0.0926908
0 0.375674 0.40266 0.035787 0.0609353
0 0.299813 0.734471 0.0529716 0.0797648
0 0.875404 0.622099 0.0488701 0.0885278
0 0.187981 0.619537 0.0464416 0.079255
0 0.42929 0.742317 0.0487829 0.0819866
0 0.647422 0.389086 0.0306215 0.072392
0 0.489907 0.469362 0.032057 0.0737909
0 0.386744 0.747497 0.0522735 0.0845117
0 0.3128 0.404301 0.0368811 0.0616687
0 0.61418 0.391086 0.0349245 0.0667362
0 0.578635 0.623487 0.03657 0.0856825
0 0.205625 0.462686 0.0452284 0.0815216
0 0.261449 0.467053 0.0420374 0.0800413
0 0.644007 0.28263 0.0253685 0.0551414
0 0.710081 0.390415 0.0356977 0.0721501
0 0.404529 0.620918 0.0408219 0.0796917
0 0.42811 0.464989 0.0372465 0.0823498
0 0.689427 0.62895 0.0417065 0.0843338
0 0.740664 0.390599 0.0331253 0.0706921
0 0.764323 0.626219 0.0412119 0.0889048
0 0.533238 0.286535 0.0265477 0.0575419
0 0.456253 0.469867 0.0307922 0.0758162
0 0.506316 0.62597 0.0377068 0.08752
0 0.223771 0.400957 0.0405769 0.0636174
0 0.471436 0.622582 0.0363443 0.0816881
0 0.838422 0.624656 0.0416847 0.0893365
0 0.520108 0.467829 0.0337029 0.0725613
0 0.812903 0.465351 0.0359579 0.0680555
0 0.583833 0.46652 0.0310751 0.0706713
0 0.123008 0.616377 0.0455062 0.0835112
0 0.466016 0.396779 0.0339815 0.0631869
0 0.435984 0.397304 0.0346605 0.0593042
0 0.727544 0.625946 0.0414415 0.0816122
0 0.395558 0.469945 0.0373921 0.0786552
0 0.650956 0.626463 0.0367859 0.0799556
0 0.647383 0.46622 0.0308836 0.0716207
0 0.54229 0.622126 0.0360245 0.0796967
0 0.344321 0.739224 0.0519776 0.0792053
0 0.747015 0.466548 0.0328512 0.0717535
0 0.681012 0.466739 0.0316081 0.0711959
0 0.788223 0.277152 0.0309648 0.0550545
0 0.511169 0.748498 0.046294 0.0860123
0 0.496025 0.396238 0.0325037 0.0612291
0 0.197981 0.401504 0.042564 0.0595042
0 0.439391 0.622495 0.0411293 0.0813934
1 0.291151 0.465504 0.0392189 0.0824406
0 0.850161 0.459413 0.0440733 0.0755632
1 0.30276 0.618167 0.0406191 0.0731419
0 0.553885 0.395318 0.0299114 0.0687912
0 0.152586 0.61887 0.0457094 0.0795469
0 0.614792 0.621325 0.0348709 0.0818989
0 0.312115 0.289556 0.0371042 0.0655461
0 0.0595294 0.733939 0.0541923 0.076239
0 0.470405 0.745633 0.0434134 0.0853672
0 0.838576 0.391196 0.0368813 0.0663736
0 0.377752 0.287986 0.0322662 0.0638565
0 0.805988 0.390265 0.0331852 0.0716584
0 0.81679 0.274321 0.0367188 0.0611315
0 0.260119 0.290581 0.0351366 0.0644289
0 0.368034 0.467143 0.0428803 0.0832116
1 0.252584 0.622592 0.0418023 0.0752592
0 0.590363 0.283688 0.0299778 0.0596819
0 0.281354 0.401049 0.0396129 0.0588026
0 0.761392 0.279028 0.027194 0.0645855
0 0.731238 0.280873 0.0299126 0.0581966
0 0.350938 0.401958 0.0357911 0.058862
0 0.802826 0.629431 0.0448021 0.0935029
0 0.712236 0.466062 0.0362098 0.0680017
0 0.285344 0.291142 0.0338398 0.0660362
0 0.335977 0.46934 0.0316147 0.0844437
0 0.232149 0.460091 0.0388691 0.0867054
0 0.235426 0.288803 0.0376845 0.0619339
0 0.561041 0.283758 0.0250387 0.0539118
0 0.408349 0.397452 0.034031 0.0593839
0 0.614259 0.466861 0.0288904 0.0712539
0 0.679812 0.393672 0.0312552 0.0741739
0 0.506207 0.287638 0.0258019 0.0548133
0 0.672946 0.282065 0.0284697 0.0538471
0 0.583305 0.39618 0.0300262 0.0622816
0 0.522035 0.395888 0.0311075 0.0612739
0 0.335783 0.290965 0.0349474 0.0634665
0 0.250409 0.401191 0.0387249 0.0636162
0 0.429952 0.289927 0.0260736 0.0631581
0 0.480763 0.288833 0.0285288 0.0595212
0 0.40448 0.290334 0.0272616 0.0581397
0 0.701647 0.280605 0.0265845 0.0519835
0 0.176708 0.460596 0.036837 0.0774374
0 0.552084 0.465563 0.027429 0.0671255
0 0.455201 0.288554 0.0261932 0.0629934
0 0.618928 0.283045 0.0253922 0.0603472
