0 0.773915 0.392476 0.0368557 0.0761968
1 0.138934 0.739324 0.0559558 0.0864166
1 0.258732 0.737677 0.0545998 0.0880934
0 0.176781 0.73966 0.0589853 0.0912489
1 0.345037 0.739204 0.0534648 0.0798037
0 0.0599719 0.733248 0.0540308 0.0763568
0 0.312108 0.289834 0.0370245 0.0661909
1 0.709658 0.38988 0.0360579 0.0723098
1 0.220717 0.616027 0.0423758 0.0803021
0 0.218983 0.737895 0.0546829 0.0921055
0 0.387106 0.746206 0.0520347 0.0835041
1 0.369194 0.467701 0.0430626 0.0830408
0 0.42962 0.741225 0.0503803 0.0807844
1 0.312891 0.404138 0.0385571 0.0640303
1 0.848508 0.459694 0.0421009 0.0752144
1 0.0961477 0.73805 0.0553896 0.0846483
1 0.376718 0.402556 0.0349041 0.0625896
0 0.838649 0.391021 0.0370457 0.0680209
0 0.731884 0.280611 0.0323519 0.0597316
0 0.590043 0.28368 0.0289119 0.0588328
1 0.764885 0.626084 0.0424835 0.0887477
1 0.681263 0.467291 0.0325899 0.0703629
1 0.647618 0.466031 0.0305906 0.0719507
0 0.741065 0.390629 0.032367 0.0718844
0 0.679217 0.394128 0.0325588 0.0736316
0 0.511172 0.748 0.0471727 0.0878091
1 0.299888 0.735114 0.0511632 0.081608
1 0.507004 0.624671 0.0371603 0.0879958
1 0.372341 0.619206 0.0496749 0.0860386
1 0.745969 0.467112 0.0338594 0.0756789
1 0.533129 0.286451 0.0275106 0.0587676
1 0.690462 0.629215 0.0428766 0.0830883
1 0.876446 0.62275 0.0489429 0.0876493
1 0.614701 0.391391 0.0332784 0.0645068
1 0.520073 0.467544 0.0330948 0.0738153
1 0.396246 0.469867 0.0379929 0.0780754
1 0.65123 0.626128 0.0373755 0.0806374
1 0.439293 0.621791 0.0413242 0.0821818
0 0.470918 0.744375 0.042808 0.0862034
1 0.543067 0.62164 0.0367534 0.0806105
1 0.840212 0.624286 0.0422943 0.0887949
1 0.204839 0.461849 0.039662 0.0806284
1 0.786582 0.276864 0.0311781 0.0568866
0 0.646527 0.390052 0.0298513 0.0706717
1 0.614949 0.621273 0.035507 0.083049
1 0.489945 0.468364 0.0323351 0.0740233
1 0.761222 0.278365 0.0268883 0.0631719
0 0.643624 0.282531 0.0257729 0.0564619
1 0.260614 0.289742 0.0370874 0.0652572
1 0.579146 0.621769 0.0365805 0.0827321
1 0.560957 0.282683 0.0249571 0.0544242
1 0.253607 0.621632 0.0421719 0.0765805
1 0.496995 0.394953 0.0326735 0.0610956
1 0.816122 0.274259 0.0368031 0.0641367
1 0.199005 0.401648 0.0422259 0.0607087
1 0.430667 0.291074 0.0245052 0.0636086
1 0.26073 0.467862 0.0420357 0.0787318
1 0.336533 0.289667 0.0342122 0.0656527
1 0.123444 0.614331 0.0485916 0.0857449
1 0.282669 0.401181 0.0390069 0.0614358
1 0.727741 0.623829 0.042004 0.0816387
1 0.803312 0.627722 0.0463037 0.0909374
1 0.338121 0.616137 0.0401858 0.079234
1 0.436969 0.396755 0.0349974 0.0591378
1 0.253471 0.401498 0.0379201 0.062928
1 0.481098 0.288967 0.0273515 0.0622945
1 0.806631 0.39062 0.0328156 0.0720429
1 0.672578 0.280925 0.0271802 0.0535483
1 0.284646 0.291359 0.0337636 0.066684
1 0.583964 0.466578 0.0312287 0.0705486
1 0.155633 0.617266 0.0459471 0.0803479
1 0.405203 0.620202 0.0424368 0.0824349
1 0.779239 0.463913 0.0398867 0.0759591
1 0.22671 0.400906 0.0426205 0.0631662
1 0.302991 0.616702 0.0408473 0.0722096
1 0.812831 0.466038 0.0352791 0.0694616
1 0.351863 0.402269 0.0344482 0.0590881
1 0.711894 0.467455 0.0355958 0.0706932
1 0.37855 0.288084 0.033882 0.064327
1 0.176299 0.460749 0.036588 0.0785574
1 0.336206 0.470028 0.0308017 0.0846579
1 0.47186 0.622412 0.036276 0.0814676
1 0.405071 0.289661 0.0271067 0.0624419
1 0.291215 0.465108 0.0390815 0.0805033
1 0.583939 0.39635 0.0299236 0.0597069
1 0.189167 0.618101 0.0449479 0.0800827
1 0.614947 0.466224 0.0278538 0.0706905
1 0.700767 0.279627 0.0274531 0.0532627
0 0.236273 0.287362 0.0368219 0.0620538
1 0.554074 0.396619 0.0299292 0.0642404
0 0.46611 0.396883 0.0353521 0.0632817
1 0.456505 0.468923 0.0307013 0.0765842
0 0.505833 0.287503 0.0260478 0.0567739
1 0.428828 0.465416 0.0368246 0.0832825
1 0.52271 0.395348 0.0313711 0.0605494
1 0.552252 0.465725 0.0278099 0.0702582
1 0.408092 0.397229 0.0329296 0.0572249
1 0.23204 0.460022 0.0420912 0.0851553
1 0.618382 0.283489 0.0251043 0.0594163
0 0.4553 0.288894 0.0263151 0.0640298
