1 0.743944 0.394718 0.0340156 0.0672677
1 0.370632 0.620683 0.041658 0.0741635
1 0.329425 0.290893 0.0316997 0.0634905
1 0.614513 0.39381 0.0354181 0.0653415
1 0.337951 0.621481 0.0437899 0.0731629
1 0.438425 0.622069 0.0407957 0.0771262
1 0.709294 0.394832 0.0362008 0.0653387
1 0.374968 0.290235 0.0283271 0.0604255
1 0.187893 0.619397 0.0472653 0.0754649
1 0.28129 0.405047 0.0415423 0.0597444
1 0.816215 0.465285 0.0382362 0.0730341
1 0.262646 0.467225 0.0399505 0.0770612
1 0.509705 0.622784 0.0409626 0.0795195
1 0.712768 0.469085 0.036146 0.0673108
1 0.757116 0.281548 0.0305698 0.0565454
1 0.678686 0.394554 0.0318915 0.0652352
1 0.220814 0.619926 0.0451847 0.0737259
1 0.158175 0.618971 0.0475009 0.0764533
1 0.551832 0.394986 0.0286047 0.0625631
1 0.542475 0.623782 0.0364265 0.0793057
1 0.473416 0.622322 0.0350622 0.0788035
1 0.40566 0.621199 0.0396119 0.0764688
1 0.136418 0.741511 0.052344 0.0801795
1 0.616216 0.623081 0.0380916 0.0836408
1 0.436481 0.400466 0.0336192 0.0589177
