0 0.137897 0.73889 0.0553541 0.0851112
0 0.375598 0.401665 0.0360126 0.0622502
0 0.312655 0.403205 0.037089 0.0618175
0 0.258396 0.736926 0.0530399 0.0866702
0 0.774 0.391813 0.0383026 0.0757385
0 0.219975 0.615701 0.0426545 0.0806288
0 0.177117 0.739704 0.0583597 0.0897474
0 0.647148 0.388048 0.0305992 0.0721407
0 0.290304 0.465816 0.03702 0.0809404
0 0.404996 0.621132 0.0412965 0.0797586
0 0.520485 0.467312 0.0336313 0.0721045
0 0.613963 0.391105 0.0351943 0.0663719
1 0.253198 0.62081 0.0450272 0.0782117
0 0.490238 0.469379 0.0322474 0.0739056
0 0.21894 0.737403 0.0555443 0.0927965
0 0.2052 0.462592 0.0448224 0.0816439
0 0.584136 0.465892 0.0316179 0.0702471
0 0.779641 0.462818 0.0398145 0.0735846
0 0.0948093 0.737891 0.0564676 0.0849659
0 0.372748 0.620896 0.0490368 0.084749
0 0.466316 0.396203 0.0344275 0.0632271
0 0.764409 0.625021 0.0410933 0.0903236
0 0.816854 0.274527 0.0364517 0.0613161
0 0.533579 0.285866 0.0272148 0.0573472
0 0.689307 0.627599 0.0414969 0.0865687
0 0.788188 0.276696 0.0308052 0.0542383
0 0.300078 0.734482 0.051709 0.0795446
0 0.747157 0.466512 0.0335501 0.0727166
0 0.81339 0.465532 0.0353542 0.0682667
0 0.344755 0.738822 0.052035 0.078252
0 0.681383 0.465964 0.0312287 0.0711085
0 0.2239 0.400322 0.04082 0.0631394
0 0.471507 0.621572 0.0363941 0.0813602
0 0.740993 0.389874 0.032713 0.0708622
0 0.710133 0.389345 0.035832 0.0732246
0 0.876856 0.622016 0.0498436 0.0903225
0 0.542272 0.622572 0.0368744 0.0824165
0 0.387672 0.745763 0.0509512 0.0839678
0 0.505966 0.625187 0.0368076 0.0887825
0 0.647116 0.465128 0.0312876 0.0717421
0 0.456386 0.4695 0.0315337 0.0758125
0 0.428126 0.463544 0.0375037 0.0838457
0 0.578898 0.622002 0.0366879 0.0851124
0 0.802646 0.627861 0.0449425 0.0938755
0 0.838626 0.624149 0.0417393 0.0906098
0 0.33853 0.615963 0.0399079 0.0786625
0 0.436545 0.396209 0.0343062 0.0594406
0 0.650759 0.624212 0.0365255 0.0824845
0 0.336442 0.469131 0.0321482 0.0837632
0 0.429528 0.742465 0.0492635 0.0824055
0 0.727609 0.625703 0.0424239 0.0841653
0 0.644555 0.28114 0.0258305 0.0552552
0 0.408929 0.396126 0.0346403 0.0597144
0 0.849429 0.458877 0.0426157 0.0750457
0 0.260425 0.289752 0.0356621 0.0636762
0 0.188353 0.618512 0.0454147 0.0796963
0 0.762012 0.279212 0.0286613 0.0642158
0 0.439529 0.621545 0.0409321 0.0803684
0 0.712553 0.466082 0.0356796 0.0676596
0 0.232389 0.458345 0.0394066 0.0877611
0 0.805894 0.389551 0.0330149 0.0718988
0 0.590285 0.2823 0.0298014 0.0589824
0 0.198623 0.401473 0.0417707 0.0579968
0 0.369011 0.467261 0.0420572 0.082389
0 0.496573 0.395586 0.0328449 0.061293
0 0.731202 0.280168 0.0298473 0.0577819
0 0.615086 0.620041 0.0352836 0.0844025
0 0.281296 0.400746 0.0389437 0.0599003
0 0.511125 0.746814 0.0447622 0.0874451
0 0.614955 0.466683 0.0287141 0.0708557
0 0.336602 0.290475 0.0345569 0.063182
0 0.470571 0.742956 0.0435699 0.083246
0 0.554009 0.3944 0.0296728 0.068846
0 0.838442 0.39083 0.0369902 0.0662101
0 0.561188 0.282637 0.0244318 0.0543341
0 0.312201 0.289193 0.0372078 0.0652747
0 0.480885 0.287923 0.0288099 0.0594005
0 0.261035 0.467267 0.040842 0.0815271
0 0.52237 0.394893 0.0312212 0.0617439
0 0.679683 0.393408 0.0310123 0.0743093
0 0.0590692 0.73468 0.0536948 0.0763565
0 0.285479 0.290454 0.0334644 0.0652121
1 0.304419 0.616538 0.0411374 0.07062
0 0.377996 0.287798 0.0330655 0.060912
0 0.250885 0.400723 0.038975 0.0637976
0 0.673107 0.28075 0.0275496 0.0537135
0 0.583174 0.395943 0.0298006 0.0625081
0 0.619017 0.281784 0.0253451 0.0597653
0 0.351523 0.400513 0.0340139 0.0592177
0 0.236443 0.288057 0.035794 0.0603433
0 0.552491 0.464868 0.0274499 0.0670393
0 0.404745 0.289939 0.026856 0.0586757
0 0.701756 0.279732 0.0267841 0.0516083
1 0.395558 0.469058 0.0364245 0.0760263
0 0.15235 0.618055 0.0466625 0.0798556
0 0.506053 0.286711 0.0258944 0.0544675
0 0.455227 0.288028 0.0263855 0.0639152
0 0.430047 0.289414 0.0259933 0.0637293
0 0.176726 0.459207 0.0361496 0.0773024
0 0.123788 0.614951 0.0476925 0.0837085
0 0.0265243 0.731686 0.0485924 0.0695721
