0 0.258199 0.737868 0.0536422 0.0881227
0 0.614491 0.392001 0.0343016 0.0647699
0 0.651025 0.626927 0.0368184 0.0849466
0 0.774241 0.393603 0.0380751 0.0749933
0 0.219388 0.618921 0.0422027 0.0760285
0 0.31274 0.403976 0.0362034 0.0623946
1 0.335665 0.61803 0.0419192 0.0758852
1 0.36594 0.467446 0.0445874 0.0860363
0 0.779414 0.46351 0.0391979 0.0733303
0 0.495987 0.397107 0.0334143 0.0607569
1 0.251909 0.62452 0.0413579 0.0737186
1 0.395066 0.466499 0.0392878 0.0804329
1 0.506443 0.626277 0.036846 0.0864533
0 0.584335 0.466996 0.0315952 0.0711191
0 0.0968122 0.738171 0.057532 0.0842825
1 0.57881 0.622205 0.0368779 0.0835131
0 0.647352 0.389921 0.0310266 0.0696483
0 0.746925 0.466829 0.0330368 0.0723262
0 0.22398 0.400633 0.041194 0.0626447
0 0.67351 0.2817 0.0281313 0.0540179
0 0.456625 0.470817 0.0317932 0.0754438
0 0.48958 0.470469 0.0320934 0.0729185
0 0.177358 0.740488 0.0570934 0.0891336
0 0.741315 0.392279 0.0318898 0.0693739
0 0.560968 0.284265 0.0259476 0.0559697
0 0.220512 0.738556 0.0567308 0.0912153
0 0.465567 0.398121 0.0346795 0.0625013
0 0.68163 0.46653 0.0302834 0.0708626
0 0.614768 0.622103 0.034721 0.0851424
0 0.261178 0.466284 0.0396441 0.0796055
1 0.284093 0.292671 0.0348627 0.0670882
1 0.851469 0.460743 0.0460835 0.0753106
0 0.710647 0.392028 0.036278 0.0704313
0 0.52003 0.468771 0.0327101 0.0733948
0 0.875168 0.623114 0.0487595 0.0869581
0 0.727157 0.626784 0.0415874 0.0817444
0 0.764428 0.62725 0.04035 0.0908329
0 0.761915 0.280125 0.0286054 0.0637
0 0.542124 0.623486 0.0360727 0.0814175
0 0.470212 0.746882 0.0416821 0.0880637
0 0.838068 0.626377 0.0410927 0.0897903
1 0.689543 0.628762 0.0399608 0.0822771
0 0.376761 0.404224 0.0347858 0.0588138
0 0.532802 0.286903 0.0264211 0.0566497
1 0.335545 0.291692 0.0332088 0.0626993
0 0.813121 0.465518 0.036038 0.0686856
0 0.430877 0.742955 0.0483599 0.0838459
0 0.787476 0.278046 0.0308963 0.0537727
1 0.404253 0.622252 0.0410637 0.0795124
0 0.806256 0.39018 0.0321972 0.0692626
1 0.333228 0.47122 0.0316985 0.085714
0 0.439487 0.623016 0.0420527 0.0828323
0 0.802407 0.62985 0.0452774 0.0942583
0 0.311049 0.290638 0.0369207 0.0663256
0 0.680274 0.394922 0.0316932 0.0723414
0 0.55468 0.395814 0.0290443 0.0662229
0 0.427679 0.464065 0.0372972 0.0825319
0 0.615159 0.46705 0.0283381 0.0705399
1 0.372263 0.620039 0.0490155 0.0841312
1 0.204026 0.462311 0.0436938 0.081197
1 0.154006 0.619396 0.0435549 0.078504
0 0.838846 0.390743 0.0376961 0.0671689
0 0.644246 0.282297 0.0262466 0.0557071
0 0.618131 0.282847 0.0262852 0.0593636
0 0.589058 0.283976 0.0282791 0.0583435
0 0.522632 0.397144 0.0311687 0.0605095
0 0.712509 0.467305 0.0359609 0.0691521
0 0.186945 0.620599 0.0454548 0.0803584
1 0.197845 0.40204 0.0410021 0.0596764
1 0.378645 0.289451 0.0351261 0.0634278
0 0.436525 0.398331 0.0332628 0.057993
1 0.301735 0.619579 0.038685 0.068067
0 0.510649 0.749909 0.0460833 0.0903026
0 0.552642 0.46633 0.027323 0.0680136
0 0.28145 0.401737 0.039008 0.0595625
0 0.583998 0.396336 0.0300546 0.0618172
0 0.250665 0.401903 0.0387963 0.0642262
0 0.138334 0.739928 0.0536074 0.08708
1 0.471584 0.622911 0.0358413 0.0814152
0 0.0587792 0.735645 0.0555099 0.0779813
0 0.647398 0.466407 0.0311239 0.0722604
0 0.481396 0.288569 0.028348 0.0640726
1 0.289696 0.466005 0.0378273 0.0810055
0 0.388712 0.745921 0.0500349 0.0831423
1 0.408221 0.399047 0.0344431 0.056683
0 0.506403 0.287797 0.0263205 0.0572154
0 0.231171 0.463076 0.0409324 0.0818779
0 0.816947 0.276597 0.037154 0.0637133
0 0.730933 0.280162 0.0301451 0.0590484
0 0.298054 0.735521 0.0500057 0.0808044
0 0.344565 0.740281 0.0562039 0.0788015
0 0.456631 0.289444 0.0249256 0.0634012
0 0.701423 0.280668 0.027611 0.0512743
0 0.353243 0.402781 0.0308704 0.0574405
0 0.127646 0.616828 0.0434151 0.0818058
0 0.405956 0.29251 0.0267918 0.0632954
0 0.237706 0.291832 0.0349419 0.0628512
0 0.431647 0.292965 0.0254111 0.0660414
1 0.260017 0.293049 0.0359504 0.0670431
0 0.260298 0.292452 0.0356824 0.0667937
1 0.510577 0.749298 0.046876 0.0900987
1 0.431873 0.292153 0.025775 0.0644408
1 0.406023 0.292176 0.0270967 0.0622353
0 0.177932 0.462278 0.0371768 0.0774743
1 0.178235 0.461664 0.0380758 0.0781301
