1 0.13984 0.738573 0.0559104 0.0857628
0 0.258784 0.736788 0.0540865 0.0896085
0 0.300829 0.734176 0.0515777 0.0814211
0 0.0961973 0.738232 0.0577466 0.0858569
1 0.372566 0.621315 0.0493556 0.0840711
0 0.387061 0.746222 0.052223 0.0843843
0 0.22411 0.401628 0.0410558 0.0626112
0 0.219701 0.735102 0.0552096 0.0957794
0 0.177934 0.738418 0.0591874 0.0887747
1 0.303367 0.617178 0.0389183 0.0705116
1 0.690161 0.629728 0.0408257 0.0834995
1 0.7292 0.281345 0.03046 0.056743
0 0.344856 0.738771 0.0526332 0.0810225
1 0.429744 0.741288 0.0502275 0.0820595
1 0.613786 0.391235 0.0355738 0.06742
1 0.337568 0.616946 0.040476 0.0778086
0 0.837522 0.391395 0.0369133 0.0668403
1 0.152798 0.617899 0.0476059 0.0821335
1 0.221358 0.616877 0.0438545 0.0787565
1 0.84949 0.461368 0.0425056 0.0756031
1 0.332619 0.291005 0.0334996 0.0628613
0 0.510978 0.747728 0.0449817 0.0874735
1 0.741929 0.391307 0.0330046 0.0711379
0 0.533215 0.286428 0.0270151 0.0576159
1 0.407129 0.620724 0.0421269 0.0788498
0 0.260576 0.291748 0.0352009 0.0649306
1 0.435676 0.395652 0.0334432 0.0592284
0 0.6441 0.282768 0.0257664 0.056002
1 0.506743 0.62596 0.0377033 0.0890043
0 0.560908 0.283753 0.0248836 0.0536911
0 0.286098 0.290778 0.0338346 0.0649418
1 0.37777 0.401727 0.0344972 0.0619733
1 0.456379 0.469039 0.0311659 0.0745391
1 0.353661 0.401776 0.035772 0.0597235
1 0.3158 0.403792 0.0381154 0.062419
1 0.711267 0.390726 0.0356237 0.0716972
1 0.763861 0.62671 0.0411787 0.0884666
0 0.506165 0.28748 0.0258097 0.0543305
1 0.875143 0.624932 0.0503611 0.0888063
1 0.188145 0.618602 0.0445082 0.0809961
1 0.254362 0.621429 0.0418097 0.0756554
1 0.542731 0.623107 0.0366327 0.0827101
1 0.291573 0.465355 0.0389319 0.0820457
1 0.615086 0.62327 0.0355602 0.0864463
1 0.521387 0.39465 0.030402 0.0639267
0 0.310659 0.289705 0.0340554 0.0650943
1 0.466303 0.395272 0.0367775 0.0654041
1 0.282915 0.401163 0.0411512 0.0612677
0 0.45543 0.289895 0.0263943 0.063514
1 0.440306 0.622069 0.0415573 0.0826496
1 0.746433 0.466356 0.0309904 0.0699755
1 0.81275 0.466695 0.0353866 0.0692117
1 0.681754 0.392244 0.0310402 0.0737543
1 0.579316 0.622735 0.0374195 0.0844765
0 0.480649 0.288933 0.0286584 0.0585128
1 0.582511 0.395401 0.0305628 0.0654365
0 0.673172 0.282226 0.0280151 0.0550344
0 0.198417 0.401436 0.0422178 0.0591801
1 0.727366 0.627571 0.0414416 0.0813539
0 0.251958 0.402324 0.0401771 0.0635528
1 0.489766 0.469155 0.0320797 0.0737379
1 0.552319 0.39418 0.0289648 0.0706128
1 0.78581 0.278159 0.030658 0.0560175
1 0.369001 0.468465 0.0440177 0.0846428
0 0.471288 0.745238 0.0426941 0.0860407
1 0.42811 0.464187 0.037624 0.0819914
0 0.0587919 0.734833 0.0560807 0.076346
1 0.395063 0.468294 0.0372578 0.0803498
1 0.262099 0.468935 0.040211 0.0777495
1 0.758995 0.279581 0.0274818 0.0633145
1 0.836703 0.627508 0.0409332 0.0883838
0 0.588965 0.283825 0.0287117 0.0577577
1 0.778053 0.465255 0.0410531 0.0743578
1 0.774971 0.393683 0.0383685 0.075701
1 0.207316 0.462356 0.0438516 0.082319
1 0.377225 0.28904 0.0341781 0.0636395
0 0.618337 0.28276 0.0260393 0.0600785
1 0.648667 0.464924 0.0304498 0.0714455
1 0.682078 0.465831 0.0304018 0.0687521
1 0.23347 0.46253 0.0396148 0.0809692
1 0.649014 0.390179 0.0320051 0.0742282
1 0.801202 0.628519 0.0431643 0.090802
0 0.236413 0.290201 0.036104 0.0615228
1 0.121133 0.614254 0.0514975 0.0884941
1 0.336433 0.469347 0.0295136 0.0851849
1 0.806795 0.39041 0.0316113 0.0680109
1 0.583733 0.46632 0.0318197 0.0703537
1 0.713088 0.465239 0.03498 0.067075
1 0.651496 0.625735 0.0354466 0.0830405
0 0.429782 0.29064 0.0263506 0.0636844
1 0.403443 0.290561 0.0261717 0.0602803
1 0.815696 0.274766 0.0371575 0.0617789
0 0.496964 0.394782 0.0315957 0.0622057
1 0.520396 0.467296 0.0329257 0.0727699
1 0.616514 0.466201 0.0279604 0.0713957
1 0.471634 0.622542 0.0366083 0.0834169
1 0.552421 0.46582 0.0268611 0.0688904
1 0.177359 0.461119 0.0398728 0.0793306
0 0.409339 0.39663 0.0325359 0.0568656
0 0.700759 0.280801 0.026447 0.0525101
0 0.520643 0.467649 0.0328754 0.0719669
