0 0.258121 0.737833 0.0533823 0.0877242
0 0.137815 0.740827 0.0553069 0.0849298
0 0.299971 0.736258 0.0528675 0.0806883
0 0.0942085 0.739064 0.0566163 0.0845894
0 0.436142 0.397819 0.035145 0.0584846
0 0.335964 0.469866 0.0319344 0.0843288
0 0.219751 0.617141 0.0425996 0.0797459
0 0.34418 0.741408 0.0520915 0.0792257
0 0.614611 0.392533 0.0342237 0.0647969
0 0.289938 0.466175 0.0363529 0.08064
0 0.615212 0.623081 0.0348919 0.0827136
0 0.218524 0.738892 0.0554755 0.0921465
0 0.774193 0.393327 0.0378593 0.0751346
0 0.5791 0.624535 0.0365384 0.0863828
0 0.42875 0.464585 0.0371401 0.084281
0 0.176845 0.740979 0.05799 0.0888899
0 0.375741 0.403391 0.0355834 0.0605656
0 0.31299 0.404486 0.0360804 0.0616763
0 0.429453 0.744272 0.0495748 0.0812604
0 0.489905 0.470439 0.0321329 0.073539
0 0.647792 0.389963 0.0307461 0.0703304
0 0.372533 0.621016 0.0475744 0.0849103
0 0.506125 0.62643 0.0372515 0.0878403
0 0.205161 0.462896 0.044842 0.0812027
0 0.875995 0.623224 0.0487919 0.0889898
0 0.18756 0.619898 0.0455365 0.078672
1 0.2532 0.622819 0.0431563 0.0751738
0 0.407983 0.398712 0.0333102 0.0602673
0 0.386611 0.747313 0.0516307 0.0827608
0 0.681544 0.467271 0.0316986 0.070608
0 0.65151 0.626679 0.0369701 0.082666
0 0.689771 0.629114 0.0411629 0.0848507
0 0.471911 0.623132 0.0368444 0.0820023
0 0.761886 0.279722 0.0280998 0.0656908
0 0.741478 0.391948 0.0326625 0.0701003
0 0.584539 0.467449 0.031569 0.0717342
0 0.747128 0.466998 0.0330946 0.0724312
0 0.439594 0.623379 0.0418612 0.0818177
0 0.850194 0.460599 0.0436457 0.0750547
0 0.405037 0.622143 0.0415436 0.0808802
0 0.338736 0.617404 0.039966 0.0794241
0 0.520643 0.468881 0.034499 0.0733349
0 0.839416 0.391557 0.0377304 0.0674833
0 0.813713 0.466482 0.0361624 0.0686066
0 0.542394 0.622771 0.0363438 0.0819086
0 0.45589 0.472143 0.0312468 0.0776307
0 0.806266 0.390718 0.0334246 0.0721052
0 0.764834 0.62602 0.0414396 0.090023
0 0.788398 0.277584 0.0313547 0.0546618
0 0.590408 0.28399 0.0297943 0.0589899
0 0.198135 0.403375 0.0421989 0.0584834
0 0.224074 0.40199 0.040216 0.0630658
0 0.533751 0.286872 0.0270189 0.0571966
0 0.260202 0.290668 0.0363214 0.0650326
0 0.644495 0.282391 0.0264577 0.0553433
0 0.710857 0.390959 0.036237 0.0729726
0 0.583967 0.396645 0.0301102 0.0614412
0 0.471408 0.746912 0.0437008 0.087389
0 0.496524 0.396607 0.0330025 0.0610579
0 0.839282 0.625668 0.0417 0.0910939
0 0.779837 0.464268 0.0391617 0.0733856
0 0.511539 0.749627 0.0457626 0.0874374
0 0.72826 0.627435 0.0421671 0.083319
0 0.465922 0.39734 0.0342341 0.06235
0 0.615452 0.467263 0.0280359 0.0708167
0 0.680642 0.39445 0.0317644 0.0738856
0 0.674183 0.28172 0.0281273 0.0545008
0 0.647655 0.466758 0.0310209 0.0719261
0 0.285233 0.291258 0.0343256 0.0664722
0 0.732044 0.280788 0.0297094 0.0588792
0 0.23217 0.460688 0.0396073 0.0858321
0 0.152208 0.61931 0.0452827 0.078624
0 0.311796 0.290183 0.037675 0.0662628
0 0.55442 0.396428 0.0297638 0.0671995
0 0.367971 0.468132 0.0430255 0.083716
0 0.803321 0.62927 0.0441462 0.0942062
0 0.336425 0.291145 0.0353017 0.0642052
0 0.712408 0.466755 0.0353694 0.0680834
0 0.261197 0.467565 0.0402488 0.0811161
0 0.0592947 0.735743 0.0541101 0.0753448
0 0.25101 0.402315 0.0388249 0.0629556
0 0.351193 0.402642 0.0352933 0.0588751
0 0.522687 0.396095 0.0310855 0.0609649
0 0.562017 0.284301 0.0246937 0.0538879
1 0.304916 0.619142 0.0409158 0.0723124
0 0.702631 0.280642 0.0278965 0.0531097
0 0.121428 0.616699 0.0469515 0.0835528
0 0.28173 0.401985 0.0390521 0.0595631
0 0.618912 0.282556 0.0251981 0.0597311
0 0.817114 0.274784 0.0362141 0.061784
0 0.481345 0.288993 0.0287153 0.0602234
0 0.552744 0.466674 0.027445 0.0687094
1 0.395867 0.469793 0.0378215 0.0776175
0 0.23655 0.288514 0.0373281 0.0620012
0 0.430713 0.290192 0.0255424 0.0630866
0 0.506472 0.287741 0.0262169 0.0545731
0 0.455762 0.289687 0.0263094 0.0650664
0 0.176393 0.461147 0.0367323 0.0780252
0 0.406403 0.289974 0.0258124 0.0592831
0 0.378415 0.28838 0.0340476 0.0657012
