1 0.741698 0.394185 0.0356399 0.0672618
1 0.337711 0.291927 0.0351613 0.0643449
1 0.188045 0.619284 0.0449676 0.0766691
1 0.218453 0.618973 0.0400783 0.0773991
1 0.479864 0.289336 0.0306807 0.0580055
1 0.614655 0.397899 0.0333022 0.0607983
1 0.646006 0.397792 0.0304667 0.0614824
1 0.337419 0.742479 0.046702 0.0799231
1 0.438078 0.621908 0.0423343 0.0792675
1 0.505892 0.288783 0.0318717 0.0583841
1 0.426663 0.290002 0.027991 0.0586789
1 0.158568 0.619632 0.04598 0.0755976
1 0.405848 0.405721 0.0349586 0.0586703
1 0.304858 0.619304 0.0387306 0.0732185
1 0.401237 0.290367 0.0284333 0.0601964
1 0.234517 0.292158 0.0382233 0.063036
1 0.582287 0.398114 0.0315785 0.0598671
1 0.543428 0.622725 0.0372458 0.0790661
1 0.435368 0.404865 0.0343595 0.0588062
1 0.312548 0.291617 0.035182 0.0638014
1 0.377171 0.405888 0.0324856 0.0582588
1 0.708219 0.394759 0.0361699 0.0660949
1 0.37566 0.290846 0.0291701 0.0615142
1 0.2591 0.292003 0.0361333 0.0628595
1 0.509709 0.622447 0.0425995 0.0786776
1 0.559669 0.288006 0.030871 0.0569833
1 0.366894 0.468737 0.0374725 0.0785111
1 0.591037 0.287605 0.033563 0.0564353
1 0.453419 0.289776 0.0290584 0.0582329
1 0.405783 0.621803 0.0395691 0.0772464
1 0.201969 0.466136 0.0399882 0.0792883
1 0.460198 0.470174 0.0351082 0.072114
1 0.490739 0.469361 0.0363794 0.0724258
1 0.286626 0.291582 0.0366515 0.0632872
