0 0.779033 0.462741 0.039035 0.0727997
0 0.258627 0.737242 0.0538551 0.0877558
0 0.338419 0.615991 0.041082 0.0789673
0 0.139301 0.738416 0.0544542 0.0863324
0 0.375661 0.401744 0.0364411 0.0615722
0 0.219781 0.615944 0.0422095 0.0807961
0 0.205527 0.462713 0.0448408 0.0810932
0 0.313144 0.403366 0.0377541 0.0621792
0 0.300158 0.734881 0.0529372 0.0815025
0 0.176638 0.739331 0.0590754 0.0897428
0 0.21921 0.735871 0.0558095 0.0920069
0 0.253071 0.620742 0.0426084 0.0762287
0 0.405154 0.620489 0.0409867 0.0795727
0 0.764282 0.625467 0.0407679 0.0891441
0 0.614281 0.390684 0.0349709 0.0667913
0 0.372801 0.619836 0.0476639 0.0854679
0 0.489891 0.469001 0.0319153 0.0739191
0 0.578957 0.622781 0.0363061 0.0870213
0 0.290411 0.465892 0.0378385 0.0813993
0 0.812496 0.46496 0.03545 0.0680023
0 0.0956615 0.736631 0.0569383 0.0859867
0 0.740632 0.390506 0.0326797 0.0696865
0 0.387115 0.746541 0.0518753 0.0846899
0 0.532955 0.285666 0.0263515 0.0567697
0 0.336253 0.468894 0.031672 0.0836292
0 0.345061 0.73835 0.0527096 0.0789446
0 0.838422 0.624004 0.0416336 0.089124
0 0.773714 0.392181 0.0380417 0.0750099
0 0.643653 0.282176 0.0258265 0.0552943
0 0.224112 0.400524 0.0406573 0.0637374
0 0.455867 0.469749 0.0308002 0.0762981
0 0.428074 0.464093 0.037364 0.0838475
0 0.647424 0.465447 0.0307754 0.0718557
0 0.815542 0.274625 0.0359726 0.0620959
0 0.510797 0.748308 0.0461107 0.0868748
0 0.875356 0.621713 0.0491707 0.0896103
0 0.506456 0.625327 0.0376852 0.0895056
0 0.651131 0.624547 0.0367244 0.0813971
0 0.395404 0.469301 0.0370134 0.0772965
0 0.746682 0.465459 0.0330685 0.0715782
0 0.47095 0.743087 0.0423207 0.0830317
0 0.647556 0.388634 0.0297976 0.0730395
0 0.787911 0.276864 0.0309181 0.0544897
0 0.805991 0.38998 0.0328815 0.0708262
0 0.727664 0.625017 0.0419254 0.0821014
0 0.188557 0.618717 0.0458709 0.080261
0 0.435731 0.396419 0.0343888 0.0592904
0 0.471272 0.621077 0.0357634 0.0821313
0 0.583917 0.466154 0.0312623 0.0707743
0 0.689367 0.628807 0.0411552 0.0859764
0 0.731408 0.280434 0.030065 0.0597208
0 0.553835 0.394672 0.0298594 0.0690304
0 0.286255 0.290337 0.0347148 0.065815
0 0.260407 0.290395 0.0354387 0.0640847
0 0.681097 0.466083 0.0315681 0.0696803
0 0.54228 0.621217 0.0374529 0.0802845
0 0.802362 0.628725 0.0451958 0.0934977
0 0.761988 0.277809 0.0280106 0.0649061
0 0.712039 0.465291 0.0359362 0.0672066
0 0.36834 0.466932 0.04155 0.0819448
0 0.430342 0.741307 0.0487698 0.0814989
0 0.614855 0.62016 0.0348037 0.0838914
0 0.408774 0.39649 0.0333472 0.0589454
0 0.198951 0.401683 0.0414043 0.0583183
0 0.232912 0.459087 0.0396616 0.0874315
0 0.153059 0.618043 0.0448268 0.0797636
0 0.710219 0.389628 0.0354177 0.0724884
0 0.838429 0.391534 0.0366249 0.0662448
0 0.67339 0.2816 0.0281185 0.0541909
0 0.439755 0.621958 0.0414249 0.0805157
0 0.614774 0.466593 0.0288008 0.0719251
0 0.583352 0.396067 0.0301645 0.0617223
0 0.0594565 0.732062 0.0534875 0.076689
0 0.312457 0.28913 0.0369326 0.065397
1 0.302958 0.617133 0.0410144 0.0733543
0 0.560446 0.282783 0.0249416 0.0544812
0 0.466019 0.396318 0.0344483 0.0634927
0 0.496196 0.395874 0.0326746 0.0615345
0 0.281122 0.400484 0.039634 0.0600827
0 0.261643 0.466738 0.0395027 0.0811171
0 0.590142 0.283324 0.029707 0.0594826
0 0.522041 0.395495 0.0315168 0.0617537
0 0.520524 0.467589 0.0330126 0.0725803
0 0.335844 0.290614 0.0340232 0.0635881
0 0.377994 0.287493 0.0331115 0.0614395
0 0.506147 0.28691 0.0259505 0.0544178
0 0.236331 0.287971 0.036321 0.0611059
0 0.123872 0.61525 0.0453178 0.0838652
0 0.679606 0.392933 0.0321598 0.0732091
0 0.480777 0.288383 0.0284658 0.0596937
0 0.84816 0.458032 0.0413784 0.0760174
0 0.350947 0.401577 0.0358583 0.0585075
0 0.250435 0.401131 0.0379522 0.0643341
0 0.430331 0.289341 0.0258643 0.0636342
0 0.404799 0.289837 0.0274079 0.0584297
0 0.701489 0.280298 0.0263952 0.051936
0 0.176858 0.459767 0.0359312 0.07736
0 0.618529 0.282732 0.0251919 0.0597036
0 0.455385 0.288072 0.0263573 0.0632624
0 0.552092 0.465352 0.0273561 0.0672024
0 0.0272859 0.731066 0.0512095 0.0738174
