1 0.138111 0.738817 0.0560112 0.0869906
1 0.177824 0.738986 0.058418 0.0893778
0 0.257991 0.73798 0.0537393 0.0894309
0 0.299529 0.735415 0.0527341 0.0832741
1 0.849145 0.460173 0.0430706 0.0749145
0 0.0605627 0.732859 0.0520946 0.0748478
1 0.312302 0.289988 0.0373809 0.067939
0 0.429604 0.741875 0.0496353 0.0825576
0 0.6468 0.465773 0.030808 0.0722843
1 0.542119 0.622553 0.0365526 0.0807512
0 0.220047 0.736594 0.05405 0.0928203
0 0.387193 0.745638 0.052237 0.084496
1 0.773099 0.393143 0.0369729 0.0750262
1 0.740415 0.39142 0.032589 0.0693265
1 0.33945 0.615616 0.0404095 0.0777626
1 0.496643 0.395628 0.0328306 0.0601933
1 0.405577 0.621009 0.0413145 0.0790812
1 0.672937 0.280822 0.0283164 0.0557407
1 0.372349 0.620659 0.0490349 0.0847435
1 0.689183 0.627958 0.0410457 0.0827448
0 0.344517 0.740859 0.0523799 0.0822577
1 0.36863 0.466097 0.0420815 0.0845001
1 0.377233 0.401478 0.0361177 0.0627762
1 0.614416 0.466928 0.0287511 0.0717166
1 0.651288 0.624811 0.036932 0.0817577
1 0.578544 0.622127 0.0364071 0.0822115
1 0.303795 0.616983 0.0408009 0.0719851
1 0.763975 0.626018 0.0407429 0.0878189
1 0.224342 0.399559 0.0400949 0.0622297
1 0.0963279 0.737694 0.0543554 0.0828442
1 0.488885 0.46893 0.031765 0.0749371
1 0.506109 0.625019 0.0371932 0.0867436
1 0.614829 0.62105 0.0368217 0.0834969
1 0.837753 0.625751 0.0414438 0.0903484
1 0.786775 0.27731 0.0308784 0.0562029
1 0.261927 0.466897 0.0404728 0.0798731
0 0.470553 0.746159 0.0436607 0.0877409
1 0.466026 0.396625 0.0335491 0.0619782
1 0.613625 0.391097 0.034932 0.0659105
0 0.511022 0.74692 0.0463564 0.0878905
1 0.439888 0.621065 0.0405058 0.0806935
1 0.81636 0.274894 0.0369051 0.0622246
1 0.481571 0.289242 0.0288368 0.0634777
1 0.177514 0.462348 0.0393729 0.0798313
1 0.72683 0.625901 0.0425159 0.0832665
1 0.471009 0.621834 0.03611 0.0806901
1 0.396292 0.468414 0.0382776 0.0779129
1 0.188784 0.618012 0.0444338 0.0813158
1 0.253396 0.622433 0.0419557 0.0761757
1 0.221494 0.616663 0.0428135 0.079472
1 0.409336 0.397119 0.0331389 0.0571162
1 0.518754 0.468105 0.0334967 0.0733955
1 0.746682 0.466431 0.0323505 0.0704212
1 0.589749 0.282774 0.0296532 0.060571
1 0.681451 0.467571 0.0321052 0.0725651
1 0.802187 0.627952 0.0461006 0.0928505
1 0.583729 0.466091 0.0315594 0.0713137
1 0.813158 0.466274 0.0359844 0.0692303
1 0.197993 0.399492 0.0421815 0.0604054
1 0.124616 0.614365 0.0476642 0.0844773
1 0.427916 0.465407 0.0367846 0.0814934
1 0.45665 0.468841 0.0318934 0.0761348
1 0.779106 0.463764 0.0401913 0.0744424
1 0.645986 0.389317 0.0302342 0.0707628
1 0.350388 0.401856 0.0360718 0.0596519
1 0.436237 0.397076 0.0335712 0.0578752
1 0.875779 0.621981 0.0512026 0.0902739
1 0.235794 0.288883 0.0360192 0.060847
1 0.533022 0.286408 0.0250168 0.0580871
1 0.679536 0.393066 0.0310122 0.0748658
1 0.313118 0.404054 0.0381649 0.0605318
1 0.154787 0.617161 0.0451825 0.0831779
1 0.285423 0.291132 0.034869 0.068852
1 0.709395 0.390558 0.0344906 0.0720414
1 0.58346 0.39521 0.0302856 0.0621738
1 0.378139 0.288102 0.0324716 0.0650735
1 0.430638 0.290932 0.0253098 0.0619694
1 0.506755 0.287227 0.026017 0.0553491
1 0.712164 0.466894 0.0360443 0.0699921
1 0.33723 0.468714 0.0311801 0.0856438
1 0.405351 0.291212 0.0283955 0.0587317
1 0.281622 0.400415 0.039163 0.0592538
1 0.560652 0.283454 0.0248507 0.0564725
1 0.252331 0.401107 0.0389321 0.0623798
1 0.805442 0.390857 0.033779 0.0700051
1 0.259956 0.290269 0.0353323 0.0660027
1 0.292026 0.463839 0.0377041 0.0821375
1 0.83857 0.391142 0.0375284 0.0677811
1 0.642924 0.281721 0.0269293 0.0573514
1 0.52222 0.395046 0.0312769 0.0607999
1 0.70054 0.279273 0.026932 0.0530428
1 0.730124 0.280331 0.0297547 0.0576062
1 0.206767 0.460168 0.0438943 0.0835874
1 0.553916 0.395164 0.0293144 0.0661489
1 0.232607 0.461474 0.0407117 0.0845643
1 0.551802 0.465564 0.0271446 0.0709414
1 0.335644 0.290691 0.0334672 0.0636448
1 0.759843 0.278746 0.0275438 0.0647958
1 0.45537 0.289282 0.0266033 0.0644771
1 0.618961 0.282826 0.0239756 0.0620945
0 0.0283123 0.730426 0.0512165 0.0691707
