1 0.177655 0.740143 0.0581916 0.090906
1 0.299479 0.734646 0.0529734 0.0799534
1 0.138658 0.739872 0.056652 0.0865644
0 0.673279 0.28236 0.0276436 0.0541514
1 0.257901 0.738053 0.0539027 0.0887356
0 0.58935 0.283786 0.0295809 0.0597605
1 0.740178 0.391419 0.032864 0.0697076
0 0.428831 0.742931 0.0502128 0.0815619
0 0.312535 0.291545 0.0366095 0.0675107
0 0.219227 0.737216 0.0556195 0.0931639
1 0.25296 0.622988 0.0438436 0.0761015
1 0.688751 0.628077 0.0416099 0.0846193
0 0.344056 0.739573 0.0523695 0.0789211
1 0.467099 0.397187 0.0357208 0.0649918
1 0.373241 0.622928 0.0502327 0.0853017
1 0.470701 0.744683 0.0433025 0.0859792
1 0.31336 0.402867 0.036885 0.0615253
1 0.36816 0.468471 0.0424782 0.0826571
1 0.848734 0.460334 0.0422028 0.0773557
0 0.260422 0.292119 0.0365775 0.0657191
0 0.386449 0.746998 0.0516796 0.0825827
0 0.614044 0.391084 0.0354439 0.0661892
1 0.395835 0.469793 0.0373871 0.078549
0 0.709678 0.391 0.0349222 0.0710195
1 0.647073 0.388652 0.0299585 0.0722957
1 0.409737 0.397861 0.0334818 0.0577676
1 0.220303 0.617567 0.04137 0.0794327
0 0.436554 0.397042 0.0334528 0.0583757
1 0.262167 0.467692 0.0408952 0.0813753
0 0.0593787 0.734759 0.0556565 0.0786093
1 0.711556 0.466673 0.036135 0.069902
1 0.205618 0.462832 0.0421512 0.0836361
0 0.302854 0.617832 0.0397932 0.0704302
1 0.49714 0.395619 0.031695 0.0600319
1 0.511289 0.74924 0.0459496 0.0862164
0 0.428346 0.465452 0.0366611 0.0821507
1 0.406073 0.622694 0.0422195 0.079829
1 0.532713 0.28721 0.0264509 0.0564213
1 0.644201 0.282616 0.027137 0.0569724
1 0.285587 0.292631 0.0348518 0.0672778
1 0.726609 0.625512 0.0427183 0.0857445
1 0.838079 0.623687 0.0411081 0.0910282
1 0.520131 0.467757 0.0316776 0.0741753
1 0.506887 0.62648 0.0377112 0.0879663
1 0.0949614 0.738766 0.0561874 0.0852365
0 0.199091 0.399981 0.0421703 0.0601797
1 0.336524 0.291625 0.0341118 0.0646455
1 0.337359 0.617714 0.0403238 0.0772675
1 0.37797 0.28979 0.0338881 0.064614
1 0.583975 0.466179 0.0310816 0.0716164
1 0.763141 0.625847 0.0407148 0.0893385
1 0.746391 0.466721 0.0332397 0.0726004
1 0.456433 0.4708 0.0309365 0.0762509
1 0.779199 0.464453 0.03849 0.0755949
1 0.553645 0.394044 0.0289093 0.0683965
1 0.440229 0.622858 0.0410978 0.0803021
1 0.542733 0.62273 0.0366114 0.0816488
1 0.560465 0.283133 0.0248091 0.0543064
1 0.773169 0.393215 0.0380011 0.0760289
1 0.579338 0.622872 0.0365179 0.0862589
1 0.812661 0.465821 0.0359056 0.0695702
1 0.646532 0.465292 0.0305463 0.0727674
1 0.70088 0.280661 0.0273251 0.0507558
1 0.376222 0.401531 0.0351964 0.0622664
1 0.471472 0.62328 0.035849 0.0801561
1 0.481119 0.289589 0.0283196 0.0591966
0 0.679828 0.393824 0.0319668 0.0744408
1 0.335842 0.470551 0.0324135 0.086179
1 0.615336 0.466671 0.0279408 0.0711023
1 0.731162 0.281635 0.0305532 0.0579154
1 0.251705 0.401262 0.038017 0.0633633
1 0.429572 0.291646 0.0260929 0.0637081
1 0.290832 0.465112 0.0372705 0.0818682
1 0.801873 0.628092 0.0451618 0.0930944
1 0.489522 0.470405 0.0319101 0.0741749
1 0.761541 0.279774 0.0281221 0.0642359
1 0.17695 0.461879 0.0381243 0.0816336
1 0.87493 0.621452 0.0488544 0.0906261
1 0.805852 0.391044 0.0335848 0.0708004
1 0.839319 0.391919 0.0375237 0.0683695
1 0.225587 0.400036 0.0407794 0.0611715
0 0.582803 0.396421 0.0297934 0.0596064
1 0.232619 0.460485 0.0403509 0.0893063
1 0.816244 0.276074 0.0368683 0.0633496
1 0.651102 0.624698 0.0360704 0.0813931
0 0.40443 0.2915 0.0272043 0.0614923
1 0.681182 0.46726 0.0318481 0.0734571
1 0.281341 0.400417 0.0412462 0.0611985
1 0.522775 0.395036 0.0304928 0.0619927
1 0.615969 0.621037 0.0353577 0.0839062
1 0.787763 0.278827 0.0315348 0.0549673
1 0.619222 0.283268 0.0245998 0.0609017
1 0.12676 0.618026 0.0459377 0.0827755
1 0.189749 0.620613 0.0435514 0.0802508
1 0.552221 0.465081 0.0274546 0.0697801
1 0.50579 0.28774 0.0253963 0.0534035
1 0.156412 0.619448 0.0433214 0.079784
0 0.455066 0.289103 0.0269314 0.0648377
1 0.350796 0.401278 0.0364308 0.05914
1 0.235031 0.288963 0.0357982 0.0617719
1 0.0253905 0.73501 0.0492363 0.0767492
