1 0.353676 0.406615 0.034107 0.0570223
1 0.370215 0.62034 0.0410253 0.0746987
1 0.49597 0.399745 0.0294255 0.0599884
1 0.337145 0.620137 0.0451942 0.0739005
1 0.188134 0.619959 0.0454034 0.0761157
1 0.560938 0.287385 0.0305045 0.0542892
1 0.365879 0.46963 0.0384081 0.0799864
1 0.26037 0.292232 0.0358571 0.0636564
1 0.218308 0.620111 0.0439287 0.0736485
1 0.678566 0.395208 0.0323244 0.0648284
1 0.439792 0.622355 0.0405425 0.0788097
1 0.481079 0.289346 0.0294041 0.0581802
1 0.407429 0.621026 0.0447556 0.0786996
1 0.381329 0.406123 0.0330301 0.0579474
1 0.454883 0.289871 0.0297892 0.059183
1 0.541767 0.623743 0.0366029 0.0793108
1 0.309893 0.292795 0.035632 0.0628697
1 0.818116 0.466747 0.0388437 0.0728073
1 0.304091 0.62049 0.0438411 0.0717864
1 0.466064 0.400314 0.0315045 0.0598116
1 0.587979 0.286141 0.0301482 0.0536586
1 0.510251 0.747838 0.0448163 0.0783804
1 0.648271 0.469488 0.0280637 0.0721401
1 0.61448 0.624716 0.0387687 0.0786994
1 0.332202 0.293158 0.0299472 0.0635443
1 0.136638 0.741886 0.0507293 0.0767172
1 0.235656 0.291465 0.038554 0.0645302
1 0.429559 0.290239 0.0298491 0.0597939
1 0.212885 0.740713 0.0477184 0.0784226
1 0.522245 0.469468 0.028831 0.0735117
1 0.283125 0.292509 0.0341733 0.0629414
1 0.789807 0.282232 0.0324226 0.0570435
1 0.437033 0.404358 0.0341064 0.059201
