0 0.138773 0.739689 0.054797 0.0853229
0 0.779067 0.462847 0.0386908 0.0727889
0 0.258301 0.736875 0.05287 0.0869291
0 0.0952165 0.737767 0.055556 0.0835617
0 0.177912 0.739442 0.0569093 0.0861812
0 0.773131 0.392438 0.0376114 0.0754562
0 0.299653 0.734977 0.0525357 0.0812968
0 0.746701 0.465623 0.032782 0.0722889
0 0.614234 0.391786 0.0346152 0.0652642
0 0.647239 0.388558 0.0309052 0.0721663
0 0.709999 0.389631 0.0353607 0.0722417
0 0.532879 0.285689 0.0264208 0.0572133
0 0.837574 0.624238 0.0415096 0.0898633
0 0.672997 0.280602 0.0281186 0.0527758
1 0.312583 0.289636 0.0368131 0.0674281
1 0.849154 0.459169 0.0417328 0.0750085
1 0.614915 0.619214 0.0364552 0.0835079
0 0.805489 0.389508 0.0335745 0.0724111
0 0.218931 0.736653 0.0547455 0.0916961
0 0.76415 0.62534 0.0405687 0.0898302
1 0.377221 0.401294 0.035443 0.0624801
0 0.38727 0.745649 0.0529146 0.0863398
1 0.49595 0.39602 0.0322397 0.0608287
0 0.875504 0.622961 0.0495571 0.0869965
1 0.338953 0.61557 0.0404813 0.0784316
0 0.519668 0.46757 0.0333033 0.0731657
0 0.643745 0.281619 0.0254097 0.0546217
0 0.470937 0.745966 0.0433352 0.0874371
0 0.727614 0.624608 0.0416342 0.0815773
1 0.368986 0.467694 0.0425098 0.0810929
0 0.812921 0.464921 0.0361174 0.0684272
0 0.689456 0.62692 0.0411917 0.0838167
0 0.74049 0.389987 0.0325863 0.0708748
1 0.408567 0.396602 0.0330558 0.0582696
1 0.489707 0.46851 0.0315542 0.0742956
0 0.815065 0.273624 0.034145 0.0615659
0 0.730697 0.280265 0.0300575 0.059138
0 0.511014 0.748713 0.0465178 0.0893814
1 0.224143 0.399987 0.0410353 0.0622406
1 0.583735 0.465823 0.0316536 0.0705665
0 0.837394 0.389821 0.0366547 0.066716
0 0.65089 0.623798 0.0364322 0.0843146
1 0.31312 0.40293 0.0380223 0.0610108
0 0.344529 0.739221 0.0517948 0.079427
0 0.5783 0.62114 0.0361629 0.0848135
1 0.350604 0.401417 0.0356083 0.058952
1 0.466023 0.396131 0.0333387 0.0624717
0 0.761545 0.277085 0.0278163 0.0636049
1 0.262082 0.466814 0.0406009 0.0797754
1 0.427819 0.464938 0.0366993 0.0804804
1 0.436163 0.396158 0.0339948 0.0595728
1 0.505727 0.623065 0.0374191 0.0878269
0 0.647312 0.465067 0.0307837 0.0709997
0 0.681174 0.465893 0.0308565 0.0693314
0 0.0595333 0.734782 0.0538978 0.0786575
0 0.506446 0.286662 0.0262836 0.05446
0 0.553956 0.394094 0.0299683 0.0692732
0 0.801963 0.628443 0.0452244 0.0941289
0 0.711855 0.465375 0.0349205 0.0672623
0 0.787728 0.276078 0.0308419 0.053262
1 0.405156 0.619812 0.0424273 0.0806488
1 0.372875 0.618411 0.0469218 0.083277
1 0.542414 0.621349 0.0370081 0.0815485
1 0.253445 0.62147 0.0421056 0.0760696
1 0.39594 0.468134 0.0373862 0.0775106
1 0.221316 0.616534 0.0429265 0.0798234
0 0.614749 0.466003 0.0285864 0.0708755
1 0.4716 0.620975 0.0371506 0.0822529
1 0.189555 0.617186 0.0450965 0.0828115
1 0.30332 0.617137 0.0399414 0.0706626
1 0.439177 0.620916 0.0402012 0.0820838
1 0.176652 0.461379 0.0375788 0.0785006
0 0.480718 0.288228 0.0286461 0.0598944
1 0.405222 0.29068 0.027511 0.0585036
1 0.19818 0.400167 0.0434962 0.0605074
1 0.456414 0.468722 0.0312108 0.0763588
1 0.521988 0.395216 0.0308265 0.0616732
0 0.679931 0.393321 0.0303158 0.0746953
0 0.560759 0.28275 0.0256474 0.05579
0 0.589199 0.282799 0.0291956 0.0577697
1 0.336997 0.468881 0.030886 0.0860428
0 0.58352 0.395882 0.030563 0.062358
1 0.236411 0.288601 0.0371432 0.0609092
1 0.206931 0.461092 0.0450386 0.0818876
1 0.28616 0.290824 0.03505 0.0689609
1 0.378075 0.287922 0.0333544 0.0648823
1 0.281209 0.400734 0.0396761 0.0606949
0 0.455309 0.289168 0.0265823 0.0642646
0 0.430266 0.745183 0.0476728 0.0884446
1 0.335018 0.290945 0.0338527 0.0645967
1 0.291812 0.465181 0.0379048 0.0798852
1 0.15498 0.617544 0.0458779 0.0825399
1 0.252166 0.400938 0.0387563 0.0626895
1 0.123621 0.615668 0.0487241 0.0837486
1 0.232636 0.461636 0.0407797 0.0828637
0 0.551701 0.465185 0.0276308 0.0682136
0 0.701022 0.280152 0.0269912 0.0517542
1 0.260149 0.290486 0.036292 0.0662914
0 0.618328 0.282344 0.0251471 0.0603801
0 0.43063 0.290291 0.0248043 0.0626788
0 0.0264571 0.733273 0.0499349 0.075674
