1 0.175905 0.738344 0.0592132 0.0876673
1 0.253556 0.621257 0.0426435 0.076467
1 0.220111 0.617621 0.0422167 0.0783924
0 0.13641 0.737113 0.0522662 0.0842295
0 0.344599 0.736612 0.053933 0.0785389
1 0.152622 0.617436 0.0473523 0.0820015
0 0.25994 0.289099 0.035608 0.0649044
1 0.188447 0.618161 0.0431282 0.0805876
1 0.299943 0.73281 0.050431 0.0790753
0 0.470217 0.741547 0.043154 0.083655
0 0.387438 0.741853 0.0507939 0.0827324
0 0.0950287 0.736192 0.0553014 0.0838423
0 0.456981 0.46961 0.0313749 0.0745237
1 0.368703 0.466593 0.0417002 0.0841702
1 0.394258 0.467463 0.0369523 0.0783724
0 0.428776 0.740461 0.0479525 0.0829121
1 0.376118 0.400744 0.0347835 0.0618742
1 0.851118 0.459818 0.0441223 0.0742579
1 0.314461 0.403023 0.0399185 0.0627697
1 0.763969 0.62568 0.0403181 0.0892103
1 0.352367 0.400953 0.0366594 0.0586817
1 0.337611 0.616964 0.0397884 0.0772752
0 0.28592 0.289497 0.0350968 0.0663385
1 0.489577 0.469469 0.030275 0.0722335
1 0.67896 0.392234 0.0303904 0.075553
0 0.83767 0.390564 0.0372276 0.067448
0 0.772767 0.391601 0.0375137 0.0771808
1 0.259052 0.735121 0.0536387 0.0860756
0 0.281293 0.400258 0.0423687 0.06207
1 0.727556 0.623073 0.0420516 0.0814775
1 0.311851 0.289184 0.0387789 0.0664047
0 0.218437 0.73553 0.0578142 0.0936655
1 0.248579 0.401006 0.0400161 0.0643738
1 0.616299 0.618874 0.0356678 0.0837912
1 0.291822 0.466009 0.0366082 0.0783525
0 0.739945 0.389747 0.033085 0.0714201
0 0.681039 0.465472 0.031656 0.0707815
1 0.371164 0.621114 0.0483633 0.0842075
1 0.583522 0.395469 0.0302789 0.0636863
1 0.511743 0.746198 0.0476874 0.0848349
0 0.804481 0.389574 0.0331488 0.0720536
1 0.465456 0.396715 0.0329647 0.0635246
1 0.689662 0.626886 0.0406258 0.0878242
1 0.428445 0.46576 0.0361494 0.0815228
1 0.404755 0.620772 0.0406538 0.0812936
1 0.579598 0.621545 0.0367314 0.0862244
1 0.438032 0.622391 0.0412128 0.0842384
0 0.0612994 0.732445 0.0522562 0.0759695
1 0.875431 0.622592 0.0490187 0.0901669
1 0.543165 0.620729 0.0382578 0.0831137
1 0.816268 0.273864 0.0359688 0.0609559
1 0.303362 0.6173 0.0390467 0.0720172
1 0.814255 0.464959 0.0350243 0.0688156
1 0.470729 0.623466 0.036607 0.0860792
1 0.802142 0.627732 0.0447809 0.0936592
1 0.12081 0.614977 0.0485715 0.0838322
1 0.583086 0.465013 0.0315857 0.0719279
1 0.61389 0.390511 0.0352943 0.0660584
1 0.377028 0.288031 0.0322984 0.0644704
1 0.779723 0.463982 0.0401497 0.0746422
1 0.712447 0.465292 0.0352953 0.0691992
1 0.505834 0.624208 0.0370565 0.089008
0 0.532815 0.285567 0.0260828 0.0569755
0 0.236125 0.287051 0.0349634 0.0603697
1 0.409112 0.396626 0.0350607 0.0587551
1 0.262765 0.467327 0.0402703 0.0769882
1 0.837157 0.62597 0.0404957 0.0888197
1 0.746623 0.465051 0.0324768 0.0711647
1 0.480954 0.28878 0.0289063 0.0604069
1 0.647614 0.463388 0.0293288 0.0756369
1 0.336526 0.468923 0.0296895 0.0844544
1 0.234767 0.464334 0.0419534 0.0816763
1 0.651996 0.623317 0.0355341 0.0839657
1 0.761623 0.27848 0.027895 0.0618659
1 0.615299 0.464963 0.0298725 0.0715382
1 0.429448 0.29052 0.0257246 0.0627653
1 0.521382 0.396007 0.0322023 0.0632142
0 0.560852 0.282813 0.0255001 0.0560488
1 0.20593 0.462712 0.0445197 0.081295
1 0.199228 0.401516 0.0475539 0.0622885
0 0.709122 0.38818 0.0353649 0.0724863
0 0.554029 0.395543 0.0280577 0.0676087
1 0.787628 0.276831 0.0299082 0.0551832
1 0.701007 0.27842 0.0274419 0.0523619
1 0.731515 0.279205 0.0308262 0.0573877
1 0.337131 0.289992 0.0335891 0.0656117
1 0.589396 0.282147 0.0298381 0.0579881
0 0.437407 0.397023 0.0335795 0.0596145
1 0.618872 0.281413 0.0248047 0.0579761
1 0.403686 0.290665 0.0258567 0.0605885
0 0.643053 0.280964 0.0253588 0.0558322
0 0.50597 0.286511 0.0258927 0.0541142
1 0.550803 0.465146 0.0280601 0.0699215
1 0.518565 0.466272 0.0323004 0.0701532
1 0.176686 0.461995 0.0390117 0.0770756
0 0.223027 0.400545 0.0396694 0.0624842
0 0.495415 0.395587 0.0325463 0.0609703
0 0.67122 0.280215 0.0280437 0.0542004
0 0.454806 0.288903 0.0271652 0.0641287
0 0.646818 0.3883 0.0284485 0.0727784
1 0.220552 0.400401 0.0410626 0.0621633
1 0.0272259 0.731251 0.0496846 0.0752131
