0 0.138335 0.739309 0.0540395 0.0855269
0 0.779044 0.462917 0.0387894 0.0718714
0 0.258303 0.737309 0.0535843 0.0884064
0 0.773403 0.392331 0.038202 0.0746451
0 0.849266 0.459299 0.0425514 0.0747931
0 0.375747 0.401757 0.0361481 0.0610821
0 0.428044 0.463556 0.0374207 0.083367
0 0.313223 0.40362 0.0379014 0.0620076
0 0.372813 0.619785 0.049048 0.0842709
0 0.337608 0.615964 0.0401954 0.0776949
0 0.299554 0.734455 0.0535645 0.0811966
0 0.205178 0.462172 0.04439 0.0813436
0 0.0951553 0.737572 0.057102 0.0862986
0 0.290543 0.465502 0.0377806 0.0808462
0 0.709898 0.389896 0.035906 0.0719501
0 0.176827 0.739233 0.0585306 0.0877109
0 0.489748 0.469199 0.0322211 0.0744665
0 0.614382 0.391361 0.0346052 0.0657576
0 0.218467 0.736694 0.0561711 0.0939933
0 0.812559 0.464608 0.0361216 0.0679614
0 0.220419 0.615471 0.0434892 0.0801559
0 0.578837 0.623031 0.0363638 0.0878064
0 0.405217 0.620055 0.0413342 0.0788858
0 0.22415 0.400223 0.0408441 0.06339
0 0.436036 0.395731 0.0346867 0.0597123
0 0.532942 0.285586 0.0268587 0.0571055
0 0.456092 0.469247 0.030934 0.0759985
0 0.746916 0.465998 0.0329291 0.0720972
0 0.387074 0.745955 0.0521657 0.0847176
0 0.764114 0.62556 0.0410538 0.0897045
0 0.344764 0.739075 0.0527287 0.0798103
0 0.188269 0.618676 0.0462477 0.0792236
0 0.647454 0.38968 0.02985 0.0693789
0 0.838221 0.624235 0.0414484 0.0884974
0 0.689235 0.627966 0.0413531 0.085902
0 0.727333 0.625392 0.0419666 0.0824114
0 0.644016 0.282359 0.0259077 0.0558016
0 0.429781 0.741769 0.0504128 0.0819761
0 0.874994 0.622197 0.0489658 0.0883186
0 0.553878 0.39496 0.0297328 0.0678373
0 0.583738 0.465895 0.0311642 0.0702124
0 0.542328 0.621464 0.0363753 0.080756
0 0.43988 0.621606 0.0412442 0.079596
0 0.471656 0.621399 0.0357365 0.0813673
0 0.122072 0.615273 0.0469956 0.0845621
0 0.650665 0.624641 0.0367119 0.0812905
0 0.25967 0.290066 0.0357016 0.0663821
0 0.64752 0.465342 0.0312234 0.0720559
0 0.71194 0.465662 0.0364607 0.0683413
0 0.505991 0.624344 0.0372526 0.0879759
0 0.788265 0.276942 0.0319422 0.0541592
0 0.805729 0.390466 0.0335396 0.0709497
0 0.614666 0.619861 0.035425 0.0803412
0 0.520131 0.467214 0.0335337 0.0720444
0 0.46616 0.395448 0.034544 0.0636886
0 0.802498 0.628376 0.0452331 0.0930267
0 0.510949 0.748672 0.0461563 0.0882605
0 0.740876 0.390388 0.0324459 0.0699401
0 0.838245 0.390918 0.0368622 0.0669195
0 0.281344 0.40065 0.0393174 0.0596746
0 0.336355 0.469173 0.0315253 0.0839409
0 0.73138 0.280368 0.0299776 0.0592138
0 0.470904 0.745464 0.042255 0.0861733
0 0.198592 0.401171 0.0419013 0.0589754
0 0.681178 0.466543 0.0310772 0.0703465
0 0.232438 0.458301 0.0395411 0.0871443
0 0.336188 0.289749 0.0348133 0.0634623
0 0.6144 0.466223 0.0289925 0.0704233
0 0.285366 0.290451 0.034164 0.0686277
0 0.312141 0.288382 0.0375277 0.066046
0 0.408353 0.395904 0.0337757 0.058883
0 0.153025 0.618057 0.0445911 0.0790162
0 0.367904 0.466633 0.0420967 0.0826527
1 0.254905 0.619935 0.0451585 0.0759296
0 0.761446 0.279162 0.027803 0.0638445
0 0.496247 0.395364 0.0326818 0.0616124
0 0.235474 0.288064 0.0363662 0.0621349
0 0.583336 0.395722 0.0302214 0.0619539
0 0.560777 0.28261 0.0249821 0.055013
0 0.0592034 0.73436 0.0548918 0.0774946
0 0.679835 0.393249 0.0315383 0.0737882
0 0.377849 0.287461 0.032453 0.0640258
0 0.522242 0.395356 0.0310581 0.0612417
0 0.590149 0.282976 0.0289097 0.0589789
0 0.250436 0.401004 0.0377062 0.0643801
0 0.673361 0.281607 0.027647 0.0538903
0 0.26154 0.46645 0.0400358 0.0806036
0 0.404764 0.289663 0.0274299 0.0575864
0 0.350969 0.401692 0.0360621 0.0586097
0 0.506046 0.286647 0.0258442 0.0539669
0 0.480869 0.28825 0.0283592 0.0596814
0 0.176634 0.460168 0.0371928 0.0781858
0 0.429879 0.289617 0.0262541 0.0634292
0 0.618506 0.282564 0.0255347 0.0598532
1 0.303797 0.61676 0.0390583 0.0692772
0 0.817177 0.273314 0.0370882 0.0620832
0 0.455221 0.288006 0.0264773 0.0642794
0 0.701618 0.280465 0.0284401 0.0526903
1 0.39513 0.469024 0.0371586 0.0765639
0 0.552048 0.465255 0.0272592 0.0672374
