1 0.258624 0.742361 0.0519186 0.0809274
1 0.337594 0.619956 0.0425772 0.0718769
1 0.740983 0.394455 0.0348087 0.0661795
1 0.647054 0.394623 0.0318121 0.0639807
1 0.217279 0.619015 0.0417196 0.074999
1 0.368817 0.620786 0.0384656 0.0724421
1 0.305688 0.620114 0.0408025 0.0706058
1 0.279184 0.405886 0.0374536 0.0582728
1 0.336264 0.292819 0.0339383 0.0638993
1 0.496422 0.4004 0.0291483 0.0565506
1 0.729486 0.284377 0.030433 0.0559208
1 0.187374 0.61835 0.0456346 0.0766636
1 0.579784 0.621786 0.0369496 0.0808922
1 0.542808 0.622861 0.0359463 0.0787422
1 0.509581 0.622877 0.0398911 0.0783289
1 0.460559 0.468772 0.0353146 0.0751417
1 0.648319 0.468536 0.030376 0.0717839
1 0.286566 0.292073 0.0365974 0.0639173
1 0.56032 0.287142 0.0299474 0.0569239
1 0.262557 0.467132 0.0372382 0.0785791
1 0.136369 0.743886 0.0507903 0.0758836
1 0.129083 0.618487 0.0436422 0.0773814
1 0.401896 0.291793 0.0299597 0.0616774
1 0.505377 0.289307 0.0300038 0.0575149
1 0.615533 0.621907 0.0392861 0.0834112
1 0.465752 0.400802 0.0315741 0.0572417
1 0.759012 0.282991 0.0331728 0.0559694
1 0.615143 0.468604 0.0352406 0.0703032
1 0.251322 0.405973 0.0341917 0.0581591
1 0.439039 0.6231 0.0404318 0.080421
1 0.468971 0.748008 0.0394878 0.0753513
1 0.261044 0.291801 0.0380698 0.0644425
1 0.435465 0.404772 0.0350109 0.0586601
1 0.839107 0.395553 0.0377405 0.066264
1 0.478743 0.290094 0.0290125 0.0582828
1 0.712333 0.468783 0.0372121 0.0734205
