0 0.138785 0.737924 0.0550328 0.0863809
0 0.779127 0.463087 0.0388927 0.0722191
0 0.258147 0.736379 0.0532275 0.0882613
0 0.313226 0.403346 0.037461 0.0621444
0 0.372629 0.618491 0.0481483 0.0857893
0 0.773664 0.392303 0.0384249 0.0753289
0 0.219262 0.735563 0.0561024 0.0943028
0 0.614337 0.390905 0.0349516 0.0663602
0 0.299855 0.733935 0.0531897 0.0806958
0 0.533166 0.285556 0.0269325 0.0573563
0 0.338021 0.615498 0.0399422 0.0782879
0 0.7642 0.62458 0.0408337 0.0897256
0 0.578833 0.622382 0.0366568 0.0873638
0 0.489976 0.468679 0.0318378 0.0738773
0 0.177151 0.738459 0.0582949 0.0876558
0 0.375797 0.401249 0.0358144 0.0613303
0 0.647454 0.388656 0.0301775 0.0716383
0 0.223986 0.400128 0.0405561 0.0630106
0 0.849585 0.458418 0.0431107 0.0758088
1 0.471585 0.620452 0.0372117 0.0813288
0 0.429795 0.739889 0.0503302 0.0814758
0 0.709989 0.389909 0.0358871 0.0718319
0 0.336405 0.468538 0.031508 0.0836745
0 0.542118 0.620793 0.0367344 0.0799272
0 0.428437 0.46351 0.0376923 0.0832068
0 0.746847 0.465211 0.0329563 0.0711536
0 0.643817 0.282018 0.0256639 0.0556538
0 0.470734 0.742078 0.0425325 0.0841026
0 0.875232 0.620379 0.0494619 0.0887987
0 0.187984 0.618709 0.0457266 0.0791895
0 0.45608 0.469015 0.0307772 0.0752961
0 0.386678 0.745676 0.0515186 0.0842649
0 0.812868 0.464927 0.0357849 0.0677949
0 0.204648 0.461615 0.043435 0.0817732
0 0.290517 0.465497 0.0371513 0.0808861
0 0.344797 0.737752 0.0523356 0.0787806
0 0.83851 0.391054 0.0364227 0.0663735
0 0.218596 0.615323 0.0417118 0.0794218
0 0.395849 0.468408 0.0373731 0.0776081
0 0.435716 0.395711 0.0344305 0.0595073
0 0.404649 0.619428 0.0417117 0.0793889
0 0.838332 0.623209 0.0415649 0.0890537
0 0.689564 0.6275 0.0414869 0.08441
0 0.0959567 0.735695 0.056097 0.0846832
0 0.584045 0.465836 0.0312004 0.0708509
0 0.806264 0.389881 0.0327223 0.0708917
0 0.650966 0.624082 0.0366817 0.0804999
0 0.740369 0.390428 0.0326563 0.0697454
0 0.731303 0.280278 0.0305255 0.0591982
0 0.727731 0.624021 0.0418921 0.0812136
0 0.439818 0.620562 0.0419422 0.0800505
0 0.553746 0.394784 0.0301686 0.0680183
0 0.377195 0.287652 0.0330271 0.0645226
0 0.614797 0.619393 0.0352074 0.0811081
0 0.510835 0.7468 0.0465212 0.0870335
1 0.253349 0.620046 0.0452409 0.0776032
0 0.367823 0.466512 0.0425083 0.0827587
0 0.46625 0.396068 0.0348594 0.0643456
0 0.520086 0.467101 0.033978 0.0723274
0 0.788349 0.276603 0.0313583 0.0542216
0 0.122988 0.614544 0.046015 0.0840152
0 0.802192 0.627284 0.0446907 0.0932581
0 0.81697 0.273761 0.0367847 0.0623999
0 0.647452 0.46457 0.0310098 0.0709577
0 0.260105 0.289938 0.0351259 0.0652526
0 0.0599696 0.73191 0.0529646 0.0757018
0 0.681158 0.465829 0.0312652 0.0692993
0 0.505972 0.624153 0.036412 0.0868776
0 0.614765 0.465955 0.0288083 0.0702913
0 0.312296 0.288237 0.0373529 0.0658426
0 0.679805 0.393719 0.0316387 0.0742275
0 0.285459 0.290245 0.0342934 0.067058
0 0.712327 0.464959 0.0360346 0.0667204
0 0.673223 0.281555 0.0280682 0.0546054
0 0.408485 0.395871 0.033511 0.059056
0 0.761802 0.277805 0.0284065 0.0643215
0 0.232252 0.459464 0.0394788 0.0864619
0 0.336046 0.289554 0.0344871 0.0641866
0 0.590087 0.282812 0.0296568 0.0588999
0 0.281011 0.400601 0.0390569 0.0596204
0 0.261153 0.46691 0.0404975 0.0803675
0 0.496333 0.395341 0.0323967 0.0622039
0 0.152531 0.617598 0.0460746 0.0789908
0 0.235742 0.288066 0.0375465 0.062499
0 0.25017 0.400863 0.0377127 0.0640597
0 0.198433 0.401212 0.042114 0.0583203
0 0.404598 0.289738 0.027756 0.0587184
0 0.521906 0.395112 0.0313452 0.0617888
1 0.303558 0.617343 0.0406566 0.0705161
0 0.561063 0.282148 0.0250374 0.0543869
0 0.480964 0.287738 0.0289743 0.0599321
0 0.351142 0.401399 0.0354596 0.0585592
0 0.429947 0.289653 0.0262579 0.064056
0 0.506249 0.286502 0.0259672 0.0540201
0 0.583461 0.395303 0.0300423 0.0614222
0 0.701323 0.280171 0.0263578 0.0522276
0 0.618826 0.282321 0.0252285 0.0598418
0 0.552185 0.464764 0.027291 0.0668757
0 0.455212 0.287533 0.026305 0.0641176
1 0.176615 0.459807 0.0369326 0.078186
0 0.0264604 0.729779 0.0489084 0.0702608
