0 0.138585 0.738699 0.0545469 0.0857241
0 0.258156 0.736619 0.0537975 0.0882993
0 0.773548 0.392296 0.0378921 0.07504
0 0.31297 0.403921 0.0377046 0.0616929
0 0.77899 0.463082 0.038679 0.0712742
0 0.375587 0.402477 0.036334 0.0613907
0 0.299965 0.734565 0.0533981 0.0811216
0 0.220276 0.615767 0.0421905 0.079822
0 0.17723 0.738518 0.0587235 0.0873361
0 0.614423 0.391281 0.034606 0.0656222
0 0.578997 0.623119 0.0360952 0.0860638
0 0.21858 0.736338 0.0553716 0.0929792
0 0.095654 0.737376 0.0560063 0.0856412
0 0.489858 0.469084 0.0320021 0.0734366
0 0.428293 0.464059 0.0373618 0.0829027
0 0.64734 0.388881 0.030521 0.0709805
0 0.533046 0.286192 0.0269421 0.0573401
0 0.875057 0.620553 0.0482204 0.0900805
0 0.372899 0.620484 0.0492244 0.0849311
0 0.205524 0.462484 0.0445452 0.0813509
0 0.849241 0.458652 0.0423157 0.0752182
0 0.386869 0.746054 0.0519038 0.0839028
0 0.337978 0.615934 0.0402145 0.0778923
0 0.542456 0.621903 0.0365549 0.080685
0 0.40488 0.620793 0.0412121 0.0797037
0 0.812652 0.464637 0.0357269 0.0674799
0 0.76431 0.625193 0.0412573 0.0900509
0 0.344513 0.738781 0.0524316 0.079385
0 0.643734 0.282193 0.0256304 0.0553888
0 0.456099 0.469918 0.0307192 0.0752447
0 0.290615 0.465899 0.0381148 0.0810637
0 0.710301 0.389967 0.0357619 0.0720982
0 0.584086 0.466193 0.0309429 0.0702232
0 0.18785 0.617887 0.0455931 0.0807951
0 0.554112 0.395351 0.0297161 0.0679762
0 0.647545 0.465574 0.0311906 0.0720469
0 0.689492 0.627714 0.0414717 0.0849968
0 0.805741 0.390463 0.0330439 0.0710116
0 0.74058 0.390635 0.0326612 0.0704129
0 0.471747 0.621697 0.0359623 0.0819241
0 0.7467 0.466236 0.0331124 0.0717921
0 0.336434 0.46929 0.0316046 0.0836405
0 0.435968 0.39634 0.0341148 0.059304
0 0.727724 0.625003 0.0416015 0.0824034
0 0.505993 0.624963 0.0369168 0.0869906
0 0.429767 0.741425 0.0491846 0.080605
0 0.439777 0.621932 0.0416498 0.0810581
0 0.650928 0.624762 0.0365871 0.0825776
1 0.253976 0.62048 0.0439548 0.0759335
0 0.22412 0.400511 0.0404862 0.0635748
0 0.465936 0.396474 0.0341148 0.0631727
0 0.816441 0.274014 0.0364681 0.0625139
0 0.83819 0.391692 0.0363689 0.0665211
0 0.838474 0.623468 0.0417032 0.0908596
0 0.788052 0.276762 0.0312559 0.0543699
0 0.510747 0.749132 0.0462811 0.0873765
0 0.731177 0.280269 0.0298901 0.0596438
0 0.260059 0.29016 0.0354937 0.0653564
0 0.58984 0.283404 0.0296736 0.0588946
0 0.614856 0.620226 0.0352758 0.0810132
0 0.470711 0.746082 0.0424376 0.0862684
0 0.614689 0.466578 0.028904 0.0710382
0 0.198547 0.401295 0.0422289 0.0589475
0 0.520197 0.46767 0.0337341 0.0723619
0 0.232711 0.45903 0.0394075 0.0879435
0 0.681302 0.466554 0.0311329 0.0699244
0 0.761436 0.278027 0.0281109 0.064562
0 0.496335 0.395866 0.0326472 0.0615103
0 0.80266 0.628265 0.045092 0.0942749
0 0.285847 0.290559 0.0344791 0.0668969
0 0.408842 0.396237 0.033713 0.0593987
0 0.673101 0.281422 0.0280441 0.053959
0 0.679984 0.393684 0.0308989 0.0737349
0 0.280733 0.401037 0.038626 0.0600436
0 0.712216 0.465653 0.0361975 0.0673281
0 0.121812 0.614767 0.0492357 0.0833588
0 0.152586 0.617423 0.0461968 0.0795822
0 0.2362 0.288212 0.0368567 0.0617042
0 0.36803 0.466841 0.0416899 0.0832032
0 0.312327 0.289077 0.0374353 0.0655648
0 0.560805 0.282811 0.0246231 0.0540465
0 0.61866 0.282693 0.0253742 0.0602289
0 0.0594464 0.734264 0.0551207 0.076514
0 0.377831 0.287685 0.0333135 0.0622946
0 0.583591 0.395971 0.0301991 0.0617384
1 0.395225 0.469974 0.0369057 0.0753865
0 0.336357 0.290538 0.0345031 0.0631782
0 0.522208 0.395752 0.0311207 0.0613621
0 0.250652 0.4012 0.0382339 0.06406
0 0.506182 0.287255 0.025715 0.0534201
0 0.480951 0.288676 0.0287623 0.0598209
0 0.261015 0.467215 0.0406706 0.0789858
0 0.404898 0.289871 0.0273768 0.0583543
1 0.304478 0.617255 0.0392036 0.0687689
0 0.351221 0.402162 0.0351891 0.0581038
0 0.430267 0.289825 0.0258843 0.0631791
0 0.17669 0.460155 0.036367 0.0777202
0 0.701643 0.280573 0.0281748 0.0532342
0 0.455718 0.289029 0.0258327 0.0643765
0 0.552331 0.465339 0.027188 0.0668572
0 0.0267633 0.732218 0.0497283 0.0716408
