1 0.679509 0.393606 0.0328718 0.0619027
1 0.813429 0.46701 0.0384364 0.0696131
1 0.258854 0.742386 0.0517667 0.0797687
1 0.219407 0.62025 0.0432248 0.0753779
1 0.405272 0.621174 0.0406953 0.0778626
1 0.714074 0.468614 0.0372905 0.0716957
1 0.402513 0.291034 0.0306607 0.061031
1 0.438114 0.622167 0.040044 0.0784839
1 0.335887 0.291662 0.034795 0.0647375
1 0.335803 0.621424 0.0446041 0.0746539
1 0.370316 0.621492 0.0410381 0.076045
1 0.542 0.622573 0.0362182 0.0792715
1 0.680546 0.468066 0.0340747 0.0708898
1 0.135084 0.741998 0.0501641 0.0771253
1 0.792018 0.282975 0.0338975 0.0585801
1 0.617719 0.622924 0.0347663 0.0824562
1 0.780148 0.467706 0.0352221 0.0704022
1 0.310452 0.291737 0.0383057 0.064783
1 0.505973 0.288777 0.0313671 0.0573912
1 0.521346 0.467386 0.0316086 0.0727859
