1 0.18731 0.619302 0.0454037 0.0730101
1 0.337045 0.619518 0.0426706 0.0721323
1 0.741473 0.395165 0.0342906 0.064788
1 0.714622 0.467296 0.0366325 0.0713499
1 0.80375 0.39157 0.035744 0.0657353
1 0.488978 0.468984 0.0359712 0.0743543
1 0.337981 0.291084 0.035644 0.0601231
1 0.307322 0.619346 0.0409068 0.0707952
1 0.40096 0.290674 0.0289996 0.0590399
1 0.218473 0.61908 0.0423993 0.0721731
1 0.368144 0.620205 0.0403771 0.0728568
1 0.520795 0.469246 0.0302148 0.0736227
1 0.584291 0.396934 0.0308626 0.0586679
1 0.278623 0.406106 0.0343063 0.05875
1 0.31157 0.290728 0.0365462 0.0603133
1 0.779289 0.465247 0.0327803 0.0676327
1 0.74682 0.466875 0.0330605 0.069535
1 0.680036 0.467618 0.0338158 0.0717594
1 0.263266 0.466953 0.0395929 0.0789102
1 0.351419 0.406122 0.0342211 0.0576586
1 0.772256 0.394647 0.0318711 0.0639965
1 0.426895 0.289834 0.028989 0.0585973
1 0.689359 0.629613 0.0399309 0.0752599
1 0.554294 0.397569 0.0299221 0.0584255
1 0.559999 0.286297 0.0301017 0.0563902
1 0.614998 0.396485 0.0322637 0.0590008
1 0.51055 0.624361 0.0401569 0.0758101
1 0.816341 0.464263 0.0379368 0.069588
