1 0.337463 0.290801 0.033825 0.0581239
1 0.542867 0.621098 0.0373694 0.0799004
1 0.401165 0.289764 0.0272148 0.055592
1 0.187805 0.618818 0.0471477 0.0763912
1 0.336308 0.619614 0.0439978 0.0759522
1 0.496607 0.399531 0.0291812 0.0572453
1 0.507157 0.286306 0.0317386 0.0551771
1 0.439274 0.621489 0.0396155 0.0782398
1 0.453408 0.287495 0.0288844 0.0551126
1 0.713593 0.467506 0.0372085 0.0712042
1 0.427515 0.288652 0.0271423 0.05525
1 0.259479 0.740228 0.0517167 0.0814051
1 0.814284 0.465328 0.0399181 0.0713383
1 0.466447 0.399305 0.0319114 0.0578633
1 0.510461 0.745972 0.0440646 0.0746959
1 0.83915 0.394254 0.0390188 0.0668464
1 0.304558 0.620055 0.0408972 0.0732796
1 0.618091 0.396008 0.0316536 0.0613974
1 0.37911 0.405001 0.0333572 0.0582841
1 0.80826 0.394438 0.0413362 0.0686704
1 0.61682 0.467307 0.0341023 0.0695113
1 0.615278 0.622613 0.0393378 0.0832049
1 0.554043 0.397097 0.0312778 0.0594529
1 0.779148 0.465832 0.0377032 0.0703665
1 0.254375 0.619756 0.0409067 0.0735863
1 0.479205 0.286919 0.0295912 0.0551462
1 0.50803 0.621141 0.0400866 0.0790918
1 0.534772 0.285972 0.0309316 0.0537758
1 0.279471 0.405559 0.0350068 0.0581935
1 0.585173 0.39585 0.0335393 0.0608479
1 0.406646 0.620485 0.0407914 0.0776216
1 0.52196 0.467676 0.0293952 0.0696931
1 0.30988 0.405227 0.0379393 0.057469
1 0.370648 0.619728 0.0413073 0.0769743
1 0.679702 0.467855 0.0323117 0.0703844
1 0.376003 0.290642 0.0274111 0.0562556
1 0.708758 0.396342 0.0367476 0.0624593
1 0.261129 0.288971 0.0350185 0.0577831
1 0.728961 0.28393 0.0283263 0.0546129
1 0.22032 0.619085 0.0420155 0.0760123
1 0.645752 0.284755 0.0291327 0.0549279
1 0.285304 0.289421 0.0340694 0.0575109
1 0.792261 0.283002 0.033526 0.0576612
1 0.57853 0.621774 0.0357843 0.0804221
1 0.741732 0.395897 0.0346966 0.0630707
1 0.745988 0.466783 0.0342672 0.0719072
1 0.236046 0.288377 0.0369389 0.0595826
1 0.489638 0.467416 0.0359531 0.0709243
1 0.406849 0.403948 0.0318345 0.0591528
1 0.472788 0.622187 0.0350263 0.0786372
