1 0.260252 0.743016 0.0499492 0.0831835
1 0.218476 0.619788 0.0427668 0.074842
1 0.336775 0.619698 0.0453626 0.0737049
1 0.336386 0.292207 0.0332003 0.0640274
1 0.778043 0.39239 0.0359748 0.0679836
1 0.401066 0.291514 0.0277167 0.0599555
1 0.495994 0.399284 0.0311667 0.060915
1 0.618306 0.397644 0.0311203 0.0610055
1 0.465757 0.400067 0.0337534 0.0618236
1 0.426796 0.29122 0.0277308 0.0585007
1 0.439238 0.620135 0.0398927 0.075902
1 0.287391 0.291476 0.0353237 0.0633051
1 0.2621 0.290882 0.0373538 0.0629409
1 0.371295 0.619242 0.0395063 0.0741513
1 0.615913 0.623985 0.0366526 0.0782573
1 0.235083 0.290391 0.0384905 0.0628773
1 0.312416 0.291845 0.0346233 0.0636415
1 0.280618 0.406567 0.0351346 0.0562425
1 0.506167 0.290059 0.0300582 0.0569832
1 0.533248 0.289018 0.0315215 0.057322
1 0.376493 0.291737 0.0285056 0.0614822
1 0.452741 0.291076 0.0275783 0.0574246
1 0.615895 0.471101 0.0344363 0.0693532
1 0.478786 0.290998 0.0287089 0.0571017
1 0.256657 0.621041 0.0449468 0.0737476
1 0.209911 0.290646 0.0375216 0.0632928
1 0.782012 0.467497 0.037339 0.0738735
1 0.136611 0.742289 0.0498475 0.0778535
1 0.83803 0.3935 0.03753 0.0667956
1 0.490978 0.471672 0.0364361 0.0764436
1 0.312472 0.406429 0.0355625 0.055334
1 0.156192 0.619141 0.042836 0.0766442
1 0.646945 0.285809 0.0270391 0.0552022
1 0.542188 0.622398 0.0349497 0.0758431
1 0.728767 0.283088 0.0298268 0.0566149
1 0.404484 0.620017 0.0378068 0.0753392
1 0.679473 0.469614 0.0316108 0.0709384
1 0.363857 0.469437 0.0378084 0.0811856
1 0.252332 0.40682 0.0320691 0.0562044
1 0.428888 0.743781 0.0410235 0.0753352
1 0.30376 0.620516 0.0378841 0.0718402
1 0.618377 0.286595 0.0314111 0.0552565
1 0.35534 0.292073 0.0285507 0.0630926
1 0.559249 0.288295 0.0299597 0.0567282
