0 0.138413 0.739047 0.0549866 0.08605
0 0.299415 0.735472 0.0528608 0.0825732
0 0.429941 0.74124 0.0494902 0.0813578
0 0.773548 0.391716 0.037715 0.0752149
0 0.258143 0.73706 0.0531253 0.0876988
0 0.177783 0.73901 0.0569801 0.086897
0 0.778923 0.462819 0.0388927 0.0717083
1 0.224382 0.399817 0.0404641 0.0614551
0 0.0956287 0.737522 0.0560098 0.0839078
0 0.387821 0.745225 0.0516474 0.0834785
1 0.489956 0.468999 0.0320303 0.0744862
0 0.219062 0.73684 0.0548979 0.0920057
0 0.578834 0.622636 0.0365974 0.0870855
0 0.746575 0.465132 0.0335661 0.0717119
0 0.710043 0.389574 0.0360515 0.0731977
0 0.533105 0.285904 0.0263962 0.0576684
0 0.614817 0.390424 0.0343452 0.0665887
0 0.396207 0.468073 0.0369557 0.077331
0 0.647289 0.388078 0.0306001 0.0725511
1 0.338726 0.615462 0.0402746 0.0775612
0 0.542313 0.621382 0.0366635 0.0811869
0 0.519949 0.467441 0.0334536 0.0731442
0 0.673151 0.280311 0.0273451 0.0526014
0 0.764326 0.62487 0.0408509 0.090064
0 0.435767 0.395932 0.0342503 0.0587535
0 0.806107 0.389044 0.0339754 0.0719173
0 0.313773 0.402733 0.0377896 0.0613393
0 0.456212 0.469408 0.030545 0.0758669
0 0.251133 0.400273 0.0383608 0.061972
1 0.205766 0.461674 0.0466701 0.081593
1 0.235297 0.289108 0.0378483 0.0627513
0 0.643745 0.281666 0.0260408 0.0546543
0 0.471252 0.621564 0.0357849 0.0820346
1 0.368625 0.467885 0.0416865 0.0811071
0 0.848179 0.459014 0.0410297 0.0753189
0 0.727743 0.625454 0.0417679 0.0828915
0 0.61482 0.620941 0.034985 0.0834415
0 0.37612 0.401918 0.0359038 0.0609589
0 0.838104 0.623263 0.0420284 0.0919891
0 0.506149 0.624812 0.0375315 0.0891482
0 0.408538 0.39591 0.0333607 0.0582395
0 0.427597 0.464623 0.0374313 0.0810757
0 0.689415 0.627013 0.0415465 0.0865334
0 0.740633 0.389968 0.0333932 0.0714935
1 0.154926 0.617297 0.0446746 0.0802183
0 0.0592172 0.734215 0.0525402 0.0778593
0 0.647811 0.465339 0.0304918 0.0714525
1 0.285669 0.291391 0.0353028 0.0667034
0 0.614695 0.465663 0.0290743 0.0704773
0 0.312359 0.289865 0.0363628 0.0655757
0 0.761406 0.276466 0.0281954 0.0633481
0 0.65078 0.624178 0.0365776 0.082569
0 0.730641 0.280436 0.0303272 0.0597812
1 0.405494 0.620127 0.0414112 0.0802122
0 0.281743 0.400242 0.0390888 0.0592174
1 0.372976 0.618643 0.0477619 0.0835752
0 0.465991 0.396118 0.0345551 0.0636497
0 0.510793 0.747511 0.0468309 0.0872955
1 0.188924 0.617448 0.0444724 0.0815135
0 0.554029 0.394259 0.0296647 0.068676
0 0.583831 0.465808 0.0308788 0.0711455
0 0.345014 0.738561 0.0529996 0.078983
0 0.812661 0.465042 0.0354692 0.0680716
0 0.711951 0.465638 0.034975 0.0680148
0 0.875723 0.622367 0.0494125 0.088592
0 0.802258 0.627877 0.0455135 0.0948909
0 0.17669 0.461086 0.0380831 0.0774824
0 0.815759 0.273873 0.0350248 0.0632511
0 0.261599 0.466977 0.040922 0.0791861
1 0.303516 0.617417 0.039741 0.0693881
0 0.837789 0.390034 0.036619 0.0661691
0 0.681221 0.466204 0.0317369 0.0687627
0 0.481054 0.288275 0.0285754 0.0599756
0 0.439645 0.621587 0.0413056 0.0808069
0 0.583832 0.395101 0.031123 0.0627545
0 0.679911 0.392991 0.0310652 0.0750579
0 0.378098 0.288568 0.0331455 0.0646235
0 0.590238 0.282323 0.0298548 0.0588689
1 0.337137 0.468431 0.0306396 0.0871922
1 0.335401 0.290637 0.0330557 0.063774
0 0.561134 0.28246 0.0253733 0.055116
0 0.787879 0.276299 0.0311644 0.0539487
1 0.221528 0.616634 0.0422647 0.0795564
1 0.253695 0.621763 0.0419665 0.0753914
0 0.260208 0.291118 0.0345072 0.0649698
0 0.470892 0.74416 0.0423152 0.0848268
0 0.495908 0.395214 0.0321129 0.0626557
0 0.506101 0.286979 0.0257291 0.0550235
0 0.351362 0.400673 0.0347178 0.0588509
1 0.291092 0.465495 0.0390732 0.0819837
0 0.522008 0.395319 0.0309612 0.0621132
0 0.404523 0.289965 0.0278468 0.0588492
0 0.551909 0.465165 0.0277502 0.068222
0 0.61829 0.282137 0.0251631 0.0596097
0 0.455328 0.28831 0.0266029 0.0630553
0 0.429832 0.289697 0.0263283 0.0634858
0 0.700829 0.27969 0.0257856 0.051126
1 0.23235 0.458275 0.0399515 0.0894383
0 0.198055 0.400453 0.0402673 0.0586188
0 0.123092 0.614523 0.0489708 0.0827063
0 0.0274257 0.732293 0.0502131 0.0731636
1 0.174999 0.459998 0.0379735 0.0787336
1 0.121846 0.615655 0.0474151 0.0801464
