1 0.176623 0.739566 0.0595628 0.0910168
1 0.258591 0.737844 0.0546191 0.0890779
1 0.136008 0.739237 0.0557974 0.0864364
1 0.253786 0.621242 0.0428187 0.0770723
1 0.299726 0.73414 0.0527489 0.0792702
1 0.773759 0.393453 0.0377863 0.0764215
1 0.788432 0.279222 0.032909 0.0567904
1 0.848072 0.459395 0.0428555 0.0769091
0 0.761272 0.280218 0.0290176 0.061873
1 0.219517 0.616435 0.0420536 0.078878
1 0.0947934 0.738099 0.054968 0.0848042
1 0.584267 0.467497 0.032329 0.0714583
1 0.186293 0.619312 0.0480981 0.0806507
0 0.429234 0.741948 0.0513409 0.0821868
0 0.344532 0.739443 0.0525287 0.0791938
0 0.387033 0.746687 0.0519031 0.083725
1 0.647593 0.466825 0.03183 0.0742783
0 0.806251 0.390115 0.0334032 0.0706255
0 0.408251 0.396417 0.033114 0.0583415
1 0.727893 0.627415 0.0424143 0.0841509
1 0.281165 0.401198 0.0401852 0.0613509
1 0.875609 0.622925 0.051342 0.0918373
1 0.466515 0.397347 0.0347273 0.0652113
1 0.376542 0.400222 0.0347258 0.0627488
1 0.259339 0.291334 0.0354969 0.0660466
1 0.122882 0.615227 0.0471323 0.0839157
1 0.690416 0.629104 0.0420786 0.0834792
0 0.312077 0.403184 0.0374984 0.0622305
0 0.741392 0.391499 0.0326963 0.070898
0 0.0583819 0.735596 0.0540272 0.079097
1 0.439601 0.621627 0.0409662 0.0801224
1 0.405225 0.621607 0.0425126 0.080695
1 0.51982 0.46716 0.0317963 0.07211
0 0.83892 0.390902 0.0375278 0.0672586
1 0.505763 0.625072 0.036538 0.0869365
1 0.471206 0.743138 0.0437719 0.0858145
1 0.765294 0.62624 0.0417492 0.0894137
1 0.456843 0.469383 0.0304318 0.0732922
1 0.471247 0.621754 0.0365217 0.0813477
1 0.311513 0.29054 0.0376508 0.0668682
1 0.373275 0.62049 0.0498178 0.0844454
1 0.338983 0.616935 0.0420107 0.0794822
1 0.377899 0.288391 0.0340631 0.0640657
1 0.367492 0.467777 0.0435286 0.0832905
0 0.68159 0.467786 0.0322525 0.0714283
1 0.745596 0.46708 0.0341753 0.0737215
1 0.583136 0.396741 0.0302443 0.061983
1 0.435649 0.396585 0.0334604 0.0598951
1 0.396077 0.468605 0.0373942 0.078145
1 0.222926 0.399685 0.0422799 0.0637147
1 0.542584 0.621548 0.0370312 0.080283
1 0.802545 0.628228 0.0451881 0.091062
1 0.579604 0.623295 0.0367474 0.0850385
0 0.220525 0.738045 0.0552819 0.0933262
1 0.261629 0.46854 0.0415616 0.0797253
1 0.779206 0.464509 0.0399234 0.0758919
1 0.284385 0.291791 0.0348395 0.0677089
1 0.511782 0.747967 0.044655 0.0850148
1 0.613709 0.392539 0.0352951 0.0643362
1 0.45615 0.288972 0.0271754 0.0652634
1 0.615405 0.621796 0.0356981 0.0822216
1 0.673181 0.282086 0.0278366 0.0532161
0 0.646192 0.38903 0.0302329 0.0719041
1 0.482084 0.288787 0.0277216 0.0609179
1 0.152273 0.617903 0.0440422 0.0819109
1 0.651931 0.625713 0.0374093 0.0815073
1 0.522524 0.396447 0.0309668 0.0603581
1 0.203814 0.462298 0.0437376 0.0820601
1 0.679789 0.393433 0.0311382 0.0737346
1 0.614805 0.467113 0.0279881 0.0712214
0 0.554641 0.39581 0.0280586 0.0655554
1 0.591258 0.284206 0.0298018 0.0614916
1 0.812312 0.465901 0.034296 0.0677089
1 0.496278 0.397099 0.0317778 0.0612691
1 0.490038 0.468832 0.0326599 0.0723064
1 0.643689 0.282346 0.0260109 0.055716
1 0.334765 0.468722 0.0307475 0.0861816
1 0.430583 0.29066 0.0259455 0.0632725
1 0.561953 0.283693 0.0264339 0.0567954
1 0.291041 0.465496 0.0373731 0.0806446
1 0.838567 0.624979 0.0414379 0.0882311
1 0.551978 0.465557 0.0276364 0.0697046
1 0.428318 0.465373 0.035815 0.0806889
1 0.70949 0.390258 0.036204 0.0718507
1 0.251255 0.401349 0.0403556 0.0643906
1 0.506732 0.287118 0.0249335 0.0532245
1 0.303296 0.618444 0.0407186 0.0727148
1 0.350296 0.401429 0.0370872 0.061323
1 0.532467 0.286353 0.0255764 0.0561274
1 0.232236 0.462541 0.0417199 0.0854111
1 0.405212 0.290805 0.0279886 0.05687
0 0.23512 0.289711 0.0360625 0.0623209
1 0.701019 0.280477 0.027099 0.0528619
0 0.732008 0.281804 0.0301851 0.0588437
0 0.817676 0.277096 0.0384822 0.0669799
1 0.711907 0.466851 0.0346951 0.068022
1 0.335479 0.291025 0.0337656 0.0632561
0 0.619491 0.283545 0.0236069 0.0584835
1 0.196173 0.400833 0.0451588 0.0617399
0 0.176209 0.462185 0.0377205 0.0783254
