1 0.336701 0.619553 0.0430083 0.0736722
1 0.219448 0.618286 0.0411552 0.0764016
1 0.425878 0.287274 0.0274254 0.0563535
1 0.495008 0.396727 0.0317228 0.0586871
1 0.438232 0.621313 0.0423216 0.0785411
1 0.258762 0.741702 0.0514269 0.0805085
1 0.370078 0.619523 0.0374754 0.0744246
1 0.505751 0.284636 0.0318676 0.0554007
1 0.542986 0.621961 0.0359599 0.077855
1 0.187138 0.617536 0.0455095 0.0780788
1 0.337387 0.288666 0.0347373 0.0585081
1 0.50898 0.621998 0.0386749 0.0774504
1 0.255337 0.619813 0.0423581 0.0736078
1 0.732905 0.283167 0.0300892 0.0547018
1 0.71293 0.465587 0.0354491 0.0674912
1 0.679489 0.46566 0.0320006 0.0666028
1 0.375429 0.288244 0.0276384 0.0565263
1 0.233264 0.287393 0.0384869 0.0623326
1 0.400466 0.287825 0.027743 0.0563453
1 0.156618 0.617323 0.0482417 0.0786107
1 0.303717 0.619697 0.0390557 0.0716782
1 0.586945 0.392759 0.0351387 0.0625119
1 0.404501 0.620382 0.0396342 0.0765822
1 0.451754 0.286689 0.0279185 0.0565269
1 0.617355 0.391062 0.0332573 0.0617978
1 0.489769 0.464995 0.0364669 0.0700112
1 0.465586 0.397269 0.0323751 0.0580719
1 0.364801 0.466369 0.0362454 0.0751417
1 0.207865 0.288008 0.0383946 0.0633479
1 0.741161 0.39005 0.0352719 0.0697935
1 0.553997 0.393142 0.0324178 0.0629766
1 0.457637 0.46502 0.0357449 0.0701438
1 0.612752 0.621692 0.0374962 0.078294
1 0.478903 0.2857 0.0297394 0.0558186
1 0.120485 0.615987 0.0416148 0.0771594
1 0.522547 0.464515 0.0288922 0.0679429
1 0.58214 0.464729 0.0331855 0.0667202
1 0.427805 0.465464 0.0327437 0.0699737
1 0.309245 0.288632 0.0363058 0.0595384
1 0.760556 0.282776 0.0311406 0.0551862
1 0.473136 0.622111 0.0354425 0.0781271
1 0.203063 0.463917 0.03834 0.0729708
