1 0.176842 0.740385 0.0603366 0.0912895
0 0.093566 0.738146 0.0557439 0.0867731
1 0.137235 0.739643 0.0541497 0.0864395
1 0.299984 0.73479 0.0520887 0.0798801
1 0.219524 0.616973 0.0421106 0.078434
1 0.259934 0.290288 0.0350306 0.0651831
1 0.583876 0.466273 0.0321676 0.0712538
0 0.533027 0.286092 0.02676 0.0576011
1 0.373167 0.621508 0.0503818 0.0844123
0 0.429627 0.741235 0.050716 0.0810346
1 0.186111 0.618986 0.0474869 0.0798624
0 0.38683 0.746535 0.0519294 0.0830526
1 0.253322 0.621497 0.0426682 0.0770084
0 0.773208 0.394365 0.0384394 0.0747504
1 0.818514 0.275694 0.0381318 0.0649133
0 0.344437 0.739622 0.0524083 0.0789426
1 0.690399 0.628334 0.0425919 0.0827082
1 0.584265 0.395345 0.0299198 0.0617532
1 0.848468 0.461189 0.0424622 0.0771835
1 0.470881 0.744456 0.0433113 0.0859682
1 0.471027 0.621995 0.0363306 0.0821122
1 0.439311 0.622199 0.040733 0.0805232
1 0.152122 0.617151 0.0445338 0.0814978
1 0.121613 0.613732 0.0458733 0.0849302
1 0.405505 0.621661 0.0413063 0.0799656
1 0.764685 0.625192 0.0407937 0.089329
0 0.740698 0.392566 0.0318738 0.0690502
1 0.646781 0.46432 0.0316164 0.0716297
0 0.219934 0.737671 0.054348 0.0929039
1 0.223216 0.400032 0.042044 0.0640787
1 0.367978 0.46796 0.0427095 0.0815114
1 0.261457 0.469203 0.0411746 0.0800127
1 0.456606 0.469812 0.0301831 0.0744782
1 0.731783 0.28095 0.0300606 0.0578312
1 0.258934 0.737702 0.0550716 0.0884889
1 0.3133 0.403767 0.0390717 0.0614212
1 0.505049 0.625117 0.0360574 0.0871373
1 0.613592 0.391556 0.0350168 0.0639843
0 0.25053 0.40109 0.041823 0.0654526
1 0.312005 0.289413 0.0383286 0.0682118
1 0.522142 0.396589 0.03083 0.0612598
1 0.519686 0.466979 0.0321221 0.0717462
1 0.709864 0.391496 0.0367273 0.0710387
1 0.436301 0.39735 0.0344055 0.0585693
1 0.511121 0.748378 0.0457568 0.0851658
1 0.39598 0.468135 0.0372264 0.0784334
1 0.579524 0.623518 0.0367225 0.0856284
1 0.875955 0.622553 0.0507587 0.0910369
1 0.281354 0.401571 0.0406011 0.0624149
0 0.0591324 0.735896 0.0524563 0.077447
1 0.615083 0.621527 0.035604 0.0830063
1 0.337728 0.617351 0.040763 0.0798004
0 0.805862 0.391912 0.0337774 0.0670944
1 0.541823 0.621457 0.037311 0.0820307
1 0.205203 0.461409 0.0457751 0.0835759
1 0.802282 0.627971 0.0445877 0.0918548
0 0.378099 0.288297 0.0327857 0.0649511
1 0.728227 0.626047 0.0415604 0.0838829
0 0.646149 0.388444 0.0313313 0.0711611
1 0.376216 0.400727 0.0354945 0.0622883
1 0.652067 0.625085 0.0378322 0.0829499
1 0.302653 0.618135 0.0404211 0.073808
1 0.590825 0.282693 0.0285976 0.0598752
1 0.284083 0.291506 0.0351355 0.0686336
1 0.812201 0.466813 0.0341148 0.0676456
1 0.76121 0.279438 0.0289268 0.0624844
1 0.466051 0.397129 0.0344921 0.0655333
0 0.83848 0.392963 0.0373274 0.0653496
1 0.290958 0.465776 0.0370336 0.0813004
1 0.561535 0.282134 0.0257421 0.0558388
1 0.614509 0.465966 0.0280713 0.0704638
1 0.428247 0.46513 0.036786 0.0810526
1 0.335209 0.469025 0.0323395 0.0850493
1 0.680425 0.393758 0.0315141 0.074434
1 0.778889 0.46416 0.0405392 0.0758913
0 0.480765 0.289096 0.0286446 0.0608094
1 0.430481 0.29091 0.0259981 0.0647063
1 0.489894 0.46906 0.0332688 0.0732645
1 0.404422 0.29118 0.0288542 0.0595618
1 0.745682 0.466845 0.0333122 0.0726269
0 0.644107 0.282178 0.0263851 0.0553164
0 0.408011 0.397605 0.0333288 0.0582794
1 0.837081 0.624285 0.0422466 0.0879918
0 0.618524 0.282022 0.0246418 0.0583231
1 0.196744 0.401051 0.0429422 0.0610848
1 0.175232 0.461284 0.0393212 0.078839
0 0.70148 0.280536 0.0268518 0.0524603
1 0.554282 0.395527 0.0288441 0.0691055
1 0.680933 0.466733 0.0310142 0.0710857
1 0.350305 0.40222 0.0367046 0.0601112
1 0.712499 0.466805 0.0349857 0.066597
0 0.455534 0.289776 0.025625 0.0645152
0 0.673457 0.28146 0.0274191 0.0540562
1 0.231957 0.462169 0.0409522 0.0828188
1 0.788355 0.278199 0.0319574 0.0551747
1 0.506218 0.287719 0.0263711 0.0550157
0 0.49628 0.396514 0.0318104 0.0619816
1 0.552023 0.465241 0.0275055 0.0688442
1 0.336395 0.290909 0.0348778 0.0651333
0 0.235841 0.288458 0.0361736 0.0617569
1 0.0265025 0.736156 0.0495978 0.0781729
