0 0.13859 0.738705 0.0534472 0.0849714
0 0.258613 0.736934 0.0540553 0.0885088
0 0.779089 0.463059 0.0389754 0.0719282
0 0.773548 0.392532 0.0382291 0.0751306
0 0.31322 0.403533 0.0379932 0.0622332
0 0.849259 0.459518 0.0420471 0.0741625
0 0.337936 0.615339 0.0400925 0.0781271
0 0.428508 0.463757 0.0371548 0.08332
0 0.176916 0.738789 0.059233 0.087114
0 0.578957 0.622844 0.0360327 0.0853161
0 0.299859 0.734684 0.0530836 0.0817453
0 0.372905 0.619715 0.0486017 0.0845655
0 0.205228 0.462751 0.0444101 0.0814425
0 0.0963876 0.736713 0.0555609 0.084659
0 0.489807 0.469122 0.0321568 0.074293
0 0.614372 0.390764 0.0351212 0.0667774
0 0.456397 0.469456 0.0304443 0.0758089
0 0.219467 0.73601 0.0552517 0.0926707
0 0.220617 0.61541 0.0433228 0.0810031
0 0.386901 0.747503 0.0523258 0.086722
0 0.874929 0.621316 0.0490643 0.0900097
0 0.647536 0.388641 0.030657 0.0720213
0 0.375839 0.401696 0.0357678 0.0608296
0 0.404916 0.620579 0.0411426 0.0795021
0 0.710115 0.389771 0.0358034 0.0723455
0 0.22428 0.400448 0.040335 0.0630465
0 0.290471 0.465863 0.0379366 0.0811508
0 0.188485 0.618643 0.0464524 0.0800339
0 0.644022 0.282013 0.0257019 0.0557467
0 0.764124 0.625525 0.0411598 0.0898572
0 0.689337 0.627878 0.0414829 0.0843891
0 0.812722 0.464785 0.0363398 0.0682041
0 0.806109 0.389841 0.0332637 0.0717753
0 0.542484 0.622085 0.0368544 0.0808346
0 0.53308 0.286028 0.0266394 0.0572094
0 0.0602029 0.732389 0.0529155 0.0755348
0 0.344116 0.738853 0.0527542 0.0792212
0 0.436213 0.396016 0.0347221 0.0597719
0 0.838221 0.623582 0.0414757 0.0902978
0 0.746521 0.466154 0.0329166 0.0729317
0 0.740445 0.390601 0.0327261 0.0703606
0 0.520172 0.467831 0.0341003 0.0729671
0 0.647378 0.465595 0.0308933 0.0715511
0 0.838798 0.390901 0.0364689 0.0675023
0 0.506104 0.625144 0.0373716 0.0875681
0 0.788339 0.27697 0.031593 0.0543611
0 0.583689 0.466522 0.0308189 0.0712794
0 0.429646 0.741868 0.0503876 0.0820735
0 0.466034 0.395967 0.0340832 0.0635455
0 0.650908 0.624765 0.0369504 0.0830356
0 0.471555 0.621487 0.0360641 0.0816914
0 0.510624 0.748844 0.046587 0.0880766
0 0.5537 0.393985 0.0297359 0.0696207
0 0.614842 0.620809 0.0348742 0.0822866
0 0.336164 0.468796 0.0319769 0.0849221
0 0.440136 0.622054 0.0414747 0.0796768
0 0.727476 0.625124 0.0416201 0.0823129
0 0.712016 0.465758 0.0361015 0.0683378
0 0.470824 0.744411 0.0425483 0.0853142
0 0.281129 0.400685 0.0394568 0.0601078
0 0.614568 0.466424 0.0289251 0.0709826
0 0.761465 0.27898 0.0273451 0.0643157
0 0.235858 0.288273 0.0373623 0.0621197
0 0.232567 0.458983 0.0393587 0.0877596
0 0.802456 0.628132 0.0452846 0.0941136
0 0.731319 0.280274 0.0297235 0.0593583
0 0.817155 0.273885 0.0370716 0.062778
0 0.198961 0.40156 0.0421592 0.0585438
0 0.336264 0.290067 0.0347627 0.0636277
1 0.25471 0.619748 0.0448047 0.0766743
0 0.152638 0.618129 0.0453825 0.0799837
0 0.285311 0.290495 0.0338155 0.0665439
0 0.260034 0.29 0.0346659 0.0648025
0 0.36826 0.46687 0.0423683 0.0837745
0 0.496325 0.395339 0.0327793 0.0623209
0 0.12292 0.61542 0.0464246 0.0837994
0 0.312268 0.288841 0.0374883 0.0654647
0 0.377946 0.287236 0.0329833 0.0637947
0 0.680141 0.393529 0.0314514 0.0743524
0 0.680957 0.4662 0.0315105 0.0695998
0 0.408291 0.396073 0.0336325 0.0587122
0 0.560777 0.282938 0.0247355 0.0540744
0 0.673464 0.281324 0.0281189 0.0540792
0 0.589657 0.283124 0.0294895 0.0582835
0 0.480964 0.288183 0.0285851 0.059514
1 0.395749 0.469416 0.0371347 0.0755654
0 0.583191 0.395684 0.030072 0.0619826
0 0.430167 0.28951 0.0261136 0.0634227
0 0.261368 0.466994 0.0421731 0.0802719
0 0.404815 0.289797 0.0273545 0.0584029
0 0.506201 0.286576 0.0256973 0.0533583
1 0.303806 0.617207 0.0397203 0.0695398
0 0.351343 0.401426 0.0356949 0.0584099
0 0.522084 0.395253 0.0313042 0.0619472
0 0.250151 0.401204 0.037589 0.064204
0 0.701619 0.280001 0.0266413 0.0521068
0 0.618723 0.282378 0.0256099 0.0606679
0 0.176752 0.459755 0.0361252 0.0775335
0 0.4557 0.288538 0.0265806 0.0650335
0 0.552022 0.465583 0.0273165 0.0675594
