1 0.137673 0.740183 0.0541104 0.0876363
1 0.17612 0.740181 0.0585876 0.0914473
1 0.257945 0.738013 0.0543045 0.0881332
0 0.0951912 0.737771 0.0550211 0.0849425
1 0.299797 0.73537 0.0530177 0.0825773
0 0.219711 0.737399 0.05499 0.0917164
1 0.372779 0.619793 0.0479087 0.0820827
1 0.55344 0.394444 0.0304068 0.0702235
1 0.368243 0.467433 0.0411303 0.0820368
0 0.344695 0.73901 0.0521842 0.0801626
1 0.496054 0.395266 0.0327432 0.0611349
1 0.848558 0.459585 0.0421768 0.0749288
1 0.763944 0.625519 0.0407986 0.0886529
1 0.708818 0.389228 0.0358141 0.0710995
1 0.375208 0.40061 0.035001 0.0635782
1 0.187261 0.618089 0.0457812 0.0810745
1 0.646799 0.464804 0.0309931 0.0751055
1 0.489049 0.469198 0.0317461 0.0747318
0 0.386355 0.745723 0.0522286 0.0847942
1 0.801261 0.627589 0.0440464 0.0925748
1 0.779358 0.463787 0.0400087 0.075678
1 0.124216 0.614739 0.0489244 0.0812403
1 0.481094 0.288375 0.0279833 0.0613572
1 0.281496 0.399882 0.0403177 0.0605107
1 0.310994 0.289391 0.0358658 0.0656674
1 0.740734 0.390566 0.0324582 0.0688243
1 0.578597 0.623131 0.0362391 0.085314
1 0.427533 0.46561 0.0353004 0.0797728
0 0.680444 0.465169 0.0310322 0.0713068
1 0.377287 0.287142 0.0344091 0.0646189
1 0.650646 0.623821 0.0365373 0.0818438
1 0.505435 0.625632 0.0373413 0.0877146
0 0.672975 0.280406 0.0277658 0.0552951
1 0.204079 0.462111 0.0429442 0.0792486
1 0.613497 0.391713 0.0343497 0.0638448
1 0.614123 0.620288 0.0355721 0.0843414
1 0.470599 0.623272 0.0359689 0.0830639
1 0.338036 0.617383 0.0415808 0.0790451
1 0.812613 0.465569 0.0356762 0.0704187
1 0.430017 0.290015 0.0249457 0.0636641
0 0.42927 0.741986 0.0507927 0.0823851
1 0.261773 0.466937 0.0422983 0.0810162
1 0.87577 0.623024 0.0501516 0.087903
1 0.350688 0.400884 0.0359632 0.0601034
1 0.815642 0.274052 0.0365658 0.0607431
1 0.643232 0.282128 0.0257458 0.0573359
1 0.541497 0.621773 0.0367638 0.081165
1 0.470561 0.74527 0.0415016 0.0861776
1 0.727259 0.624162 0.0413815 0.0824614
1 0.583529 0.465762 0.0322608 0.0727723
1 0.518948 0.467162 0.0318792 0.0728012
1 0.560665 0.282756 0.0255729 0.0550097
1 0.40508 0.621416 0.0412369 0.0802266
1 0.220642 0.616572 0.0430682 0.0789435
1 0.710793 0.464976 0.0348287 0.0673342
1 0.454834 0.288689 0.0264425 0.0643765
1 0.336504 0.469905 0.0318738 0.0850859
1 0.688989 0.628062 0.0408833 0.0859198
1 0.53265 0.285626 0.0264793 0.0567349
0 0.456332 0.468671 0.0305529 0.0750007
1 0.154004 0.617616 0.0439559 0.0803991
1 0.40765 0.396211 0.0334454 0.0604978
1 0.22295 0.400282 0.0421584 0.0621984
1 0.312854 0.403675 0.0380415 0.0645924
1 0.39504 0.468596 0.0367886 0.0777366
1 0.0589924 0.737262 0.053726 0.0816526
1 0.510617 0.74872 0.0466492 0.0881884
1 0.465668 0.395149 0.0346844 0.0632029
1 0.645442 0.388979 0.0310257 0.0698133
1 0.787297 0.276166 0.0308891 0.0549309
1 0.439549 0.622316 0.0408708 0.08114
1 0.83905 0.623933 0.0423325 0.0888797
1 0.808299 0.389554 0.0350468 0.0715752
0 0.614773 0.466042 0.0285564 0.0720758
1 0.745857 0.46597 0.0347526 0.0739841
1 0.731012 0.278824 0.0294657 0.056523
1 0.175962 0.461168 0.0372875 0.0763876
1 0.679333 0.392847 0.0305954 0.0739151
1 0.435855 0.396382 0.0345232 0.0602049
1 0.254284 0.621851 0.0422781 0.0733141
1 0.251115 0.400485 0.0399799 0.0621276
1 0.285606 0.290394 0.0360252 0.0673142
1 0.761187 0.277802 0.0281466 0.063867
1 0.404779 0.289986 0.0268461 0.0596364
1 0.589294 0.283274 0.0296186 0.0589219
1 0.290669 0.466234 0.0378328 0.0802523
1 0.33556 0.289829 0.0329807 0.0643444
1 0.232034 0.461806 0.0403046 0.0814406
1 0.773685 0.39238 0.039097 0.0757886
0 0.583045 0.395646 0.0294346 0.0596414
1 0.260202 0.289251 0.0361685 0.0661329
1 0.700913 0.279394 0.0277707 0.0520109
1 0.506021 0.286692 0.0255875 0.0535094
1 0.302402 0.617812 0.04042 0.0737267
1 0.195049 0.401246 0.0430209 0.0619877
1 0.840197 0.390169 0.0355631 0.0675931
1 0.235481 0.288213 0.0367765 0.0612588
1 0.61871 0.282357 0.0238291 0.0601909
0 0.522015 0.394565 0.0305003 0.0616796
1 0.551561 0.465324 0.0278601 0.0702621
1 0.0224393 0.736829 0.043511 0.0850148
