1 0.369776 0.620075 0.0412125 0.0754246
1 0.712556 0.467826 0.0381919 0.0734904
1 0.336444 0.619636 0.0459676 0.0747792
1 0.336425 0.291369 0.0352444 0.0635913
1 0.437881 0.623253 0.042462 0.0795706
1 0.560677 0.2871 0.0307091 0.0560512
1 0.61685 0.469037 0.0345733 0.073693
1 0.520119 0.468188 0.0329816 0.0739275
1 0.506197 0.622561 0.037307 0.0820118
1 0.136265 0.74042 0.0524827 0.0785513
1 0.307594 0.405359 0.0421925 0.0601973
1 0.303737 0.619439 0.0414676 0.0735374
1 0.261445 0.467124 0.0404547 0.0766675
1 0.406162 0.621978 0.0432166 0.0791668
1 0.472261 0.623893 0.0373308 0.0806114
