1 0.337273 0.292122 0.0349926 0.0632351
1 0.74142 0.39521 0.0355141 0.0664129
1 0.614952 0.398994 0.0333436 0.0609784
1 0.370331 0.619161 0.0403172 0.0744082
1 0.311782 0.291895 0.034498 0.0627816
1 0.336663 0.742493 0.0472393 0.0798237
1 0.426739 0.290165 0.0281954 0.0588881
1 0.480012 0.289512 0.0305382 0.0578264
1 0.401333 0.290525 0.0284012 0.0599418
1 0.646388 0.398414 0.0301341 0.0612349
1 0.406456 0.405975 0.0344665 0.0586664
1 0.497299 0.4002 0.0287888 0.0576131
1 0.375996 0.291075 0.0283396 0.0607518
1 0.305013 0.618461 0.0392595 0.0721792
1 0.188509 0.61881 0.0450104 0.0776588
1 0.377875 0.406215 0.032164 0.0583478
1 0.335851 0.619047 0.0441998 0.073659
1 0.43585 0.405202 0.0342971 0.0589672
1 0.218801 0.618973 0.0392536 0.0779213
1 0.590011 0.288384 0.0323238 0.0547079
1 0.505603 0.288876 0.0314828 0.0580516
1 0.559331 0.288839 0.030104 0.0557819
1 0.839333 0.395532 0.0389476 0.0652093
1 0.806233 0.395156 0.0394205 0.0671992
1 0.157971 0.61891 0.049085 0.0768601
1 0.259017 0.291836 0.0352645 0.0625482
1 0.543472 0.62286 0.0371613 0.0795473
1 0.713983 0.470248 0.0362584 0.0706728
1 0.233923 0.291994 0.0374352 0.0626203
1 0.453567 0.289942 0.0292968 0.0581967
1 0.438192 0.621232 0.0418451 0.0791342
1 0.708659 0.395319 0.0368857 0.0656059
1 0.76011 0.283312 0.032933 0.0568299
1 0.465985 0.400874 0.0315898 0.0586658
1 0.460795 0.470383 0.0350609 0.0724547
1 0.405399 0.620204 0.0388673 0.0764565
1 0.732019 0.284131 0.0317821 0.0558017
1 0.772738 0.395186 0.0336701 0.0671566
1 0.340091 0.469251 0.0360583 0.0765163
1 0.310638 0.405831 0.0407836 0.0584912
1 0.509848 0.622786 0.0424583 0.0790814
1 0.261018 0.467987 0.0413057 0.0792476
1 0.816742 0.467206 0.0391411 0.0737991
