0 0.138857 0.73878 0.0539634 0.085025
0 0.3378 0.616 0.0407008 0.0782872
0 0.257686 0.737616 0.0539509 0.0879816
0 0.773259 0.392171 0.0376934 0.0744972
0 0.778755 0.462755 0.0384478 0.0722255
0 0.299466 0.73458 0.0532911 0.0807762
1 0.312885 0.403583 0.0372287 0.0611555
0 0.0957823 0.737421 0.055708 0.08349
0 0.176822 0.739155 0.0586003 0.0873558
0 0.376084 0.401583 0.0357448 0.0620256
0 0.849352 0.458296 0.0423306 0.0758975
0 0.218884 0.736532 0.0557818 0.0922146
0 0.533119 0.285993 0.0268085 0.0572268
0 0.489704 0.468843 0.0322886 0.0739706
0 0.709848 0.389352 0.0358877 0.0732059
0 0.764088 0.624912 0.0410761 0.0896664
1 0.21978 0.615756 0.042591 0.0802821
0 0.614236 0.390869 0.0345909 0.0666584
0 0.874966 0.620203 0.0491211 0.0891874
0 0.386833 0.745788 0.0520616 0.0844938
1 0.203548 0.461058 0.0444723 0.0821491
0 0.646835 0.388428 0.0302948 0.0724028
0 0.746527 0.465387 0.0326851 0.0715382
1 0.371664 0.619776 0.0484528 0.0847782
0 0.81239 0.465036 0.0359718 0.0690132
0 0.344673 0.738657 0.052669 0.07924
0 0.435885 0.396444 0.0342422 0.0594423
0 0.22433 0.39989 0.0412611 0.062875
0 0.471463 0.621513 0.0368167 0.0828506
0 0.404305 0.619883 0.04205 0.0811779
0 0.42973 0.741378 0.0502338 0.0813607
0 0.673264 0.281411 0.0281914 0.0547108
0 0.542099 0.621388 0.0369507 0.081237
0 0.816496 0.274219 0.0368059 0.0628504
1 0.578037 0.622194 0.0362104 0.0839538
1 0.45539 0.468998 0.0318956 0.0748598
0 0.80558 0.389849 0.0334381 0.0709197
0 0.740297 0.390096 0.032797 0.0708712
1 0.187966 0.617303 0.0443911 0.0806783
0 0.727516 0.624511 0.0414946 0.0804211
0 0.506172 0.625385 0.0374237 0.0888942
1 0.428405 0.463717 0.0375715 0.0838805
0 0.198508 0.400039 0.0422605 0.0607006
0 0.787885 0.276768 0.0307862 0.0546346
0 0.730574 0.280085 0.0299455 0.0578996
0 0.510825 0.747841 0.0469116 0.0867046
0 0.679407 0.39319 0.0312263 0.0747932
1 0.377619 0.286939 0.033553 0.0629645
0 0.25956 0.29112 0.0366545 0.0667754
0 0.837935 0.622803 0.0417379 0.0903666
1 0.122964 0.614149 0.0463175 0.0838705
0 0.153059 0.616793 0.0474946 0.08158
1 0.36864 0.467792 0.0427004 0.0835208
1 0.520189 0.467556 0.0337344 0.0731045
0 0.838018 0.391675 0.0373409 0.06617
1 0.439302 0.621334 0.0411886 0.0815479
0 0.588997 0.282984 0.0292265 0.0581469
0 0.647352 0.465338 0.0309551 0.0727886
0 0.69009 0.62813 0.0406465 0.0846807
0 0.40867 0.39621 0.0331247 0.0587079
0 0.0594356 0.732503 0.0525184 0.0739315
1 0.302123 0.61691 0.0408778 0.0715782
0 0.46564 0.396709 0.0339361 0.0636405
0 0.712163 0.465432 0.0363348 0.0678923
0 0.560704 0.28247 0.0247349 0.0542014
0 0.614648 0.466381 0.0291853 0.0715708
0 0.47086 0.744239 0.0425333 0.0840741
0 0.395388 0.468829 0.0366422 0.0777804
0 0.554389 0.394404 0.0292683 0.0668107
0 0.761139 0.277988 0.0283245 0.0647897
0 0.802146 0.627013 0.0450741 0.0945997
0 0.312355 0.289127 0.0369767 0.0654984
0 0.404857 0.289206 0.0274975 0.0579124
1 0.643578 0.281506 0.0260452 0.0558983
0 0.250676 0.400856 0.0390357 0.0636671
0 0.285408 0.291216 0.0345007 0.0669376
0 0.681033 0.466096 0.0312323 0.0696021
0 0.583314 0.395366 0.0300655 0.0619148
1 0.613973 0.620861 0.0363982 0.0841507
0 0.583606 0.465814 0.0303722 0.0707586
1 0.261509 0.466902 0.0414407 0.0794577
0 0.496359 0.395427 0.0325649 0.0621267
1 0.290906 0.465557 0.0387761 0.0819691
1 0.234332 0.288718 0.0369718 0.0619257
0 0.506482 0.286842 0.0259906 0.0538393
1 0.651187 0.6243 0.0370613 0.0827028
0 0.336101 0.289667 0.0342631 0.0636018
1 0.33529 0.469905 0.0309129 0.0864337
0 0.28119 0.400882 0.0396828 0.05989
1 0.231688 0.457593 0.04052 0.0882804
0 0.48107 0.288157 0.0283444 0.0598669
1 0.25247 0.62106 0.0443395 0.0793798
0 0.430091 0.289297 0.0261887 0.0631565
1 0.551965 0.465152 0.0275064 0.0700699
0 0.455159 0.28799 0.0264151 0.0637875
0 0.701324 0.279859 0.0280737 0.0525584
0 0.350965 0.401371 0.0363595 0.0591989
1 0.52188 0.39656 0.0311668 0.0619333
1 0.174469 0.459694 0.0370541 0.0770948
0 0.618837 0.282317 0.0247065 0.0605643
0 0.368326 0.467105 0.0424565 0.0850341
