0 0.773983 0.391755 0.0381474 0.0758452
0 0.137869 0.739023 0.0550845 0.0853874
0 0.376031 0.4016 0.0353384 0.0616997
0 0.312829 0.403205 0.0371647 0.0612391
0 0.259058 0.736877 0.0520532 0.0872641
0 0.220009 0.615776 0.0423976 0.0808237
0 0.177607 0.739906 0.0591586 0.0901668
0 0.0946038 0.73789 0.056968 0.0854168
0 0.205336 0.462447 0.0445625 0.081407
0 0.613874 0.391244 0.0350649 0.0659189
0 0.779609 0.463226 0.0395554 0.0727367
0 0.647053 0.388562 0.0308046 0.0718788
0 0.21985 0.737218 0.0555867 0.093643
0 0.29034 0.465627 0.0374224 0.0813326
0 0.490162 0.469761 0.032089 0.0737338
0 0.405054 0.620841 0.0413121 0.0796177
0 0.372811 0.620075 0.0474845 0.0865215
0 0.520353 0.467682 0.0336456 0.0720881
0 0.344421 0.73966 0.0521307 0.0796554
1 0.252801 0.620937 0.0439128 0.0778543
0 0.584214 0.466664 0.0316936 0.0710399
0 0.466414 0.396375 0.0344435 0.0636816
0 0.764493 0.625128 0.0409109 0.0902895
0 0.223752 0.400404 0.0401684 0.0628138
0 0.42991 0.742709 0.0496965 0.0821505
0 0.710568 0.389318 0.0356136 0.0728405
0 0.533774 0.285663 0.0266272 0.0565503
0 0.436285 0.396149 0.0346041 0.0598349
0 0.788411 0.276484 0.0308212 0.0540938
0 0.428381 0.463678 0.0372871 0.083877
0 0.813316 0.465816 0.0355034 0.0686112
0 0.387656 0.745789 0.0520883 0.0838663
0 0.47141 0.621473 0.036657 0.0818335
0 0.336839 0.468808 0.0324826 0.0835662
0 0.761823 0.278934 0.0280159 0.0649546
0 0.456423 0.470116 0.0311092 0.0759507
0 0.579002 0.622516 0.0365831 0.0852091
0 0.740985 0.389889 0.0326588 0.0707233
0 0.747007 0.466411 0.0332154 0.0719593
0 0.68145 0.466264 0.0312366 0.0702317
0 0.876342 0.621776 0.0488783 0.0900436
0 0.689475 0.627919 0.0414447 0.0863842
0 0.590442 0.282584 0.0299545 0.0594178
0 0.408776 0.396022 0.0343287 0.059409
0 0.838481 0.624245 0.0421158 0.091059
0 0.368561 0.466704 0.0420417 0.0826279
0 0.542262 0.622363 0.0368242 0.0821695
0 0.505901 0.625335 0.0370142 0.0893652
0 0.727728 0.625269 0.0421476 0.08281
0 0.816852 0.2742 0.035997 0.0601795
0 0.439644 0.621539 0.0408356 0.0801806
0 0.644434 0.28149 0.0258626 0.0555602
0 0.614821 0.620269 0.0349272 0.0829038
0 0.338524 0.616235 0.0399462 0.0793238
0 0.232397 0.458513 0.0393791 0.0873243
0 0.260323 0.290041 0.0357846 0.0648491
0 0.650837 0.624256 0.036694 0.0821148
0 0.299947 0.734459 0.0517516 0.0791115
0 0.336411 0.29021 0.0343393 0.0641731
0 0.198665 0.401541 0.0419483 0.0581526
0 0.496481 0.395811 0.0327051 0.0613081
0 0.849282 0.459277 0.0424089 0.0747362
0 0.188213 0.618257 0.0455521 0.0798362
0 0.731448 0.280228 0.0297787 0.0581436
0 0.280905 0.400645 0.039296 0.0594134
0 0.511024 0.747325 0.0450859 0.0883808
0 0.470897 0.743272 0.0431826 0.0834589
0 0.802812 0.628116 0.0449527 0.0945214
0 0.805874 0.388878 0.0331539 0.0729047
0 0.712211 0.465699 0.0349445 0.0671362
0 0.61509 0.466845 0.028479 0.0708503
0 0.311921 0.289236 0.0377509 0.0661394
0 0.647172 0.465851 0.0311848 0.0721088
0 0.56113 0.282413 0.0245463 0.054585
0 0.250071 0.40114 0.0378999 0.0638268
0 0.553895 0.393866 0.0295523 0.0696022
0 0.838576 0.390405 0.0374065 0.065654
1 0.30405 0.617371 0.041671 0.071764
0 0.583107 0.396093 0.0297134 0.0623102
0 0.67345 0.280986 0.0281363 0.0547788
0 0.680009 0.393509 0.0315731 0.0748237
0 0.378284 0.287628 0.0327302 0.060955
0 0.618998 0.28185 0.0251257 0.0595335
0 0.285309 0.290099 0.0334107 0.0656239
0 0.480992 0.288092 0.0285499 0.059935
0 0.260684 0.467163 0.0417996 0.0797174
0 0.05895 0.734937 0.054431 0.077534
0 0.236123 0.288131 0.0357113 0.0606162
0 0.522266 0.395093 0.0308987 0.0618482
0 0.352048 0.400313 0.0336075 0.0588024
0 0.702158 0.279861 0.0267424 0.0520329
1 0.395626 0.469464 0.0361572 0.0754478
0 0.404788 0.289948 0.0266366 0.0586247
0 0.430136 0.289538 0.0261206 0.0639968
0 0.552454 0.465621 0.0274164 0.0678813
0 0.506162 0.286912 0.0263321 0.0542278
0 0.151504 0.618121 0.0470015 0.0796671
0 0.455463 0.288138 0.0264583 0.0642478
0 0.176703 0.45925 0.0357396 0.0772539
0 0.120618 0.615691 0.0463313 0.0833828
0 0.0264496 0.731745 0.048425 0.0702394
