1 0.259682 0.741634 0.0522692 0.0794866
1 0.715285 0.466561 0.036302 0.0726949
1 0.337577 0.290529 0.0339928 0.0618793
1 0.376251 0.290148 0.0295766 0.0612235
1 0.710123 0.392207 0.0382349 0.0681212
1 0.532232 0.286646 0.0302408 0.0546344
1 0.616264 0.393705 0.0339129 0.0648544
1 0.818099 0.46394 0.0361931 0.0730824
1 0.440024 0.62187 0.0402386 0.0816352
1 0.335633 0.620817 0.0434654 0.0778149
1 0.40543 0.621784 0.0421693 0.081065
1 0.491376 0.395682 0.0347852 0.0614943
1 0.188143 0.619414 0.0457594 0.0790246
1 0.614627 0.466661 0.0364516 0.0715989
1 0.462931 0.394974 0.0333096 0.0624777
1 0.304474 0.61991 0.0399722 0.0745202
1 0.409939 0.398405 0.0374654 0.0595484
1 0.784771 0.465233 0.039501 0.0721894
1 0.367945 0.622041 0.0444301 0.0814218
