0 0.257901 0.736956 0.0535997 0.0862616
1 0.138738 0.739346 0.0563116 0.0868849
0 0.0942666 0.73856 0.0571118 0.0862535
0 0.299745 0.735192 0.0532047 0.0813667
0 0.344722 0.739993 0.0523305 0.080741
1 0.219745 0.618801 0.0433374 0.0782064
1 0.372545 0.622441 0.0496795 0.0845562
1 0.337981 0.617271 0.0401998 0.0767363
1 0.849509 0.460898 0.0428223 0.075734
0 0.386791 0.74659 0.0517611 0.0839037
1 0.643767 0.2829 0.0278028 0.0574245
1 0.312054 0.289705 0.0369816 0.0652164
1 0.802681 0.629274 0.0452803 0.0932131
1 0.394994 0.469898 0.0374116 0.077409
1 0.352012 0.401915 0.0352955 0.0591921
1 0.584688 0.468131 0.0317535 0.0741433
1 0.40614 0.623079 0.0417513 0.0790606
1 0.838542 0.626199 0.0423821 0.0899853
1 0.764638 0.626216 0.0403767 0.0892067
1 0.439752 0.623467 0.0413944 0.0806137
0 0.511199 0.748949 0.0464447 0.0878671
1 0.746771 0.466456 0.0332142 0.0721958
1 0.252548 0.623877 0.0429643 0.0758616
0 0.429921 0.742096 0.0503872 0.0817398
1 0.741378 0.392137 0.033242 0.0704368
1 0.219117 0.737044 0.0554312 0.088699
1 0.408987 0.397638 0.0330545 0.0583229
1 0.155478 0.62063 0.0453848 0.0797219
0 0.0583712 0.7363 0.0544564 0.078675
1 0.367743 0.468224 0.0414699 0.080711
1 0.689687 0.629428 0.0410726 0.0850517
1 0.52032 0.468087 0.0330666 0.0732395
1 0.651342 0.624079 0.0371084 0.0827288
1 0.76105 0.279833 0.0290688 0.0633885
1 0.578505 0.623967 0.036982 0.0836723
1 0.646391 0.466004 0.0311564 0.0726673
1 0.540703 0.623705 0.0368944 0.0822382
0 0.471245 0.745237 0.0421423 0.0867717
1 0.806149 0.391483 0.033884 0.0707696
1 0.489846 0.470002 0.0319778 0.0764073
1 0.177166 0.462982 0.0404389 0.0794403
0 0.176374 0.739278 0.0580313 0.0905673
1 0.312472 0.404555 0.0381498 0.0627547
1 0.6809 0.46763 0.0327242 0.0728588
1 0.123516 0.617144 0.0464114 0.0794298
1 0.838744 0.392017 0.0372072 0.0680538
1 0.589913 0.283769 0.0285768 0.0599079
1 0.709496 0.391448 0.0357977 0.0708598
1 0.504764 0.627861 0.037118 0.0897022
1 0.428269 0.465057 0.0383854 0.084698
1 0.72797 0.624999 0.0423756 0.0847731
1 0.376616 0.401434 0.0345144 0.0635341
1 0.471154 0.624005 0.0360577 0.0805579
1 0.779277 0.464836 0.0384471 0.0719518
1 0.285867 0.291604 0.0350597 0.0671426
1 0.198892 0.400906 0.0431437 0.0607772
1 0.188621 0.620221 0.0459987 0.0784943
1 0.711864 0.467261 0.0363287 0.0706436
1 0.496635 0.394609 0.0317764 0.0615388
1 0.646753 0.388505 0.0306124 0.0731891
1 0.437252 0.396763 0.0347137 0.059612
1 0.335353 0.470452 0.0322969 0.0855021
1 0.813786 0.466023 0.0348739 0.068188
1 0.876215 0.623887 0.0479042 0.0884218
1 0.614276 0.622337 0.0354837 0.0848431
1 0.376561 0.287706 0.0346746 0.0645532
1 0.673428 0.283295 0.0284901 0.0546755
1 0.456496 0.470516 0.0308273 0.0764275
1 0.679888 0.393797 0.0321979 0.0743566
1 0.614093 0.391422 0.0345383 0.0660139
1 0.302753 0.619068 0.0406135 0.0725376
1 0.253409 0.40159 0.038607 0.0638868
1 0.533156 0.286102 0.0264865 0.0590938
1 0.615116 0.467429 0.0263618 0.0717874
1 0.455784 0.289802 0.0274759 0.0661992
1 0.46611 0.395572 0.0336918 0.0644523
1 0.481933 0.289621 0.0282251 0.0635775
1 0.774078 0.393873 0.0377243 0.0748742
1 0.731274 0.281908 0.0307468 0.0593549
1 0.430441 0.291283 0.0254577 0.0638842
1 0.554111 0.394572 0.02957 0.0695632
1 0.260445 0.290637 0.036891 0.0660613
1 0.562038 0.283168 0.0257044 0.0576585
1 0.817596 0.276376 0.0372086 0.0639599
1 0.225253 0.40061 0.0421768 0.061631
1 0.506974 0.286969 0.0250216 0.0552007
1 0.787744 0.278481 0.0319609 0.0551625
1 0.281955 0.400156 0.039495 0.0612812
1 0.259126 0.467448 0.0395617 0.0815489
1 0.335163 0.291668 0.0327762 0.0640074
1 0.583295 0.395683 0.0303431 0.0632435
1 0.231778 0.4611 0.0401835 0.086351
1 0.522319 0.39479 0.0309834 0.0628024
1 0.235834 0.289507 0.0361658 0.0601212
1 0.552627 0.466506 0.0274855 0.0699963
1 0.28959 0.465715 0.0373205 0.0804846
1 0.404543 0.290935 0.0284634 0.0602506
1 0.20559 0.461777 0.0418338 0.0825329
1 0.618568 0.283125 0.0239489 0.0611968
1 0.701057 0.281708 0.0265455 0.0535431
