1 0.259576 0.740951 0.0530165 0.0815082
1 0.336452 0.619359 0.0439402 0.0754752
1 0.334082 0.290603 0.0323324 0.060328
1 0.438757 0.621533 0.0411393 0.081338
1 0.400809 0.289448 0.0276819 0.0590469
1 0.219977 0.619556 0.0422006 0.0754897
1 0.311943 0.290138 0.0368978 0.0606599
1 0.370198 0.619265 0.0392401 0.0766682
1 0.375162 0.290152 0.0287414 0.0597859
1 0.711665 0.467345 0.0360703 0.0718317
1 0.520215 0.467795 0.032086 0.0737671
1 0.614239 0.623138 0.038571 0.0799278
1 0.489277 0.46826 0.0362549 0.0739729
1 0.508261 0.621919 0.0390483 0.0801326
1 0.426051 0.288949 0.0274189 0.0587352
1 0.615184 0.46614 0.034046 0.0717438
1 0.67702 0.394053 0.0316408 0.0621435
1 0.689707 0.624384 0.0396072 0.0804443
1 0.588161 0.284693 0.0300988 0.0558979
1 0.678458 0.467212 0.0311625 0.0702736
1 0.730519 0.281863 0.0300044 0.0571032
1 0.465374 0.399557 0.0326872 0.0579088
1 0.81607 0.465671 0.0394289 0.0724262
1 0.405062 0.620477 0.0415297 0.0807752
1 0.543475 0.622791 0.0351371 0.0794263
1 0.379723 0.398839 0.033397 0.0576452
1 0.578887 0.62265 0.0362099 0.0786022
1 0.187446 0.619533 0.045966 0.0769837
1 0.838716 0.62636 0.0446662 0.0844001
1 0.253715 0.619242 0.0381309 0.0739228
