0 0.138342 0.738771 0.0545992 0.0851019
0 0.77875 0.462817 0.0388033 0.0715483
0 0.258102 0.737101 0.053978 0.0880527
0 0.773539 0.39217 0.0380201 0.0753347
0 0.219037 0.616426 0.0423806 0.080212
0 0.375595 0.402442 0.0361872 0.0608745
0 0.312926 0.403921 0.0378291 0.0621162
0 0.337558 0.616076 0.0406945 0.0779533
0 0.205442 0.462317 0.0448631 0.0811924
0 0.372718 0.620439 0.0496301 0.0849155
0 0.299671 0.734648 0.0526841 0.0808594
0 0.218665 0.737173 0.0564517 0.0936117
0 0.0952035 0.73715 0.0561735 0.0857967
0 0.489705 0.469124 0.0320608 0.0737499
0 0.188033 0.619031 0.0463535 0.0790417
0 0.532949 0.285849 0.0264154 0.0572151
0 0.17682 0.739499 0.0585194 0.0896772
0 0.404926 0.620687 0.0409984 0.0796441
0 0.386836 0.746486 0.0519267 0.0851345
0 0.84968 0.459155 0.0431665 0.0753683
0 0.57875 0.622954 0.0362019 0.0859941
0 0.435601 0.396343 0.0343927 0.0590275
0 0.290435 0.465773 0.0381744 0.0807784
0 0.875008 0.62099 0.0489788 0.0895748
0 0.64708 0.389835 0.0302584 0.0696589
0 0.428023 0.464299 0.0373991 0.0831715
0 0.198137 0.401912 0.0420207 0.0580976
0 0.764205 0.625334 0.0414671 0.0899312
0 0.689255 0.628029 0.0414051 0.0847074
0 0.542415 0.621712 0.0365973 0.0802517
0 0.643711 0.282136 0.0258835 0.0557047
0 0.838116 0.623997 0.0414322 0.0898696
0 0.223648 0.400812 0.040502 0.0634108
0 0.613941 0.39137 0.0350223 0.0662126
0 0.33591 0.46925 0.0314484 0.0829169
0 0.395589 0.469474 0.0370072 0.0777499
0 0.344666 0.738344 0.0528218 0.078855
0 0.506023 0.624787 0.0370327 0.0879209
0 0.740433 0.390457 0.0328937 0.0697362
0 0.812612 0.464644 0.0358597 0.0672634
0 0.455933 0.469836 0.0305554 0.0762128
0 0.727347 0.62552 0.0416971 0.0825453
0 0.47132 0.621806 0.0359442 0.0817555
0 0.711943 0.465352 0.0361563 0.0675448
0 0.7463 0.465868 0.0321486 0.069396
0 0.510867 0.748483 0.0470699 0.087859
0 0.78805 0.277266 0.0315701 0.0551596
0 0.731081 0.280624 0.0303272 0.0600225
0 0.25248 0.62128 0.0431539 0.0780006
0 0.583676 0.466714 0.0309374 0.0712837
0 0.647308 0.46563 0.0311678 0.0717957
0 0.429933 0.740698 0.0498228 0.0804828
0 0.761688 0.278362 0.0282845 0.0659517
0 0.650799 0.624966 0.0366116 0.0814316
0 0.805755 0.390037 0.0335064 0.0721475
0 0.367736 0.466905 0.0423767 0.0834501
0 0.519931 0.467464 0.0337143 0.0720514
0 0.553598 0.394879 0.0299011 0.0684387
0 0.802451 0.627952 0.0448165 0.0937735
0 0.12302 0.615637 0.0456556 0.083419
0 0.465749 0.395952 0.0344595 0.0639876
0 0.710107 0.390011 0.0357327 0.0720506
0 0.838058 0.391029 0.0373104 0.0675595
0 0.232594 0.458508 0.0392266 0.0868881
0 0.311849 0.289153 0.0373239 0.0651351
0 0.439582 0.621675 0.0408196 0.0798954
0 0.470676 0.744706 0.041844 0.0852314
0 0.61469 0.62071 0.0350189 0.0823894
0 0.152374 0.618511 0.0453396 0.0787576
0 0.259992 0.290419 0.0355665 0.0645429
0 0.408246 0.396659 0.0339043 0.0590251
0 0.285222 0.290773 0.0335574 0.065915
0 0.614268 0.466395 0.0289749 0.0708279
0 0.816758 0.274056 0.0366684 0.0628495
0 0.6734 0.281631 0.0283096 0.0541823
0 0.68111 0.465864 0.0311604 0.0692088
0 0.23552 0.288819 0.0368582 0.0626433
0 0.377287 0.287991 0.033188 0.0646667
0 0.589936 0.283333 0.0298077 0.0595901
0 0.0589732 0.734047 0.0533703 0.077772
1 0.302318 0.617306 0.0403909 0.0720402
0 0.496139 0.395523 0.0324888 0.061891
0 0.281036 0.400878 0.0393699 0.0597818
0 0.679496 0.393651 0.031152 0.0735713
0 0.582898 0.396233 0.0299812 0.0616676
0 0.560729 0.283173 0.0252151 0.0538915
0 0.430156 0.289614 0.0263212 0.0633215
0 0.506148 0.287201 0.0258066 0.0543396
0 0.404574 0.290001 0.0275236 0.0587424
0 0.261212 0.466511 0.039742 0.0802481
0 0.335658 0.290708 0.0346818 0.0637901
0 0.480905 0.288444 0.0285427 0.0597528
0 0.618447 0.282571 0.0255425 0.06029
0 0.250064 0.401399 0.0382131 0.0643609
0 0.521715 0.395374 0.0311291 0.0618283
0 0.701181 0.280216 0.0262323 0.05152
0 0.455379 0.288114 0.0263651 0.063448
0 0.350527 0.402068 0.0361582 0.0587028
0 0.551971 0.465325 0.0272112 0.0668653
0 0.176734 0.45977 0.0364133 0.077454
0 0.0266012 0.731429 0.0489555 0.0710194
