1 0.259909 0.741709 0.0504504 0.0817193
1 0.220059 0.619554 0.0417513 0.0757904
1 0.336594 0.62 0.0461375 0.0765793
1 0.186331 0.619451 0.0446216 0.0758072
1 0.439625 0.620036 0.0412479 0.0795799
1 0.137445 0.740822 0.0495076 0.0780451
1 0.838284 0.394719 0.0363237 0.0656664
1 0.495918 0.399453 0.0311659 0.0604353
1 0.370976 0.619566 0.0410442 0.0773933
1 0.262862 0.291016 0.0365671 0.0614515
1 0.560109 0.286788 0.0297236 0.0570876
1 0.313409 0.290632 0.0357698 0.061971
1 0.677923 0.394058 0.0331111 0.0667984
1 0.466239 0.400112 0.0328139 0.0608507
1 0.78416 0.467024 0.0378092 0.0706732
1 0.453898 0.289161 0.0305969 0.058466
1 0.817583 0.466261 0.0354596 0.0706973
1 0.405602 0.619755 0.0412616 0.0784568
1 0.54167 0.623023 0.0351182 0.0759013
1 0.777327 0.393347 0.0346689 0.0690812
1 0.42889 0.742653 0.0420205 0.0753123
1 0.50621 0.288226 0.0307479 0.0582917
1 0.257301 0.621256 0.0467596 0.0764157
