1 0.138275 0.739384 0.0550468 0.0859331
0 0.257782 0.737371 0.053542 0.0884507
0 0.299149 0.734797 0.0529699 0.0807735
0 0.0949878 0.738137 0.0562167 0.0851387
0 0.218529 0.736507 0.0543896 0.0915542
1 0.368604 0.466637 0.0430545 0.0841854
1 0.408823 0.395801 0.034812 0.0614947
1 0.3756 0.39949 0.0363571 0.0649004
1 0.372181 0.62095 0.0497632 0.0845934
0 0.429149 0.742947 0.049142 0.0817363
1 0.71027 0.390309 0.0351992 0.0715651
1 0.310841 0.40171 0.0380595 0.0650696
1 0.740863 0.390997 0.031796 0.070732
0 0.344165 0.738749 0.0526098 0.0790945
1 0.673751 0.280976 0.0276228 0.052967
1 0.466618 0.395857 0.034759 0.0651463
0 0.176569 0.739542 0.0586149 0.0899403
1 0.764094 0.626057 0.0404764 0.0883698
0 0.47033 0.745247 0.0432973 0.0858838
0 0.386661 0.74619 0.0519393 0.0831184
1 0.252251 0.622401 0.0426686 0.0761545
1 0.496651 0.395318 0.0318369 0.060601
1 0.405787 0.622115 0.0424444 0.0801192
1 0.506405 0.625103 0.0373892 0.0879646
1 0.689421 0.629206 0.0400412 0.0846073
1 0.302693 0.618292 0.0404531 0.071888
1 0.395843 0.468387 0.0368665 0.0794903
1 0.779461 0.466032 0.0382752 0.0771175
1 0.337532 0.616788 0.0399142 0.0778293
1 0.279632 0.399887 0.0398264 0.0623249
1 0.439735 0.623078 0.0420032 0.0817949
1 0.728511 0.627932 0.0426667 0.0838305
1 0.205331 0.461323 0.0426432 0.0801198
1 0.646754 0.46443 0.031254 0.072365
1 0.217982 0.6173 0.0424739 0.0786221
1 0.198056 0.401451 0.0424084 0.0620431
1 0.77204 0.393574 0.0354762 0.0745939
1 0.614777 0.466919 0.0292015 0.0735004
1 0.312305 0.289778 0.0373302 0.0655323
1 0.186037 0.619081 0.0439473 0.0796932
1 0.4291 0.463293 0.0378187 0.0834475
1 0.646612 0.388958 0.0317122 0.0708476
1 0.787645 0.277409 0.031354 0.0555872
1 0.761793 0.277931 0.0276806 0.0675006
1 0.643829 0.281842 0.0287451 0.0560308
1 0.614193 0.392138 0.0341429 0.0636438
1 0.47192 0.622594 0.0364521 0.0826527
1 0.532924 0.286151 0.0261726 0.0561835
1 0.802546 0.628871 0.044231 0.0934053
1 0.836533 0.390995 0.0368139 0.06985
1 0.583103 0.467379 0.0314379 0.072529
1 0.520068 0.467447 0.0327619 0.073506
1 0.616267 0.620591 0.0344881 0.0848747
1 0.12439 0.615712 0.0458482 0.0827999
0 0.0593176 0.735104 0.0544736 0.0775263
1 0.847852 0.461828 0.0411572 0.0726975
1 0.378103 0.287681 0.0333078 0.0638466
1 0.681592 0.466316 0.0311291 0.0725109
1 0.350484 0.399942 0.0364503 0.0614301
1 0.510698 0.748484 0.0467567 0.0857649
1 0.815658 0.274575 0.0361902 0.0619981
1 0.543431 0.621311 0.0372604 0.080636
1 0.285512 0.291356 0.0341729 0.0659599
1 0.289207 0.465805 0.0366531 0.0800924
1 0.33712 0.290152 0.0341923 0.0625399
1 0.746985 0.467424 0.0318375 0.0706664
1 0.261314 0.46661 0.0400972 0.0784018
1 0.812683 0.465853 0.0365431 0.070262
1 0.579765 0.622595 0.0361609 0.0862893
1 0.224781 0.400657 0.0414194 0.0654071
1 0.681383 0.393572 0.0324839 0.0744616
1 0.436632 0.395921 0.0348572 0.0615831
1 0.48129 0.288986 0.0279152 0.0609645
1 0.651269 0.623274 0.0362271 0.0817724
1 0.236271 0.289761 0.0371333 0.0603375
1 0.48994 0.469285 0.0316194 0.0749699
1 0.838065 0.626158 0.0412418 0.0903858
1 0.153067 0.619502 0.0442585 0.0801336
1 0.875152 0.622764 0.0480537 0.0885726
1 0.232195 0.459697 0.0394933 0.085622
1 0.590106 0.283358 0.0296395 0.0584201
1 0.804087 0.392111 0.0345418 0.074286
1 0.618588 0.282488 0.0244228 0.0599922
1 0.553576 0.396549 0.0293295 0.0661772
1 0.17753 0.460992 0.0374307 0.0769014
1 0.404335 0.290001 0.0272533 0.0580917
1 0.260423 0.291584 0.0355611 0.0644204
1 0.732051 0.279632 0.0295551 0.0604191
1 0.336088 0.468127 0.030907 0.0866446
1 0.456449 0.469068 0.0311802 0.0771945
1 0.560694 0.283129 0.0253029 0.0546055
1 0.250209 0.400323 0.0374792 0.0636731
1 0.506947 0.287151 0.0250185 0.0536283
1 0.712945 0.465676 0.0350901 0.0666693
1 0.583379 0.396142 0.0301079 0.0629591
1 0.42969 0.290158 0.0260433 0.0628291
1 0.454954 0.289141 0.0267256 0.0643948
1 0.701831 0.279664 0.027379 0.0526058
1 0.522256 0.39555 0.0313351 0.0609344
1 0.551878 0.46546 0.0272507 0.0685259
