1 0.217246 0.620051 0.0415548 0.0741892
1 0.337577 0.620563 0.0434024 0.0727891
1 0.36959 0.6218 0.0394123 0.0739999
1 0.186398 0.620408 0.0446683 0.0751024
1 0.376382 0.291765 0.0307642 0.0628228
1 0.305864 0.620571 0.04117 0.0712379
1 0.815774 0.466407 0.0381 0.0746327
1 0.559427 0.288075 0.0301663 0.0559669
1 0.340029 0.46971 0.0371259 0.0803346
1 0.439491 0.624649 0.0401836 0.079632
1 0.136025 0.742571 0.0520114 0.0769708
1 0.713276 0.467949 0.0361747 0.0719008
1 0.542665 0.62411 0.0356346 0.0782145
1 0.311281 0.291744 0.0380941 0.0659512
