0 0.375645 0.401642 0.0358565 0.0616612
0 0.773852 0.392289 0.0381548 0.0755533
0 0.312608 0.403201 0.0371603 0.0612606
0 0.137755 0.739057 0.0552223 0.084601
0 0.258163 0.736847 0.0525896 0.0874406
0 0.647165 0.388128 0.0307019 0.072089
0 0.220174 0.61595 0.0426697 0.0803003
0 0.779505 0.46296 0.0394312 0.0725348
0 0.177104 0.739336 0.0584409 0.0889141
0 0.405306 0.62079 0.0411379 0.07903
0 0.205082 0.462028 0.0446292 0.0816088
0 0.290733 0.46579 0.0374144 0.0811728
0 0.614041 0.390981 0.0347687 0.0657426
0 0.520094 0.467641 0.0338109 0.071838
0 0.372959 0.619983 0.0477054 0.0861261
0 0.584248 0.466482 0.0315437 0.0707357
0 0.710331 0.38937 0.0357513 0.072851
0 0.0946118 0.737994 0.0565133 0.08487
0 0.218457 0.737542 0.0556065 0.0935037
0 0.489955 0.469567 0.0319483 0.0737291
0 0.764402 0.625015 0.0406466 0.0897558
0 0.533523 0.285857 0.0267948 0.0570381
0 0.34485 0.739054 0.0521955 0.0790108
1 0.253683 0.620512 0.0452847 0.0780561
0 0.22384 0.400329 0.0405468 0.0628429
0 0.788204 0.276781 0.0308322 0.0542366
0 0.542418 0.621935 0.036764 0.0819803
0 0.466466 0.396497 0.0342249 0.0632494
0 0.336453 0.469071 0.032058 0.084412
0 0.436549 0.396305 0.0342159 0.0590507
0 0.741033 0.390383 0.0325277 0.0707649
0 0.456303 0.47012 0.0313425 0.0761525
0 0.428032 0.463879 0.037269 0.0838333
0 0.813401 0.465487 0.0355698 0.0685217
0 0.471237 0.621668 0.0366914 0.0813471
0 0.689418 0.62786 0.041573 0.0866568
0 0.747006 0.466135 0.0332523 0.0714456
0 0.299779 0.734387 0.0525079 0.0795077
0 0.876185 0.621129 0.0489042 0.0900499
0 0.838673 0.623564 0.0417702 0.0903673
0 0.387842 0.745271 0.0510942 0.0835712
0 0.578946 0.621877 0.0364225 0.0852671
0 0.408928 0.396184 0.0344419 0.0590827
0 0.681161 0.466217 0.0310275 0.0708306
0 0.647105 0.465738 0.0312017 0.0723948
0 0.260335 0.290156 0.0355471 0.0638213
0 0.429789 0.742644 0.0498837 0.0826067
0 0.51111 0.747672 0.0447732 0.0886799
0 0.496447 0.395773 0.0326523 0.061416
0 0.505957 0.625327 0.0371349 0.0893496
0 0.590359 0.282583 0.0300589 0.0588785
0 0.816736 0.274453 0.0360813 0.0611249
0 0.727698 0.625134 0.0423549 0.0822735
0 0.198404 0.401448 0.0419734 0.0581159
0 0.232227 0.458519 0.0395663 0.08824
0 0.338267 0.61586 0.040281 0.0792524
0 0.280946 0.400662 0.0387741 0.0594205
0 0.650769 0.624193 0.0365906 0.0820935
0 0.644417 0.281521 0.0256197 0.055608
0 0.73121 0.280293 0.0298054 0.0580348
0 0.80574 0.389474 0.0333706 0.0722782
0 0.439717 0.621532 0.0406943 0.0797388
0 0.761778 0.279083 0.027984 0.0647184
0 0.368382 0.466961 0.0418951 0.0833527
0 0.187874 0.618481 0.0455438 0.0792276
0 0.802472 0.627725 0.0449675 0.0943709
0 0.615125 0.620579 0.035237 0.0843837
0 0.849309 0.459534 0.0420904 0.074207
0 0.471406 0.744487 0.0428535 0.0861764
0 0.712457 0.466245 0.0354712 0.0672312
0 0.285612 0.290119 0.0339382 0.0651229
0 0.838484 0.390468 0.0364241 0.0668501
0 0.615001 0.467084 0.0285938 0.0714485
0 0.673133 0.28119 0.0276922 0.0544981
0 0.554146 0.395217 0.0296686 0.0681833
0 0.336338 0.29009 0.0343571 0.0635361
0 0.522318 0.395217 0.0310898 0.0615855
0 0.0588164 0.734383 0.0536316 0.0758123
0 0.583295 0.396091 0.0297436 0.0619457
0 0.378088 0.287458 0.0331162 0.0613297
0 0.480837 0.287987 0.0287228 0.0598494
0 0.679717 0.393165 0.0310101 0.0744511
0 0.312115 0.289062 0.0374037 0.0656738
0 0.261238 0.468064 0.0420407 0.0790672
1 0.304033 0.616327 0.0409869 0.0706896
0 0.351591 0.40037 0.0337748 0.0586851
0 0.560972 0.282491 0.0243887 0.0544764
0 0.701714 0.279853 0.0268135 0.0518337
0 0.619108 0.281862 0.0251854 0.0596374
0 0.236068 0.28808 0.0357306 0.0602205
0 0.152247 0.618345 0.0458628 0.0789845
1 0.395783 0.469279 0.0362926 0.0758635
0 0.250383 0.400564 0.0387565 0.0632319
0 0.404782 0.289712 0.0267706 0.0589026
0 0.50611 0.286879 0.026273 0.0542514
0 0.430033 0.289493 0.0260055 0.0635708
0 0.552581 0.465556 0.0274876 0.0676712
0 0.455239 0.288032 0.0262261 0.0635175
0 0.176667 0.458949 0.0358381 0.0768895
0 0.121278 0.616324 0.0466358 0.0822173
0 0.0262642 0.731535 0.0483677 0.068954
