0 0.258215 0.737435 0.0532936 0.0876492
0 0.376188 0.402293 0.0353321 0.0608904
0 0.138665 0.739333 0.055779 0.0858256
0 0.220257 0.616179 0.0430817 0.0803661
0 0.774034 0.39242 0.0377668 0.0752892
0 0.219217 0.737344 0.0556195 0.0923908
0 0.647483 0.388783 0.0307245 0.0712933
0 0.31316 0.403497 0.0372073 0.060655
0 0.49022 0.469528 0.0317501 0.0732256
0 0.177465 0.73936 0.0584765 0.0890347
0 0.614371 0.391619 0.0347478 0.0652898
0 0.0958711 0.738072 0.0569022 0.0858653
0 0.205394 0.462221 0.0452054 0.0825312
0 0.40541 0.620436 0.0413906 0.0802569
0 0.344417 0.739469 0.0519825 0.0784522
0 0.710706 0.389885 0.0363491 0.0721592
0 0.299579 0.735377 0.0528175 0.0807657
0 0.290124 0.46578 0.0369201 0.0812901
0 0.436322 0.39662 0.0341722 0.0589169
0 0.533486 0.285415 0.0268035 0.0560533
0 0.779701 0.463429 0.0393513 0.0732674
0 0.373015 0.620596 0.0495005 0.0861061
0 0.471812 0.621293 0.0369081 0.0819173
0 0.584555 0.46618 0.0315569 0.0709305
0 0.578975 0.622437 0.0366209 0.0859293
0 0.428541 0.463608 0.0373913 0.0837826
0 0.465972 0.396922 0.0341103 0.0624578
0 0.336405 0.468595 0.0316437 0.0840124
0 0.0588741 0.734061 0.053027 0.0772451
0 0.456307 0.470145 0.0309244 0.0752686
0 0.764829 0.625245 0.0416054 0.0903314
0 0.387007 0.746647 0.0516481 0.0833995
0 0.849907 0.460159 0.0431332 0.0754124
0 0.520613 0.467541 0.0339272 0.0721966
0 0.368316 0.466655 0.0418905 0.0828704
0 0.741329 0.390822 0.0325527 0.0700367
0 0.747102 0.466486 0.0334042 0.0726164
0 0.689785 0.627097 0.0412048 0.0859053
0 0.876046 0.620767 0.0486889 0.0911139
0 0.788258 0.276602 0.030767 0.0545139
0 0.224102 0.400768 0.0401914 0.0628397
1 0.254266 0.620128 0.0446306 0.0769277
0 0.506248 0.624999 0.0375294 0.0898697
0 0.806199 0.389807 0.0334925 0.0721724
0 0.430038 0.742942 0.0498487 0.081863
0 0.471426 0.745122 0.0426768 0.0856646
0 0.188292 0.618281 0.0456958 0.0786591
0 0.614931 0.620774 0.0347455 0.0828024
0 0.813446 0.465296 0.0359581 0.0689003
0 0.681617 0.466051 0.0312721 0.0700357
0 0.496618 0.396101 0.0328342 0.0609868
0 0.542499 0.622059 0.0363066 0.0815465
0 0.728077 0.62561 0.0420727 0.0830753
0 0.838576 0.623367 0.0417259 0.0925499
0 0.439632 0.6214 0.0414566 0.0813866
0 0.65106 0.624308 0.0374274 0.0848049
0 0.561255 0.282468 0.0245062 0.0545622
0 0.589996 0.282469 0.0294714 0.0584816
0 0.802972 0.627019 0.0446606 0.0950047
0 0.260288 0.290071 0.035885 0.0651266
0 0.338478 0.616074 0.039504 0.0789915
0 0.839051 0.390792 0.0369926 0.0666779
0 0.644436 0.281244 0.0260913 0.055246
0 0.232787 0.459026 0.0394364 0.0879459
0 0.731352 0.280089 0.0300824 0.0582064
0 0.408862 0.396351 0.0342518 0.0596317
0 0.762098 0.278107 0.0284419 0.0651133
0 0.816432 0.274711 0.0356769 0.061438
0 0.511744 0.747967 0.0450483 0.0869473
0 0.554075 0.394919 0.0299072 0.0681277
0 0.281626 0.400892 0.0387986 0.0589369
0 0.712477 0.466084 0.0356182 0.0670652
0 0.261534 0.467309 0.039981 0.0808755
0 0.64758 0.465411 0.0311947 0.0716369
0 0.615326 0.466451 0.0281334 0.070797
0 0.312215 0.289209 0.0377151 0.0663611
0 0.33641 0.290374 0.0349904 0.0644382
0 0.198791 0.401739 0.042015 0.0581888
0 0.404995 0.288638 0.0279705 0.0589411
0 0.28566 0.290382 0.0339386 0.0660008
0 0.701712 0.27954 0.0264484 0.051385
0 0.522279 0.395391 0.0308922 0.0608122
0 0.583437 0.396102 0.0298862 0.0624804
1 0.304433 0.617084 0.0413794 0.0716959
0 0.351614 0.400948 0.0340446 0.0586906
0 0.250872 0.401028 0.0389076 0.0630448
0 0.378038 0.287423 0.0335138 0.0624573
0 0.673672 0.280991 0.0276762 0.053989
1 0.395459 0.469343 0.0362409 0.0761721
0 0.680266 0.39339 0.0314898 0.0743847
0 0.456185 0.286902 0.0259392 0.064051
0 0.552758 0.465387 0.0274271 0.0678232
0 0.235989 0.287901 0.0372593 0.0620419
0 0.152264 0.617702 0.0469945 0.0791657
0 0.618754 0.281538 0.0254152 0.0595088
0 0.481263 0.287969 0.0282264 0.0633666
0 0.121225 0.615508 0.0467433 0.0824099
0 0.506358 0.286407 0.0262663 0.0544044
0 0.430922 0.288617 0.025776 0.0637609
0 0.176484 0.459468 0.0362719 0.0782637
0 0.0266229 0.731594 0.0489774 0.0702351
