1 0.339916 0.290403 0.035889 0.0628129
1 0.369781 0.621667 0.0411493 0.0791584
1 0.219189 0.619953 0.0431431 0.0758652
1 0.187316 0.619724 0.0454865 0.0759304
1 0.715936 0.466224 0.0357093 0.0685635
1 0.336001 0.62119 0.044908 0.0769791
1 0.313516 0.29046 0.0363669 0.0629968
1 0.489466 0.467665 0.0368103 0.0733302
1 0.402576 0.290542 0.0319524 0.0614159
1 0.481263 0.289564 0.0316648 0.0581663
1 0.680011 0.466045 0.0332041 0.0666481
1 0.510932 0.622919 0.0407747 0.0725984
1 0.545517 0.621716 0.0333807 0.0736096
1 0.507408 0.289257 0.0314005 0.0576793
1 0.816964 0.464728 0.0387115 0.072766
1 0.258693 0.742362 0.0516667 0.0815547
1 0.21707 0.741861 0.0478786 0.0813609
1 0.50954 0.747901 0.0453802 0.08253
1 0.235701 0.290034 0.0393017 0.0635477
1 0.729797 0.282213 0.028937 0.0553336
1 0.615162 0.465127 0.032928 0.0655571
1 0.679566 0.392214 0.0364311 0.0673806
1 0.260836 0.290365 0.0390332 0.0636564
1 0.256424 0.620938 0.0466796 0.0759741
1 0.522616 0.467488 0.0297082 0.0713596
1 0.337924 0.469331 0.0402654 0.079168
