0 0.137964 0.738357 0.0552238 0.0868616
0 0.258351 0.736884 0.0539384 0.0888022
0 0.372812 0.619211 0.0480447 0.0852284
0 0.7789 0.462936 0.0390691 0.0731788
0 0.375695 0.401573 0.0361311 0.0619745
0 0.405536 0.620205 0.0408211 0.0790545
0 0.205283 0.4629 0.0450571 0.0806044
0 0.219345 0.736232 0.0554688 0.0940567
0 0.21976 0.615889 0.0417792 0.0809417
0 0.614264 0.391201 0.0349991 0.0662779
0 0.313223 0.403576 0.0383777 0.0625786
0 0.77349 0.392126 0.0381588 0.0751711
0 0.764179 0.625719 0.041037 0.0885183
0 0.176994 0.738622 0.0591807 0.0877987
0 0.338028 0.616155 0.0404136 0.0778683
0 0.489865 0.468626 0.0322363 0.0738436
0 0.0953507 0.736818 0.0566887 0.0860195
0 0.689266 0.628041 0.0411854 0.0838022
0 0.253059 0.620458 0.0430293 0.0767372
0 0.300192 0.734023 0.0529284 0.0804057
0 0.838191 0.624176 0.0413883 0.089238
0 0.81239 0.46523 0.0357773 0.0682314
0 0.435858 0.396618 0.034292 0.0593283
0 0.740246 0.390238 0.0326794 0.0692781
0 0.644062 0.28144 0.0260433 0.0546697
0 0.53326 0.285584 0.0265545 0.0570408
0 0.428021 0.463497 0.0378828 0.0836039
0 0.578734 0.622056 0.0364178 0.085146
0 0.224488 0.399854 0.0418276 0.0629548
0 0.456097 0.469079 0.0308676 0.0755613
0 0.746286 0.465081 0.033004 0.0713854
0 0.38693 0.745981 0.0506063 0.084426
0 0.34525 0.737885 0.0525002 0.078273
0 0.290357 0.465515 0.0376683 0.0811202
0 0.31199 0.289403 0.0377045 0.0670651
0 0.838481 0.390503 0.037355 0.067185
0 0.470978 0.742435 0.0420578 0.0847464
0 0.6471 0.465357 0.0309772 0.0718491
0 0.471209 0.620858 0.0354663 0.0801802
0 0.542264 0.622052 0.0367208 0.0803247
0 0.711805 0.465176 0.0362759 0.0677624
0 0.815345 0.273789 0.0366453 0.0629874
0 0.395426 0.468252 0.0375204 0.0779665
0 0.505837 0.62434 0.03705 0.0861132
0 0.614949 0.62078 0.0350079 0.0819389
0 0.651224 0.625353 0.0364124 0.0806965
0 0.583774 0.46583 0.0311515 0.0703623
0 0.727271 0.625405 0.0419151 0.0815325
0 0.465927 0.396392 0.0346692 0.0628423
0 0.731571 0.280159 0.030624 0.0609853
0 0.802541 0.628158 0.0448643 0.0931698
0 0.710307 0.389849 0.0358334 0.0720154
0 0.260264 0.289802 0.0357956 0.0659639
0 0.805859 0.389589 0.0334969 0.0710293
0 0.439606 0.621554 0.0415136 0.0804092
0 0.198451 0.401374 0.0423907 0.0594636
0 0.511183 0.748479 0.0462696 0.0887913
0 0.429871 0.740651 0.0495792 0.0811087
0 0.0593898 0.733733 0.0540483 0.078895
0 0.33567 0.469149 0.0309678 0.0850569
0 0.153403 0.616269 0.0461573 0.0809948
0 0.646858 0.389055 0.0300776 0.0718348
0 0.40891 0.396585 0.0339726 0.0594704
0 0.188627 0.618254 0.0462612 0.0809629
0 0.336215 0.290675 0.0350857 0.0650429
0 0.520167 0.466957 0.0337875 0.0719731
0 0.4963 0.396333 0.0324745 0.0599124
0 0.232657 0.458984 0.0395829 0.086902
0 0.787517 0.275921 0.0311803 0.0540935
0 0.679458 0.393664 0.0316304 0.0740301
0 0.761696 0.277219 0.0280579 0.0640876
1 0.302787 0.617662 0.0409196 0.0731981
0 0.874901 0.619815 0.0493784 0.0908663
0 0.553917 0.394983 0.0298021 0.0687854
0 0.261573 0.466559 0.0401423 0.0804828
0 0.614538 0.466178 0.0290952 0.0708784
0 0.123651 0.614559 0.0462487 0.0846537
0 0.506496 0.286556 0.0257141 0.054126
0 0.680974 0.465769 0.0310526 0.0696894
0 0.367525 0.466344 0.0422409 0.0823904
0 0.673529 0.280729 0.0271452 0.052883
0 0.590263 0.282715 0.029216 0.059035
0 0.285476 0.290485 0.0337598 0.067347
0 0.351084 0.401569 0.0357193 0.0592751
0 0.236002 0.287748 0.036824 0.0615646
0 0.251118 0.40067 0.0388044 0.0639113
0 0.281212 0.401026 0.0395582 0.0598
0 0.583263 0.395861 0.0297731 0.0621532
0 0.560848 0.282624 0.0248535 0.054702
0 0.377548 0.287341 0.0332302 0.0648923
0 0.481498 0.287653 0.0284783 0.0619108
0 0.848573 0.458323 0.0422634 0.0762122
0 0.522077 0.395945 0.0310148 0.0606505
0 0.404451 0.289771 0.0280323 0.0594799
0 0.176513 0.460813 0.0372809 0.077231
0 0.430229 0.289456 0.0264347 0.0638376
0 0.70139 0.279738 0.0262592 0.0513014
0 0.455621 0.287509 0.0263134 0.0635327
0 0.618459 0.2821 0.0256048 0.0595315
0 0.552157 0.465405 0.0272627 0.0678341
0 0.0265577 0.73138 0.0501205 0.0748755
