0 0.258003 0.737182 0.0534653 0.0878941
0 0.299476 0.735203 0.0525924 0.0821175
1 0.849154 0.459957 0.0428736 0.0761557
0 0.0955694 0.737123 0.054715 0.0837242
1 0.338471 0.615524 0.0408551 0.0784386
0 0.429725 0.740963 0.0491137 0.0815071
1 0.377243 0.40134 0.0353849 0.062256
0 0.387283 0.744657 0.0519748 0.0823418
1 0.312526 0.289753 0.0367781 0.0667029
0 0.219287 0.736388 0.0543281 0.0920659
1 0.583892 0.466537 0.0315742 0.0728045
1 0.646637 0.464011 0.0307463 0.0743316
1 0.741212 0.391255 0.0326653 0.0693772
1 0.177448 0.739778 0.0591618 0.0862972
1 0.496174 0.39551 0.0325518 0.0607655
1 0.672713 0.280713 0.0283081 0.0557745
1 0.813108 0.466378 0.03694 0.0689246
1 0.816654 0.275392 0.0373098 0.0611383
1 0.542164 0.620936 0.0365311 0.0800152
1 0.428084 0.465071 0.0362299 0.0813013
1 0.368984 0.467787 0.0425159 0.081909
1 0.303265 0.616453 0.0400116 0.0716718
1 0.489246 0.469355 0.0319508 0.0751937
1 0.689402 0.627416 0.0408146 0.081856
1 0.651694 0.624741 0.0368441 0.0817004
1 0.4087 0.396164 0.0333638 0.0589062
1 0.779173 0.463563 0.0393868 0.0736345
1 0.77368 0.393188 0.0372452 0.0742058
1 0.764332 0.626555 0.0411957 0.0892107
1 0.710028 0.390765 0.0352875 0.071216
1 0.838542 0.626493 0.0416513 0.0900909
1 0.396699 0.468266 0.0390903 0.0787968
1 0.519014 0.467692 0.0334507 0.0728018
1 0.746675 0.466321 0.0327477 0.0716494
0 0.344716 0.738582 0.0522326 0.0782108
1 0.802569 0.629059 0.0441341 0.0923479
1 0.224595 0.399931 0.0412785 0.0624617
0 0.0596455 0.734801 0.0538084 0.0806704
1 0.505829 0.623404 0.0373297 0.0886325
1 0.726844 0.625575 0.0421518 0.0836031
1 0.372805 0.618879 0.0473332 0.0847707
1 0.787016 0.277078 0.0312265 0.0560754
1 0.456265 0.469213 0.0315171 0.076597
1 0.578704 0.62176 0.036516 0.0832882
1 0.646273 0.387828 0.0309942 0.071163
1 0.61491 0.619981 0.0367195 0.0847799
1 0.262103 0.467005 0.0400872 0.0795432
0 0.511025 0.746425 0.0458858 0.0852496
1 0.220928 0.616835 0.0426005 0.0792875
1 0.405253 0.619536 0.0425595 0.0815837
1 0.614101 0.3907 0.034261 0.0651752
1 0.481288 0.288938 0.0288314 0.0634163
1 0.436248 0.396058 0.0340151 0.0596336
1 0.350819 0.401111 0.0354555 0.059018
1 0.465785 0.396063 0.0335326 0.0627012
1 0.207224 0.461113 0.0451199 0.0828618
1 0.439365 0.620661 0.040089 0.0818807
1 0.312859 0.403097 0.0376896 0.0620342
1 0.252974 0.622145 0.04158 0.0759244
1 0.176863 0.461522 0.0376329 0.0792959
1 0.286333 0.291072 0.0353809 0.0685258
1 0.583682 0.394803 0.0308613 0.0635686
1 0.614594 0.466666 0.0282728 0.0719167
1 0.292157 0.464711 0.0390651 0.0828629
1 0.471661 0.619854 0.0369759 0.0819539
1 0.590133 0.282862 0.0303718 0.0600198
1 0.188366 0.618016 0.0455619 0.0825911
1 0.532662 0.286668 0.0261271 0.0573377
1 0.154464 0.617142 0.0449219 0.0822218
1 0.236204 0.288583 0.0369644 0.0608664
1 0.679901 0.393449 0.0308439 0.0742529
0 0.470855 0.74468 0.0431822 0.0853802
1 0.804939 0.390419 0.03386 0.0685161
1 0.281392 0.400384 0.0398967 0.0620306
1 0.71232 0.465668 0.0359005 0.0682394
1 0.876952 0.623035 0.0494858 0.0887085
1 0.198138 0.400293 0.0433126 0.0601808
1 0.643229 0.281355 0.0267225 0.0579177
1 0.55405 0.394312 0.0296524 0.06683
1 0.680971 0.466605 0.0326375 0.0738244
1 0.522213 0.394695 0.0315384 0.0622086
1 0.50632 0.28707 0.0258756 0.0545625
1 0.405357 0.291268 0.027467 0.0595927
1 0.336712 0.468773 0.0324444 0.0851668
1 0.430697 0.2912 0.0254328 0.062894
1 0.378267 0.28846 0.0341376 0.0656859
1 0.232582 0.46224 0.0405187 0.0835636
1 0.730378 0.280959 0.0301712 0.060385
1 0.551625 0.465617 0.0275139 0.0711903
1 0.260307 0.290299 0.0353733 0.0655974
1 0.252402 0.400585 0.0382803 0.0631623
1 0.33486 0.29117 0.0336194 0.0642278
1 0.700482 0.279646 0.0265187 0.0524211
1 0.561126 0.283594 0.0259147 0.0571944
0 0.14002 0.739587 0.05827 0.0852573
1 0.760242 0.277491 0.0268565 0.0652153
1 0.124119 0.615034 0.0473734 0.0817327
1 0.83809 0.39078 0.0368397 0.0687735
1 0.455345 0.288994 0.0260473 0.0640528
1 0.61917 0.282572 0.0241174 0.0620449
0 0.0269127 0.732283 0.0502687 0.0769079
1 0.139803 0.739783 0.0572501 0.0860957
