0 0.138092 0.739195 0.0542494 0.0857491
0 0.257906 0.737395 0.0529 0.0875765
0 0.29939 0.735794 0.0535301 0.0813345
0 0.779569 0.463572 0.0391342 0.0721329
0 0.614517 0.391324 0.0346521 0.0665498
0 0.313206 0.404666 0.037499 0.0624843
0 0.177171 0.739176 0.0579806 0.0863106
0 0.774117 0.39247 0.0377903 0.075806
0 0.647388 0.388706 0.0305044 0.0722317
0 0.205786 0.462551 0.0454675 0.081992
0 0.0947948 0.73761 0.0563116 0.0846758
0 0.21849 0.736513 0.0545537 0.092117
0 0.375767 0.40292 0.0357823 0.0610785
0 0.33756 0.616001 0.0406682 0.0790958
0 0.427935 0.464218 0.0379468 0.0826962
0 0.219518 0.616242 0.0421942 0.0809361
0 0.579108 0.623363 0.0364305 0.0864115
0 0.372403 0.620762 0.0488267 0.0848221
0 0.710764 0.389725 0.0355209 0.074264
0 0.187981 0.619558 0.0452444 0.0790348
0 0.764505 0.625104 0.0410163 0.0902328
0 0.435626 0.396962 0.0344299 0.0590306
0 0.806247 0.389924 0.0331303 0.0718332
0 0.456065 0.470232 0.0313677 0.0767895
0 0.489992 0.469113 0.0320694 0.0737999
0 0.429392 0.742168 0.0491951 0.0807761
0 0.643934 0.282281 0.0260235 0.0551812
0 0.404883 0.62145 0.0418139 0.0797858
0 0.584114 0.466328 0.0314955 0.0704516
0 0.520362 0.467908 0.0342779 0.0727598
0 0.344387 0.73921 0.0521593 0.0796177
0 0.542514 0.621821 0.0364525 0.0809509
0 0.615085 0.620915 0.0349263 0.0829567
0 0.533078 0.285996 0.0267143 0.057312
0 0.849955 0.459702 0.0425888 0.0740179
0 0.290312 0.46631 0.0373977 0.0807112
0 0.465926 0.39681 0.0344895 0.0634206
0 0.762179 0.278788 0.0280429 0.0654087
0 0.651525 0.625054 0.0372359 0.0830995
0 0.33623 0.468986 0.0317313 0.0829605
0 0.741309 0.391134 0.0328304 0.07045
0 0.253314 0.621478 0.0429786 0.0786077
0 0.788606 0.276914 0.0309217 0.0544984
0 0.223939 0.401028 0.0403849 0.0637628
0 0.648014 0.466467 0.0311485 0.0729683
0 0.122899 0.6158 0.0462022 0.0843231
0 0.74694 0.466551 0.0328337 0.0730627
0 0.368197 0.467439 0.0414693 0.0814974
0 0.505992 0.62491 0.0371681 0.0875574
0 0.386916 0.746455 0.0518553 0.0835592
0 0.471706 0.621678 0.0361151 0.0811972
0 0.689972 0.62834 0.0414369 0.0851084
0 0.377368 0.288402 0.0322762 0.0643359
0 0.681562 0.466713 0.0312586 0.0700783
0 0.813501 0.465906 0.035807 0.0686169
0 0.728085 0.625237 0.0418987 0.0828026
0 0.817372 0.274504 0.0368143 0.0619409
0 0.439844 0.621963 0.0407521 0.0801559
0 0.838475 0.62384 0.0415842 0.0898144
0 0.510628 0.749526 0.0459288 0.0875576
0 0.260085 0.291128 0.035581 0.0653773
0 0.496669 0.395794 0.0329297 0.0612985
0 0.839036 0.391257 0.0361069 0.0670005
0 0.312189 0.289256 0.0372006 0.0657569
0 0.408437 0.396934 0.0337771 0.0592983
0 0.802642 0.628211 0.0450319 0.0941028
0 0.281207 0.40126 0.0390559 0.0601863
0 0.731952 0.280747 0.0303806 0.0591366
0 0.5542 0.39573 0.0299719 0.0679318
0 0.61505 0.46737 0.0290543 0.07211
0 0.336161 0.290747 0.0342313 0.0636039
0 0.876369 0.621542 0.0498962 0.0905515
0 0.198469 0.401957 0.0419655 0.0587331
0 0.232699 0.459201 0.0389769 0.0876965
0 0.583809 0.396075 0.0300053 0.0620055
0 0.285565 0.290808 0.0338109 0.066792
0 0.561491 0.283541 0.025191 0.0542572
0 0.0596291 0.734039 0.0542412 0.0754677
0 0.673493 0.281572 0.0281751 0.0546064
0 0.712222 0.466239 0.0350555 0.0672029
0 0.522406 0.395697 0.031286 0.0612558
0 0.152026 0.618386 0.046184 0.0791224
0 0.470878 0.745934 0.0428177 0.0861579
0 0.680084 0.393924 0.0310635 0.0746809
0 0.261139 0.467391 0.0399641 0.0806927
0 0.590069 0.283404 0.0291487 0.0585955
0 0.351095 0.402374 0.0350588 0.0585792
1 0.395219 0.469452 0.0366089 0.0760481
0 0.235973 0.288319 0.0377394 0.0621134
0 0.618789 0.282605 0.0252522 0.0596484
0 0.481109 0.288548 0.0288223 0.0600977
0 0.506772 0.287048 0.0256834 0.0550594
0 0.404648 0.29035 0.0279159 0.0585114
0 0.25061 0.401524 0.0383349 0.0639293
0 0.702189 0.280152 0.0278753 0.052287
1 0.303206 0.618142 0.0402488 0.0704654
0 0.430172 0.289782 0.0261913 0.0641576
0 0.552583 0.465423 0.0271543 0.0675385
0 0.455739 0.289047 0.0260614 0.0650476
0 0.176651 0.459723 0.0362534 0.0776619
0 0.0265254 0.732357 0.0491488 0.0704504
