1 0.259251 0.741815 0.0523024 0.0785974
1 0.338873 0.291728 0.035457 0.0640868
1 0.375747 0.290422 0.0301084 0.0614852
1 0.713987 0.467608 0.0366207 0.0719727
1 0.439953 0.622242 0.0402402 0.0804013
1 0.336131 0.621085 0.0434668 0.0778337
1 0.218849 0.620192 0.0416631 0.0780792
1 0.188226 0.619812 0.0438984 0.0772499
1 0.40577 0.622009 0.0421425 0.0799294
1 0.6164 0.39556 0.0327219 0.0626955
1 0.352484 0.406243 0.0327664 0.0568878
1 0.70849 0.393672 0.0372049 0.0664599
1 0.304958 0.620323 0.040851 0.0747684
1 0.532998 0.286944 0.029942 0.0548276
1 0.157705 0.619176 0.0467325 0.0767602
1 0.493158 0.398623 0.0330951 0.0587778
1 0.679364 0.46758 0.0325813 0.0706947
1 0.647782 0.467775 0.0306661 0.0705433
1 0.368286 0.622248 0.0421874 0.0809943
1 0.615251 0.467986 0.0343009 0.0688631
1 0.279581 0.40578 0.0372431 0.0588301
1 0.463291 0.398332 0.0327437 0.0581082
1 0.137316 0.740592 0.0496234 0.0770555
1 0.381298 0.405228 0.0327459 0.0574675
