1 0.313418 0.291006 0.0366957 0.0630309
1 0.369783 0.621676 0.0421825 0.0797507
1 0.489612 0.46773 0.0366092 0.0721643
1 0.216167 0.742129 0.0471852 0.0814115
1 0.186155 0.620878 0.0444652 0.0733043
1 0.335569 0.620935 0.0449955 0.077097
1 0.338314 0.468827 0.0397616 0.0781667
1 0.510947 0.624213 0.0419088 0.0735466
1 0.261151 0.291927 0.038216 0.0643101
1 0.257143 0.621632 0.0461245 0.075239
1 0.6786 0.393136 0.034768 0.0682137
1 0.235592 0.291588 0.0393427 0.0636916
1 0.730237 0.282667 0.0296189 0.0556176
1 0.258391 0.74241 0.0513251 0.080371
1 0.817333 0.465183 0.037599 0.0714055
1 0.5454 0.623599 0.0339833 0.0757937
