1 0.744018 0.395807 0.0356468 0.0663294
1 0.33401 0.291705 0.0369961 0.0640177
1 0.615891 0.393877 0.034004 0.0642306
1 0.438337 0.623736 0.0401926 0.0759702
1 0.370476 0.622286 0.0414716 0.0752204
1 0.335996 0.621659 0.0424464 0.0743729
1 0.187749 0.618734 0.0452221 0.0772875
1 0.375644 0.291288 0.028094 0.0604317
1 0.71426 0.467056 0.0356773 0.0703805
1 0.777028 0.395149 0.0335 0.06568
1 0.472294 0.624184 0.0358605 0.0773276
1 0.508509 0.624732 0.0397964 0.0775912
1 0.136154 0.742002 0.0515558 0.0764242
1 0.304972 0.620981 0.0394907 0.0729616
1 0.220191 0.619029 0.0458604 0.0752448
1 0.71024 0.395643 0.0357413 0.0653568
