0 0.137844 0.739102 0.0549012 0.0857037
0 0.77894 0.463585 0.0387463 0.0717693
0 0.257709 0.737171 0.0535289 0.0883371
0 0.773089 0.392373 0.0377526 0.0755027
0 0.312628 0.403191 0.0378971 0.061549
1 0.337245 0.616673 0.0408516 0.0793407
0 0.375418 0.402332 0.0360465 0.0606898
0 0.218625 0.737254 0.0563869 0.0934411
0 0.372678 0.6205 0.0490056 0.0851427
0 0.299472 0.734018 0.0532038 0.0802521
0 0.646868 0.388784 0.0307426 0.0721253
0 0.290456 0.465566 0.0376055 0.0811687
0 0.489781 0.469187 0.0320331 0.0739399
0 0.613923 0.392343 0.0346141 0.0647123
0 0.84937 0.459845 0.0423641 0.0747861
0 0.205356 0.462563 0.0453719 0.0817465
0 0.219169 0.61548 0.0420305 0.0812893
0 0.837697 0.624531 0.0414047 0.0905813
0 0.187945 0.618973 0.0459244 0.0798027
0 0.0942033 0.737903 0.0571169 0.086002
0 0.43533 0.397109 0.0346373 0.0590914
0 0.404603 0.620854 0.0416662 0.0794457
0 0.386403 0.746934 0.0522829 0.0848227
0 0.224001 0.400742 0.040501 0.0633364
0 0.17634 0.739695 0.059045 0.0882728
0 0.578505 0.623264 0.0367387 0.0862567
0 0.427714 0.464239 0.0375032 0.082981
0 0.650629 0.62445 0.0371517 0.0832499
0 0.643525 0.282756 0.0253769 0.0555345
0 0.763785 0.62612 0.0409831 0.0894763
0 0.710045 0.389571 0.0353811 0.072436
0 0.39522 0.469338 0.0370214 0.0776227
0 0.455972 0.469499 0.0307796 0.0755505
0 0.746617 0.466147 0.032857 0.0729088
0 0.805621 0.390562 0.0335009 0.0713707
0 0.727543 0.625229 0.0419018 0.0825014
0 0.343799 0.7393 0.0527128 0.0799419
0 0.471296 0.62148 0.0358698 0.0808709
0 0.542094 0.621814 0.036565 0.0809805
0 0.788029 0.277229 0.0311705 0.0550546
0 0.812672 0.465127 0.0359299 0.0679623
0 0.589215 0.283875 0.0295949 0.058871
0 0.33602 0.469165 0.0313672 0.0840395
0 0.198343 0.401704 0.0420411 0.0584293
0 0.761309 0.279765 0.0276491 0.0649436
0 0.439546 0.621777 0.0411547 0.0804719
0 0.470319 0.744207 0.0419823 0.0849096
0 0.408112 0.396682 0.033377 0.0587407
0 0.505495 0.62468 0.0369833 0.0867147
0 0.3775 0.287813 0.03268 0.0645098
0 0.689267 0.628451 0.0415168 0.0866372
0 0.647163 0.465598 0.031213 0.0718311
0 0.253086 0.621282 0.0432752 0.0792738
0 0.582989 0.466792 0.0302401 0.0707389
0 0.519956 0.467577 0.0336512 0.0724404
0 0.730737 0.281096 0.0302668 0.0585127
0 0.510947 0.748196 0.0464617 0.087365
0 0.235554 0.288808 0.0365979 0.0621358
0 0.740586 0.39021 0.0325304 0.0708961
0 0.429542 0.741831 0.0508142 0.081934
0 0.232567 0.458582 0.0392983 0.0877522
0 0.367399 0.466843 0.0419314 0.0825814
0 0.712075 0.465824 0.0362272 0.0681512
0 0.583097 0.396682 0.030039 0.0619998
0 0.335564 0.290486 0.0339252 0.0636312
0 0.679589 0.393305 0.0314295 0.0743506
0 0.838148 0.392024 0.0369017 0.0669697
0 0.816978 0.275046 0.0369688 0.0621096
0 0.495901 0.396226 0.0323377 0.0609474
0 0.285342 0.290925 0.0340673 0.0667464
0 0.311969 0.289352 0.0369256 0.0655523
0 0.46574 0.396691 0.0340473 0.0628449
0 0.614801 0.621124 0.0356257 0.0833469
0 0.151369 0.617517 0.0468767 0.0808935
0 0.121459 0.614889 0.0464184 0.0858439
0 0.672835 0.282136 0.0282177 0.0541622
0 0.0588687 0.733937 0.0539422 0.0760502
0 0.259807 0.291024 0.0351281 0.0653318
0 0.532314 0.286148 0.0262474 0.0562289
0 0.614075 0.466805 0.0288845 0.0708124
0 0.261135 0.466629 0.0403797 0.0808106
0 0.554253 0.39553 0.0288942 0.0661675
0 0.68084 0.466163 0.0312057 0.0698565
1 0.55992 0.282747 0.0253117 0.0540944
1 0.801975 0.628837 0.0450886 0.0939302
0 0.280335 0.400825 0.0394645 0.0604734
0 0.301793 0.618937 0.0402021 0.0714453
0 0.505731 0.287384 0.0256472 0.054205
1 0.874627 0.622084 0.0494158 0.0899336
0 0.25015 0.401229 0.0378798 0.0641041
0 0.480749 0.288708 0.0285082 0.0595929
0 0.618213 0.283666 0.0258217 0.0604267
0 0.521748 0.395863 0.0311286 0.0612623
0 0.404501 0.290199 0.0275431 0.0588607
0 0.430018 0.289977 0.0261539 0.0640635
0 0.351072 0.401806 0.0354616 0.0581454
0 0.176367 0.46011 0.0363786 0.0775503
0 0.701078 0.280589 0.0264227 0.0515911
0 0.455271 0.2884 0.0261867 0.0633
0 0.552182 0.465637 0.027104 0.0675781
0 0.0261201 0.731823 0.0480243 0.070608
