0 0.375847 0.401609 0.0360209 0.0620923
0 0.257955 0.73714 0.05289 0.0874008
0 0.312215 0.403 0.0370367 0.0614353
0 0.773765 0.391709 0.03802 0.0759468
0 0.137464 0.738937 0.0549659 0.0852228
0 0.290259 0.465831 0.0374774 0.0811657
0 0.647268 0.387893 0.0308182 0.0723716
0 0.219644 0.616115 0.0429185 0.080694
0 0.519995 0.467737 0.0337036 0.0728083
0 0.583994 0.466219 0.0319052 0.070924
0 0.187714 0.618848 0.0452754 0.0786455
0 0.372736 0.620454 0.0492105 0.0850176
0 0.613871 0.391294 0.0352907 0.0657249
0 0.0954053 0.737815 0.0557324 0.0851645
0 0.17655 0.740079 0.0585292 0.089978
0 0.204939 0.462655 0.044692 0.0814184
1 0.252764 0.621037 0.0438085 0.0772476
0 0.218035 0.737367 0.0557464 0.0925744
0 0.779528 0.462966 0.0394347 0.0724721
0 0.299187 0.734912 0.0522788 0.080065
0 0.223652 0.400336 0.04072 0.0631831
0 0.764193 0.625053 0.040921 0.0905051
0 0.489766 0.469458 0.0321467 0.0739269
0 0.40509 0.620933 0.0413208 0.0791227
0 0.386793 0.745325 0.0524161 0.0830816
0 0.466369 0.396418 0.0342203 0.0630606
0 0.813227 0.465643 0.0355827 0.068235
0 0.644201 0.281446 0.0254446 0.0552976
0 0.747109 0.466188 0.033371 0.0720338
0 0.533547 0.285778 0.0268873 0.0568769
0 0.428095 0.463953 0.0374104 0.0837156
0 0.787934 0.276483 0.0304531 0.0541974
0 0.816235 0.274357 0.0364435 0.0606774
0 0.456467 0.469429 0.0314686 0.075927
0 0.471588 0.621698 0.0368675 0.0815658
0 0.436559 0.396301 0.0346052 0.0594097
0 0.761594 0.278597 0.0281516 0.0644782
0 0.689233 0.628103 0.0413641 0.0864521
0 0.496377 0.395879 0.0327225 0.0610472
0 0.343856 0.738863 0.0523089 0.0784739
0 0.740847 0.3901 0.0327539 0.0708323
0 0.710136 0.389161 0.0357746 0.073489
0 0.650781 0.624784 0.0367043 0.0812672
0 0.578771 0.622069 0.0367121 0.0859531
0 0.42933 0.741652 0.0490295 0.0813866
0 0.647127 0.464929 0.0310814 0.0714062
0 0.336155 0.469071 0.0320681 0.0841295
0 0.681171 0.465795 0.0312819 0.0706727
0 0.838649 0.62377 0.0419868 0.0893529
0 0.727416 0.625335 0.0424093 0.0836303
0 0.43969 0.621648 0.0406903 0.0798974
0 0.408891 0.396005 0.0345123 0.0597163
0 0.198406 0.40169 0.0418253 0.0578931
0 0.232244 0.458708 0.0395725 0.0878786
0 0.470386 0.742432 0.0427624 0.0827282
0 0.259972 0.289661 0.0353117 0.0636409
0 0.505722 0.625274 0.0368905 0.0883701
0 0.802368 0.628133 0.0449205 0.0945282
0 0.712377 0.465517 0.0358085 0.0671755
0 0.542098 0.621997 0.0365911 0.0818958
0 0.876182 0.621355 0.0497011 0.0902458
0 0.0590551 0.735226 0.0547805 0.0791632
0 0.849275 0.458959 0.0425222 0.0740881
0 0.80567 0.389259 0.0331887 0.0721061
0 0.280761 0.40055 0.039337 0.0596804
0 0.511076 0.747741 0.045761 0.0872572
0 0.838396 0.390301 0.0371487 0.067335
0 0.614833 0.62029 0.034766 0.0832361
0 0.553805 0.393982 0.0296495 0.0690517
0 0.730972 0.280287 0.0298591 0.0574882
0 0.285388 0.290323 0.0339999 0.0657074
0 0.368764 0.467044 0.0422095 0.0819395
1 0.304213 0.61643 0.040346 0.0705041
0 0.672861 0.281118 0.0279068 0.0543437
0 0.560965 0.282526 0.0245584 0.0543756
0 0.337857 0.615793 0.0398446 0.0787188
0 0.335808 0.289847 0.0348787 0.0633236
0 0.61487 0.466536 0.0286884 0.0707334
0 0.590153 0.282642 0.0299958 0.059149
0 0.582958 0.396347 0.0295152 0.0617749
0 0.260951 0.46705 0.0408121 0.0815384
0 0.679833 0.393198 0.0312433 0.0744742
0 0.235983 0.287937 0.0355781 0.0601996
0 0.377827 0.288102 0.033581 0.0621851
0 0.522239 0.395319 0.0311989 0.0619296
0 0.480872 0.288161 0.0288405 0.0597621
0 0.31191 0.288951 0.037088 0.0655791
0 0.250416 0.400715 0.0387537 0.0636202
0 0.152224 0.617758 0.0462845 0.0799309
0 0.506216 0.286819 0.0258863 0.0542629
0 0.70165 0.280095 0.0265587 0.0520598
0 0.618892 0.282055 0.0254676 0.0600537
0 0.40476 0.290204 0.0271188 0.058642
0 0.35101 0.400561 0.0344936 0.0589558
0 0.552017 0.465722 0.0269522 0.0699578
1 0.395311 0.468783 0.0366904 0.0756197
0 0.430063 0.289558 0.0260124 0.0640314
0 0.455129 0.288111 0.0262942 0.0642694
0 0.176301 0.459517 0.0357049 0.0773109
0 0.125774 0.614743 0.0451993 0.0836763
0 0.0256315 0.732223 0.0487517 0.072672
