1 0.188428 0.618723 0.0455594 0.0779626
1 0.259438 0.741744 0.0523528 0.0791316
1 0.336568 0.619154 0.0439147 0.0758049
1 0.714369 0.468011 0.0358652 0.071766
1 0.368763 0.619387 0.0405564 0.0770177
1 0.510024 0.621473 0.0431386 0.0800158
1 0.219328 0.6186 0.0421987 0.0783068
1 0.490101 0.468089 0.0352309 0.0730781
1 0.337306 0.468733 0.0392223 0.0801648
1 0.304629 0.619371 0.0411753 0.0739727
1 0.816354 0.466429 0.038934 0.0758379
1 0.306545 0.405643 0.0366406 0.0583756
1 0.136146 0.74126 0.0523073 0.0793188
1 0.544704 0.622051 0.0357014 0.0795076
