1 0.138726 0.738921 0.0564209 0.0867483
1 0.313506 0.402871 0.0384733 0.0622965
0 0.219768 0.736353 0.0547307 0.0937071
1 0.877593 0.621841 0.0499374 0.0906215
0 0.260548 0.289518 0.0359282 0.0653971
1 0.220446 0.615924 0.0409143 0.080025
1 0.0963222 0.737822 0.0554512 0.0838615
0 0.386894 0.745756 0.0519963 0.0832745
0 0.311926 0.289871 0.037519 0.0658241
0 0.17748 0.738701 0.0581576 0.0900467
1 0.848419 0.459364 0.0419477 0.0749954
0 0.42981 0.741256 0.0499805 0.0813433
1 0.681059 0.46728 0.0326559 0.0711191
1 0.709688 0.389166 0.035375 0.0725441
1 0.259056 0.736464 0.054846 0.0890128
1 0.727968 0.623843 0.0419655 0.0829432
1 0.367579 0.46675 0.0432356 0.0839509
1 0.345577 0.739048 0.0529242 0.0802082
1 0.647483 0.465733 0.0304388 0.0722742
1 0.376434 0.40175 0.0350577 0.0623005
1 0.507346 0.624202 0.0366413 0.0860283
1 0.765984 0.625555 0.0428526 0.0884918
1 0.198829 0.401119 0.0413598 0.0617728
0 0.679181 0.393712 0.032645 0.0740643
1 0.786717 0.276443 0.0312363 0.0564236
1 0.690316 0.628575 0.0429947 0.0837695
1 0.123354 0.614095 0.0465484 0.0824072
1 0.774578 0.392906 0.0388909 0.0766254
1 0.299829 0.734123 0.0514842 0.0801554
0 0.740778 0.390522 0.0333953 0.0708451
1 0.281084 0.401377 0.0388671 0.0626739
0 0.470554 0.744754 0.0425926 0.0867662
1 0.371891 0.619066 0.0489038 0.0853642
1 0.542628 0.621328 0.0365496 0.0796741
1 0.337772 0.616188 0.0399067 0.0795145
1 0.253065 0.620838 0.0424556 0.0767357
0 0.646988 0.38984 0.0298518 0.0712995
0 0.510713 0.74738 0.046661 0.0880326
1 0.520607 0.467232 0.0326895 0.0725922
1 0.650593 0.625666 0.0377436 0.0817944
1 0.614433 0.39108 0.0337948 0.0651405
1 0.490327 0.468096 0.0332546 0.0740936
1 0.260929 0.467991 0.0412198 0.0773752
1 0.395962 0.46904 0.0377042 0.0789156
0 0.0600776 0.734327 0.0547579 0.078204
1 0.840545 0.624102 0.0423141 0.089825
0 0.533043 0.285776 0.0261995 0.0568837
1 0.560217 0.282516 0.0247705 0.0545205
0 0.589589 0.283457 0.0294598 0.0592226
1 0.761278 0.278045 0.0271051 0.0632132
1 0.284852 0.290958 0.0330872 0.0663355
1 0.746229 0.466756 0.0338289 0.0755821
0 0.839208 0.390683 0.0359798 0.0674627
1 0.2257 0.400087 0.0425242 0.0626766
0 0.643772 0.281946 0.0259856 0.0550423
1 0.808752 0.39057 0.033341 0.0710397
1 0.815902 0.273643 0.0369553 0.0638849
1 0.494978 0.395261 0.0347314 0.0624379
1 0.57869 0.62199 0.0362133 0.0833978
1 0.154993 0.617409 0.045033 0.0781534
1 0.7122 0.46639 0.0348588 0.0677417
1 0.43947 0.621829 0.041715 0.0831972
1 0.464029 0.396638 0.0350256 0.0650439
1 0.614043 0.620537 0.0359467 0.082768
1 0.804345 0.627685 0.0453928 0.090624
0 0.506092 0.286931 0.0261961 0.0546407
1 0.779508 0.463454 0.0398168 0.0770674
1 0.302612 0.616671 0.0408078 0.0729773
1 0.813024 0.466099 0.0348314 0.069725
1 0.405585 0.619757 0.0429313 0.0821856
1 0.189056 0.618336 0.0440389 0.0787979
1 0.378298 0.287951 0.0333575 0.0645433
1 0.583591 0.396418 0.0302209 0.0598158
1 0.42983 0.290983 0.025299 0.0638608
1 0.584054 0.46643 0.0312653 0.0696389
1 0.336653 0.28985 0.0332229 0.0642926
1 0.47189 0.622686 0.0363771 0.0822587
1 0.522561 0.395078 0.0314966 0.0623612
1 0.672814 0.280584 0.02736 0.0525617
1 0.614857 0.466396 0.0277029 0.0711613
1 0.480609 0.289446 0.0281109 0.0599695
1 0.290411 0.465652 0.0372022 0.0796145
1 0.404614 0.290262 0.0266295 0.0617545
1 0.701532 0.279457 0.0270002 0.0521884
1 0.33604 0.469043 0.032289 0.0856962
1 0.252759 0.400708 0.0377288 0.0632007
1 0.552749 0.465662 0.0272291 0.0694482
1 0.204831 0.462273 0.0412022 0.0790103
1 0.408649 0.395915 0.0327302 0.0567186
0 0.618582 0.282722 0.0253517 0.0583429
1 0.55424 0.395743 0.029707 0.0659322
1 0.428956 0.464944 0.0363722 0.0823477
1 0.434568 0.396636 0.0330042 0.0567973
1 0.457289 0.468584 0.0301458 0.0767815
1 0.351028 0.401969 0.0342268 0.058357
1 0.231961 0.460619 0.0414695 0.0852285
0 0.731411 0.280296 0.0299496 0.0601106
1 0.17662 0.46173 0.0387214 0.0761114
0 0.23584 0.287411 0.0369833 0.0620328
0 0.454804 0.289069 0.0262938 0.0636466
