1 0.13917 0.738898 0.0548054 0.0868901
0 0.257763 0.737208 0.0532978 0.087492
0 0.299662 0.735261 0.0529635 0.0804632
1 0.372615 0.622233 0.0499554 0.0840324
0 0.429351 0.743867 0.0508232 0.0836542
0 0.408 0.397902 0.0343958 0.0600173
0 0.218135 0.736595 0.0547326 0.091615
0 0.643969 0.283428 0.0263863 0.05597
0 0.176835 0.739064 0.0583827 0.0897387
0 0.774076 0.39214 0.0377411 0.0775908
0 0.386534 0.747193 0.0522813 0.0836964
0 0.095654 0.738031 0.0556518 0.0860083
1 0.614388 0.391498 0.0354873 0.066962
0 0.740895 0.39104 0.0328349 0.0718138
0 0.647518 0.390499 0.0302189 0.0721156
0 0.709902 0.390152 0.0359803 0.0723995
0 0.589984 0.284375 0.0291677 0.058921
1 0.405718 0.622966 0.0419003 0.0797848
0 0.344235 0.739736 0.0520173 0.0792065
1 0.457147 0.471123 0.0301414 0.0749014
1 0.367907 0.469255 0.0413242 0.0806889
1 0.312001 0.290058 0.0366947 0.0661398
1 0.338237 0.617618 0.0399036 0.0776407
1 0.727068 0.625963 0.0426908 0.0869955
1 0.561119 0.283584 0.0244614 0.0538844
1 0.839019 0.624961 0.0418724 0.08907
1 0.731416 0.281312 0.0302462 0.0594986
1 0.374291 0.401196 0.0373093 0.0637735
1 0.690132 0.629022 0.0411602 0.0847128
1 0.430194 0.291604 0.0253388 0.0628418
0 0.534097 0.287115 0.0262609 0.058476
1 0.31328 0.405277 0.0382582 0.0620291
1 0.747009 0.466639 0.0334196 0.0718451
1 0.252921 0.62403 0.0426809 0.074717
1 0.848763 0.459422 0.0422791 0.0766856
1 0.0604749 0.736566 0.0545626 0.0788077
1 0.4364 0.397671 0.0345843 0.0607786
1 0.802085 0.628485 0.0458447 0.0931265
1 0.779371 0.464648 0.0391954 0.073538
1 0.4663 0.39685 0.0349742 0.067121
1 0.520064 0.46923 0.0317488 0.0728296
1 0.681413 0.46772 0.0323654 0.0715868
1 0.764058 0.626713 0.040299 0.0894071
1 0.679845 0.393732 0.0316125 0.074803
1 0.584767 0.469152 0.0320024 0.0730716
1 0.395658 0.469897 0.036951 0.0783108
1 0.219853 0.619168 0.0416367 0.077969
1 0.579386 0.622724 0.0364153 0.0837948
1 0.199805 0.402238 0.0417826 0.0606731
1 0.490931 0.470728 0.0326307 0.0734575
1 0.553684 0.394813 0.0292828 0.0697753
0 0.470535 0.74445 0.0428861 0.085986
1 0.542737 0.622878 0.0371576 0.0820251
1 0.875945 0.623206 0.0495739 0.0900703
1 0.64734 0.465846 0.031461 0.073473
1 0.261462 0.467521 0.0401738 0.079854
1 0.81248 0.466465 0.034793 0.0680565
1 0.233137 0.463337 0.0403706 0.0816183
0 0.61862 0.283988 0.025095 0.0600388
1 0.282027 0.401765 0.039743 0.0606094
1 0.259936 0.291689 0.0359441 0.0656055
1 0.506819 0.626202 0.0367334 0.0888413
1 0.302776 0.619126 0.0412908 0.073012
1 0.837928 0.39081 0.0378824 0.0690663
0 0.806177 0.389385 0.0334381 0.0698347
1 0.349467 0.401405 0.0356936 0.0607128
0 0.673605 0.282224 0.0278158 0.0542458
0 0.583013 0.397649 0.0298143 0.0597431
0 0.787681 0.277635 0.0324641 0.0550355
1 0.615447 0.621784 0.0351561 0.0844896
1 0.511373 0.748689 0.0457708 0.0858812
0 0.701398 0.280895 0.0263086 0.0522279
1 0.252769 0.401992 0.0384891 0.0629597
1 0.651443 0.625429 0.0363997 0.0832575
1 0.286225 0.291048 0.0351368 0.0663773
1 0.481902 0.290104 0.0280351 0.0599617
1 0.81584 0.274968 0.0355642 0.0616903
1 0.123555 0.617182 0.0481255 0.0821439
1 0.615659 0.467807 0.027342 0.0718714
1 0.289701 0.467106 0.0361463 0.0786041
1 0.205496 0.463352 0.0420801 0.0823664
0 0.496724 0.3964 0.0320352 0.061724
1 0.439867 0.623514 0.0413166 0.0811995
0 0.235959 0.289852 0.0361183 0.0613847
1 0.336556 0.470661 0.0313015 0.0840471
1 0.471618 0.623141 0.0360956 0.0824936
1 0.761567 0.278715 0.0273186 0.0646264
1 0.405226 0.291241 0.0269753 0.0599186
1 0.378059 0.288265 0.0341322 0.0642375
1 0.71263 0.466514 0.0350324 0.0677305
1 0.225748 0.400984 0.0417319 0.0635449
1 0.506679 0.288038 0.0255762 0.0540434
1 0.42888 0.465165 0.0372231 0.0845486
1 0.521886 0.396255 0.0309872 0.061729
1 0.188413 0.620781 0.0461086 0.0801962
1 0.177523 0.462456 0.0390857 0.0798333
1 0.154283 0.620474 0.0457746 0.0826056
1 0.552087 0.466406 0.0283346 0.070433
0 0.455633 0.289331 0.0277414 0.0641208
1 0.335958 0.291528 0.0333593 0.0631004
0 0.0255833 0.734613 0.0488708 0.0760008
