0 0.137909 0.73875 0.0547856 0.0853195
0 0.376058 0.401562 0.0356286 0.0622658
0 0.25776 0.737268 0.0537181 0.0878537
0 0.312593 0.403008 0.0377303 0.0624607
0 0.290411 0.465935 0.0379475 0.0814835
0 0.774032 0.391643 0.0382755 0.0759668
0 0.299701 0.734824 0.0526965 0.080617
0 0.21924 0.616164 0.0425099 0.0811239
0 0.176798 0.739066 0.0578635 0.0890749
0 0.779655 0.46344 0.03962 0.0733197
0 0.647301 0.387976 0.0308801 0.0727478
0 0.187791 0.619083 0.0455675 0.0794584
0 0.0947825 0.73807 0.0568173 0.0857456
0 0.223715 0.40036 0.0406393 0.0632324
0 0.218086 0.737148 0.0551337 0.0916935
0 0.252763 0.620715 0.0428615 0.0775729
0 0.613917 0.390753 0.0351032 0.0664346
0 0.205301 0.462786 0.0451533 0.0816331
0 0.533081 0.285592 0.0267321 0.0570094
0 0.489612 0.469339 0.0322062 0.0738061
0 0.466269 0.396791 0.0342587 0.0637496
0 0.405225 0.620764 0.0417054 0.0799133
0 0.372883 0.619709 0.0471959 0.0849876
0 0.428939 0.742834 0.0489563 0.0823168
0 0.520092 0.467442 0.0338079 0.0720065
0 0.764593 0.624982 0.0408908 0.0903244
0 0.542282 0.62209 0.0365291 0.0812487
0 0.813296 0.465666 0.0356067 0.0684032
0 0.788304 0.276568 0.031052 0.053588
0 0.436539 0.396375 0.0344805 0.0597206
0 0.681127 0.466172 0.0313456 0.0709023
0 0.343844 0.739345 0.052285 0.0794028
0 0.747002 0.466284 0.0335061 0.0720537
0 0.260205 0.29009 0.0354134 0.0638235
0 0.505929 0.625084 0.0366367 0.0873445
0 0.761872 0.279069 0.0280813 0.0653351
0 0.710087 0.38925 0.0353374 0.0732186
0 0.578941 0.622146 0.0362727 0.0850349
0 0.644021 0.28177 0.0256546 0.0556054
1 0.304317 0.616523 0.0403766 0.0702501
0 0.386428 0.746174 0.0521492 0.0842373
0 0.49645 0.396015 0.0326656 0.0612495
0 0.338108 0.615491 0.0404916 0.078536
0 0.456205 0.469518 0.0312052 0.0756903
0 0.471826 0.620827 0.0371443 0.0808637
0 0.740735 0.389876 0.0329704 0.0711447
0 0.64716 0.465073 0.0311694 0.0715547
0 0.336084 0.468732 0.0323199 0.0843412
0 0.689571 0.627952 0.0413082 0.0870237
0 0.583902 0.465694 0.0316666 0.0698862
0 0.802659 0.627831 0.0447792 0.0938524
0 0.368788 0.467214 0.0419728 0.0818954
0 0.427872 0.463742 0.037562 0.0836082
0 0.838437 0.624009 0.0418941 0.0893921
0 0.1983 0.401446 0.041874 0.0581979
0 0.838512 0.390072 0.0369534 0.0673171
0 0.816739 0.274194 0.0364178 0.0613001
0 0.727639 0.624939 0.0423578 0.0827531
0 0.43976 0.621451 0.0404561 0.0805964
0 0.23233 0.45883 0.0392271 0.0884888
0 0.408918 0.395887 0.0343239 0.0596071
0 0.51104 0.748841 0.0456683 0.087709
0 0.805908 0.388922 0.0330135 0.0724062
0 0.849343 0.458724 0.0417664 0.0758265
0 0.650859 0.62392 0.0369081 0.0824533
0 0.876311 0.621242 0.0490566 0.0889904
0 0.731542 0.280724 0.0300051 0.0588546
0 0.614757 0.620067 0.0350819 0.0819115
0 0.712364 0.466048 0.0358229 0.0679132
0 0.590297 0.282795 0.0301867 0.0598165
0 0.0592882 0.733987 0.0542009 0.0768536
0 0.336314 0.290407 0.0348046 0.0637264
0 0.311762 0.288972 0.0377359 0.06583
0 0.56074 0.282466 0.0249823 0.0551901
0 0.285004 0.290313 0.0334647 0.0657414
0 0.614861 0.466665 0.028817 0.0712111
0 0.470792 0.744345 0.0431974 0.085048
0 0.280471 0.400577 0.039688 0.0603635
0 0.261191 0.466967 0.0405234 0.0810918
0 0.583133 0.395974 0.0297089 0.0621854
0 0.52233 0.395391 0.031255 0.0616295
0 0.553927 0.394058 0.0295477 0.0690531
0 0.67989 0.393247 0.0308602 0.0743693
0 0.152389 0.618145 0.0455144 0.0794487
0 0.480818 0.288352 0.0287611 0.0598923
0 0.377998 0.287602 0.0331295 0.060949
0 0.404608 0.290299 0.0272168 0.0585267
0 0.23612 0.28781 0.0354264 0.0598799
0 0.672976 0.281365 0.0281979 0.0543262
0 0.50637 0.286666 0.0258449 0.0545967
0 0.618803 0.282148 0.0250111 0.0595274
0 0.249923 0.401058 0.0381234 0.0643995
1 0.395247 0.468511 0.0367905 0.0774204
0 0.552215 0.464836 0.0274193 0.0665281
0 0.351551 0.40111 0.0354089 0.0585461
0 0.429895 0.28984 0.0262377 0.0640211
0 0.455179 0.288085 0.0263742 0.0642333
0 0.701793 0.280091 0.0279774 0.052162
0 0.122768 0.615581 0.0459818 0.0837418
0 0.176376 0.459547 0.036278 0.0774958
0 0.0261711 0.73174 0.0488763 0.0715208
