1 0.338111 0.291097 0.037674 0.0627626
1 0.335075 0.620677 0.0442966 0.0744444
1 0.367527 0.621461 0.0395823 0.0749389
1 0.309085 0.291491 0.0376785 0.0635923
1 0.815451 0.46532 0.0375407 0.0720607
1 0.218857 0.620048 0.0450355 0.0757733
1 0.427345 0.288487 0.0299054 0.0581454
1 0.308479 0.405558 0.0428347 0.0594002
1 0.613994 0.623589 0.0387783 0.0802723
1 0.25571 0.620214 0.0438013 0.0740086
1 0.714713 0.46743 0.0355672 0.0699756
1 0.117036 0.618684 0.044947 0.0765559
1 0.616272 0.467805 0.0347761 0.0715764
1 0.184057 0.619933 0.0487173 0.076736
1 0.505878 0.286189 0.0314637 0.0577375
1 0.257215 0.290411 0.0375144 0.0637619
1 0.782203 0.466284 0.0371036 0.0709554
1 0.579018 0.623141 0.0365427 0.0789793
