0 0.138754 0.7393 0.0551582 0.0860636
0 0.258154 0.737085 0.0534241 0.0870258
0 0.219663 0.617553 0.0428411 0.0793383
0 0.177038 0.738765 0.0572396 0.088209
0 0.0951817 0.737935 0.0563218 0.0860109
0 0.774007 0.392841 0.0380417 0.0750001
0 0.779558 0.463901 0.0391285 0.0728172
0 0.188012 0.619988 0.0455568 0.078723
0 0.3725 0.621275 0.0492579 0.0854299
0 0.300089 0.734201 0.0533762 0.0797266
0 0.57879 0.623301 0.0364075 0.0848248
0 0.2051 0.463253 0.0447198 0.0815247
0 0.405052 0.621595 0.0409435 0.0796736
0 0.490049 0.4697 0.0322574 0.0737888
0 0.614394 0.39181 0.0348295 0.0659631
0 0.643956 0.283041 0.0255093 0.0554104
0 0.429128 0.741817 0.0493627 0.0810358
0 0.542585 0.622123 0.0361586 0.0800821
0 0.22407 0.401141 0.0404847 0.0627596
0 0.436 0.397704 0.0346575 0.0596005
0 0.312722 0.404092 0.0366808 0.0607013
0 0.764429 0.62591 0.0409606 0.0899675
0 0.261747 0.467471 0.0418608 0.0804779
0 0.647261 0.390361 0.0306468 0.0698787
0 0.533591 0.287034 0.0262305 0.0584904
0 0.740942 0.390836 0.0330932 0.0703892
0 0.456587 0.470327 0.0305967 0.0758525
0 0.375914 0.402112 0.0356422 0.0606575
0 0.344386 0.739772 0.0514531 0.0793328
0 0.849896 0.459518 0.0429077 0.075127
0 0.506496 0.626522 0.0375592 0.0884518
0 0.583278 0.467158 0.0304701 0.0713892
0 0.647291 0.466753 0.0310808 0.0730062
0 0.689378 0.628517 0.0415595 0.0847431
0 0.49611 0.396893 0.0329012 0.0608644
0 0.681169 0.467179 0.031601 0.0708441
0 0.386546 0.746757 0.0511492 0.0837044
1 0.337522 0.617034 0.0402234 0.0794445
0 0.838124 0.624566 0.041251 0.0892416
0 0.813252 0.465111 0.0357346 0.067784
0 0.408656 0.397257 0.0340937 0.0590747
1 0.218849 0.737419 0.0563502 0.0896629
0 0.761562 0.279779 0.0275891 0.0659904
0 0.471559 0.622694 0.0364054 0.0811344
0 0.710414 0.39024 0.0354946 0.072317
0 0.747105 0.466925 0.0331774 0.0719422
0 0.727721 0.625841 0.041774 0.0826601
0 0.12204 0.616161 0.0471994 0.0837736
0 0.4662 0.397177 0.0338944 0.0633021
0 0.428332 0.465294 0.0371649 0.0819062
0 0.520108 0.468136 0.0334809 0.0731222
0 0.260238 0.291577 0.0358006 0.0645944
0 0.152734 0.619172 0.0456884 0.07922
0 0.65093 0.624746 0.0367128 0.0818426
0 0.802655 0.629216 0.0452467 0.0933962
0 0.806129 0.390612 0.033247 0.0718246
0 0.554103 0.396091 0.0296618 0.0669673
0 0.788383 0.277574 0.031481 0.0552114
0 0.511155 0.74889 0.0466114 0.0869003
0 0.680082 0.393867 0.0316091 0.0743562
0 0.312192 0.290451 0.037383 0.0659086
0 0.0592281 0.73434 0.0539653 0.0769785
0 0.731225 0.281446 0.0302137 0.0596604
0 0.285245 0.2917 0.0337815 0.066006
0 0.36857 0.468297 0.041551 0.0819539
0 0.19859 0.401937 0.0419071 0.0585458
0 0.396167 0.469792 0.037303 0.0793427
0 0.439784 0.623261 0.0418179 0.079701
0 0.838937 0.39095 0.0370794 0.0669892
0 0.61485 0.621146 0.0350028 0.0829383
0 0.712001 0.466281 0.0351761 0.0671763
0 0.590794 0.284319 0.0296764 0.0598265
0 0.281311 0.401809 0.0404352 0.0599354
0 0.232484 0.460721 0.0394226 0.0866064
0 0.250855 0.401616 0.0396023 0.0628716
0 0.673429 0.282359 0.0284746 0.054285
0 0.817408 0.274607 0.0367434 0.0629226
0 0.470686 0.746601 0.0435745 0.0867828
0 0.614436 0.467558 0.029178 0.0724116
1 0.302618 0.61881 0.0393029 0.0712389
0 0.561384 0.284222 0.0254553 0.0542733
1 0.253607 0.622828 0.0419905 0.0747011
1 0.290512 0.465756 0.0378423 0.0813256
0 0.351197 0.401272 0.0345163 0.0588518
0 0.583517 0.396692 0.029966 0.0611169
0 0.404542 0.290957 0.0276355 0.0596577
0 0.336666 0.291542 0.0346552 0.0639878
1 0.875618 0.622146 0.048 0.0892877
0 0.176413 0.46091 0.0370778 0.0781313
0 0.506151 0.288325 0.0259437 0.0554518
0 0.480812 0.289349 0.0283222 0.0592391
0 0.522382 0.396342 0.031159 0.0609976
0 0.429916 0.290869 0.0263639 0.0631808
0 0.701687 0.280917 0.0264662 0.0517248
0 0.455614 0.289879 0.0266947 0.0648945
0 0.552095 0.466815 0.0266998 0.070969
0 0.235958 0.288641 0.0355303 0.0605869
1 0.335973 0.469738 0.0323851 0.0854433
1 0.377089 0.288364 0.0337592 0.0636463
0 0.619068 0.283729 0.0249284 0.0600751
0 0.0263516 0.732694 0.0494021 0.0724815
