1 0.260178 0.740959 0.0532096 0.081456
1 0.386264 0.742361 0.0470691 0.0776226
1 0.189325 0.618783 0.0438806 0.0770847
1 0.33853 0.290833 0.0342171 0.0622084
1 0.375625 0.289977 0.0289558 0.0595316
1 0.714099 0.467313 0.036784 0.0696379
1 0.741265 0.393346 0.0347374 0.0662402
1 0.37003 0.621038 0.0395477 0.0776842
1 0.815317 0.465258 0.036635 0.070228
1 0.616758 0.393748 0.0330193 0.0630915
1 0.51046 0.620699 0.0408445 0.0791298
1 0.578968 0.621183 0.0362841 0.0790907
1 0.584006 0.394515 0.0330942 0.0612488
1 0.401437 0.289704 0.0281308 0.0582483
1 0.543978 0.62137 0.0349885 0.079214
1 0.280206 0.405656 0.0406765 0.0588362
1 0.614571 0.466836 0.0344015 0.0680435
1 0.288564 0.46694 0.0373019 0.0802307
1 0.137064 0.741193 0.0500243 0.079101
1 0.523043 0.467263 0.0288759 0.0715643
1 0.435841 0.62014 0.0452607 0.0780629
1 0.490824 0.466884 0.0356558 0.072694
1 0.402899 0.620148 0.0374654 0.0769885
1 0.615519 0.621035 0.0392227 0.0817263
1 0.220079 0.618727 0.0410707 0.0776323
1 0.479118 0.288868 0.0296671 0.0571313
1 0.157222 0.618861 0.0478656 0.0762113
