1 0.177454 0.739816 0.0583211 0.0908585
1 0.139213 0.740479 0.0564675 0.0862978
0 0.299437 0.735494 0.0529126 0.082509
0 0.0954712 0.738518 0.0548704 0.0838117
1 0.849127 0.460293 0.0432568 0.0760571
0 0.258022 0.737088 0.0529677 0.087543
0 0.429556 0.741869 0.0496517 0.082247
1 0.7411 0.391774 0.0327658 0.0694895
1 0.312224 0.290427 0.0369462 0.0666269
0 0.387399 0.746233 0.0517271 0.0843662
1 0.368527 0.468383 0.042623 0.0813791
0 0.21915 0.737264 0.054876 0.0923615
1 0.647398 0.465296 0.0314001 0.0736485
1 0.812893 0.467442 0.0359318 0.0682234
1 0.672965 0.281203 0.0280083 0.0539749
1 0.764434 0.626537 0.0405328 0.0893404
1 0.541976 0.621524 0.0366081 0.0800266
1 0.377185 0.401396 0.0352694 0.0616933
1 0.787495 0.276658 0.0321369 0.0558691
0 0.344472 0.739172 0.052638 0.0789448
1 0.583725 0.466559 0.0324657 0.0718162
1 0.496436 0.395902 0.0325108 0.0601208
1 0.615117 0.620544 0.0366695 0.0865462
1 0.339356 0.615661 0.0402091 0.0780122
1 0.408634 0.396549 0.033214 0.0587564
1 0.224617 0.399805 0.0412785 0.0631518
1 0.578661 0.621923 0.0369148 0.0835716
1 0.689556 0.627284 0.0409372 0.0826342
1 0.313117 0.403685 0.0382003 0.0613009
1 0.489488 0.469068 0.0321118 0.0749185
0 0.0596343 0.735221 0.0540778 0.0779914
1 0.519207 0.467661 0.0336897 0.0739334
1 0.614052 0.391485 0.0340596 0.0655125
1 0.651599 0.624858 0.0367545 0.0828009
0 0.511378 0.746865 0.0464668 0.0872969
1 0.396575 0.468705 0.0379317 0.0779656
1 0.817074 0.274755 0.037148 0.0633742
1 0.372814 0.619295 0.0467544 0.0833742
1 0.747018 0.466751 0.0322809 0.0704039
1 0.709622 0.391228 0.0353914 0.0720622
1 0.20693 0.462339 0.0452158 0.0839975
1 0.456391 0.468885 0.0312552 0.0756769
1 0.779473 0.463767 0.0397002 0.074151
1 0.681754 0.46722 0.0319288 0.0722855
1 0.583299 0.395475 0.0300648 0.0626143
1 0.465962 0.39608 0.033942 0.062125
1 0.506005 0.624899 0.0374513 0.0882187
1 0.404949 0.6203 0.042401 0.0800493
1 0.262098 0.467149 0.0408669 0.0803803
1 0.802471 0.628519 0.0458824 0.0932001
1 0.189198 0.617885 0.04502 0.0815662
1 0.350669 0.401389 0.0355187 0.0586809
1 0.838196 0.625952 0.041811 0.0907343
1 0.471117 0.621887 0.036603 0.0825229
0 0.47101 0.74504 0.0425596 0.0863404
1 0.72785 0.625942 0.0428859 0.0812206
1 0.646264 0.389256 0.031374 0.0710436
1 0.221136 0.616622 0.0431399 0.0794483
1 0.428326 0.465176 0.0361733 0.0811695
1 0.773838 0.393284 0.0373098 0.074891
1 0.48162 0.289181 0.0285944 0.0619999
1 0.435924 0.39639 0.0341203 0.059561
1 0.303482 0.617101 0.0398658 0.0710826
1 0.614854 0.467019 0.0283643 0.0716866
1 0.805094 0.390114 0.0339582 0.0692149
1 0.439522 0.621155 0.0401365 0.0811527
1 0.590185 0.282709 0.0298973 0.0598702
1 0.253978 0.621535 0.0418603 0.0761438
1 0.67945 0.393634 0.0306543 0.0747465
1 0.532768 0.286155 0.0268705 0.0576232
1 0.712704 0.466705 0.0358713 0.0673918
1 0.235842 0.289425 0.0369166 0.0605042
1 0.40521 0.291179 0.0278324 0.0593057
1 0.643173 0.281703 0.0269621 0.0553714
1 0.154627 0.618141 0.0458978 0.0823303
1 0.232533 0.462699 0.0413197 0.0839748
1 0.506317 0.287187 0.0257288 0.0532977
1 0.291535 0.465841 0.037953 0.079962
1 0.377888 0.288719 0.0337584 0.0645602
1 0.336106 0.468633 0.0308339 0.0858404
1 0.259944 0.291422 0.0362329 0.0649694
1 0.176156 0.462169 0.0357934 0.0793083
1 0.730974 0.280509 0.0302408 0.0600633
1 0.761177 0.277374 0.0274357 0.0650727
1 0.285829 0.291478 0.0353188 0.0676194
1 0.700145 0.280045 0.026749 0.0518045
1 0.876516 0.62308 0.050412 0.0912041
1 0.430501 0.291387 0.025362 0.0620766
1 0.199686 0.399556 0.0442987 0.0627397
1 0.522273 0.395273 0.0313042 0.0615808
1 0.554387 0.394861 0.0295559 0.0669054
1 0.281644 0.400932 0.0390899 0.0594809
1 0.560511 0.282755 0.0249905 0.0570032
1 0.252179 0.401071 0.0384222 0.0628208
1 0.551434 0.465303 0.0277678 0.0694326
1 0.33505 0.291666 0.0338168 0.063794
1 0.838383 0.390828 0.0371498 0.0685752
1 0.455742 0.289566 0.0263243 0.0642391
1 0.619596 0.28196 0.023188 0.0599358
1 0.125189 0.616758 0.0450254 0.0808429
0 0.0264779 0.733199 0.0491474 0.0747757
