1 0.813997 0.466344 0.0395501 0.0718636
1 0.217946 0.620854 0.0418917 0.0731562
1 0.305709 0.620114 0.0411499 0.0712343
1 0.337995 0.620385 0.0420869 0.0724472
1 0.544135 0.623075 0.0351588 0.0785107
1 0.533174 0.288595 0.0296732 0.0560382
1 0.509748 0.622772 0.039774 0.0780447
1 0.50715 0.289623 0.02909 0.0551816
1 0.560015 0.28747 0.0314694 0.056521
1 0.136422 0.741747 0.0526684 0.0798708
1 0.312398 0.291981 0.036405 0.0646225
1 0.78011 0.46716 0.0347456 0.0706592
1 0.71268 0.468467 0.0359142 0.0714807
1 0.205342 0.466129 0.0413811 0.0785419
1 0.579619 0.622467 0.0361933 0.0809407
1 0.375676 0.291697 0.0303501 0.0618965
1 0.680203 0.468223 0.0320491 0.071242
1 0.429752 0.469255 0.0365101 0.0756488
