0 0.36728 0.466086 0.0425591 0.0817366
0 0.219085 0.6164 0.0421805 0.0801724
0 0.289533 0.465851 0.0370538 0.0823089
0 0.136483 0.739881 0.05604 0.0840703
0 0.312104 0.401618 0.0360071 0.0625398
1 0.335396 0.616704 0.0411198 0.0789
0 0.490132 0.468934 0.0323369 0.0741821
0 0.710997 0.389407 0.03528 0.0712506
0 0.0947158 0.738385 0.056612 0.0843611
0 0.456565 0.469349 0.0306314 0.0760433
0 0.258834 0.288664 0.0354633 0.0634285
1 0.370878 0.620106 0.0494907 0.0870678
0 0.774613 0.391617 0.0381184 0.0750836
0 0.395438 0.468421 0.0373075 0.07654
0 0.471521 0.622535 0.0365356 0.0812181
0 0.579405 0.623959 0.0363693 0.0860647
0 0.850881 0.459431 0.0418983 0.0746342
0 0.682137 0.465744 0.0314558 0.0713335
0 0.506353 0.625771 0.0374807 0.0876701
0 0.780382 0.46243 0.0382762 0.0737919
0 0.747798 0.465875 0.0332115 0.0727196
0 0.690596 0.628549 0.0406928 0.0825634
0 0.374534 0.400798 0.0359233 0.0633045
0 0.203417 0.462199 0.043443 0.0813761
0 0.803376 0.629216 0.0438145 0.0945888
0 0.533119 0.284101 0.0265305 0.0558167
0 0.198085 0.400083 0.0434882 0.0610493
0 0.187513 0.619969 0.0458752 0.079563
0 0.647192 0.385961 0.0307948 0.0731595
0 0.839382 0.625464 0.0412876 0.0920965
0 0.387723 0.745544 0.0492978 0.0808321
0 0.223577 0.399339 0.0408144 0.0647064
0 0.615118 0.62147 0.0348445 0.0815121
0 0.520683 0.467512 0.0334995 0.0727528
0 0.280955 0.399557 0.0394229 0.0604938
0 0.428033 0.463529 0.0362595 0.0830359
0 0.840218 0.390701 0.0366312 0.0669929
0 0.175396 0.740808 0.0582619 0.0897587
0 0.584619 0.465612 0.0319824 0.071725
0 0.742159 0.389864 0.0324759 0.0693958
0 0.439252 0.622135 0.0417696 0.0815878
0 0.260235 0.467048 0.0398778 0.0805042
0 0.436018 0.395334 0.035631 0.0610632
0 0.249177 0.399957 0.0396759 0.0664473
0 0.651779 0.626296 0.0369394 0.0833231
0 0.219766 0.739287 0.0599557 0.0935114
0 0.258282 0.738316 0.0540432 0.0883705
0 0.542603 0.623077 0.0363812 0.0813511
0 0.615011 0.388499 0.0338161 0.0684637
0 0.511233 0.750072 0.0464186 0.0885504
0 0.814232 0.464657 0.0359181 0.0690977
1 0.252101 0.622953 0.0424309 0.0767904
0 0.645301 0.279912 0.0268708 0.0544631
0 0.732014 0.278344 0.0306677 0.0625813
0 0.728415 0.62458 0.0417765 0.081736
0 0.42951 0.741061 0.0494062 0.0788986
0 0.765222 0.626326 0.0408012 0.0900948
0 0.471002 0.747396 0.0434233 0.0879951
0 0.231474 0.459727 0.0393656 0.0869223
0 0.615697 0.465939 0.0289127 0.0719057
0 0.407794 0.39518 0.0337841 0.0588666
0 0.403861 0.620261 0.0422351 0.0819088
1 0.876239 0.622063 0.0468885 0.088284
0 0.807364 0.388801 0.0341822 0.073501
0 0.788983 0.275176 0.0322321 0.055851
0 0.680125 0.392213 0.0303516 0.0722026
0 0.71277 0.465829 0.0358942 0.0693078
1 0.284305 0.28882 0.0347995 0.0654614
0 0.555117 0.392868 0.0291735 0.069179
0 0.152278 0.617909 0.0469576 0.0793478
0 0.552579 0.465071 0.0274922 0.0676966
0 0.6479 0.465393 0.0307985 0.0731293
0 0.175205 0.461467 0.0374237 0.0778182
0 0.817427 0.273252 0.03545 0.0620346
0 0.298129 0.73539 0.0535898 0.0819694
0 0.590869 0.281816 0.0297457 0.059041
0 0.455483 0.285983 0.0270611 0.0631474
0 0.619432 0.280629 0.0247312 0.0577857
0 0.561777 0.281231 0.0254864 0.0543412
0 0.405368 0.287988 0.0263801 0.0568615
1 0.33349 0.47044 0.0312984 0.0868304
0 0.465726 0.393546 0.0328466 0.0663383
0 0.761874 0.276076 0.028989 0.0641437
0 0.31165 0.288439 0.0368241 0.0663056
1 0.379435 0.28627 0.0317822 0.0647668
0 0.0594016 0.733821 0.0521313 0.0784101
0 0.522061 0.392986 0.0313558 0.0674993
0 0.480813 0.286779 0.0282457 0.0591511
0 0.430133 0.287257 0.0261545 0.0622305
0 0.49581 0.392809 0.0327936 0.0657536
0 0.335291 0.288564 0.0328005 0.0628765
0 0.122012 0.616745 0.0464158 0.0819006
0 0.702174 0.278952 0.0297144 0.051934
0 0.233235 0.286341 0.0367981 0.0614389
0 0.584659 0.39349 0.0311499 0.0646205
1 0.301708 0.617781 0.0386282 0.071221
0 0.506075 0.285288 0.0257387 0.0547701
0 0.349935 0.400082 0.0353697 0.0608932
0 0.345158 0.739779 0.0533384 0.0805159
0 0.674054 0.279244 0.0268392 0.0526671
