0 0.138155 0.738456 0.0533977 0.0851675
0 0.773473 0.392654 0.0382 0.074753
0 0.258277 0.737383 0.0534355 0.0876114
0 0.405271 0.621492 0.0406669 0.0793097
0 0.779201 0.463537 0.0392126 0.0723628
1 0.203186 0.462031 0.0438161 0.0808625
0 0.372114 0.620503 0.0483321 0.0863768
1 0.337602 0.617151 0.041891 0.0795657
0 0.0948306 0.737079 0.0562859 0.0861189
0 0.376691 0.288266 0.0332379 0.0651545
0 0.313008 0.40328 0.037818 0.0617392
0 0.224069 0.399903 0.0407144 0.0625171
0 0.335967 0.290372 0.0337264 0.0631317
0 0.290895 0.465677 0.0377771 0.0815836
0 0.838301 0.623845 0.0413845 0.0903376
0 0.614002 0.391986 0.0348642 0.064417
0 0.375972 0.401494 0.0355644 0.0605737
0 0.300037 0.734075 0.0529341 0.0799051
0 0.176864 0.739059 0.0589565 0.0890906
0 0.219191 0.736399 0.0562486 0.0925488
0 0.680975 0.466918 0.0310389 0.0711021
0 0.812658 0.465352 0.0352829 0.0677137
0 0.643913 0.282455 0.0257763 0.0553351
0 0.709979 0.390275 0.0353281 0.0712368
0 0.219413 0.616738 0.0411963 0.0804008
0 0.506428 0.625425 0.0368284 0.0873144
1 0.312027 0.28931 0.0369643 0.0665065
0 0.646921 0.388932 0.0305438 0.0708245
0 0.764187 0.625833 0.0407374 0.0891119
0 0.344857 0.739075 0.0522956 0.0788672
0 0.49 0.469264 0.0326883 0.074354
0 0.583157 0.396595 0.0298817 0.0613538
0 0.38697 0.746163 0.0514046 0.0826458
0 0.727801 0.62535 0.0418175 0.0813593
0 0.542313 0.621976 0.0362987 0.0801817
0 0.578775 0.622791 0.0367842 0.0856869
0 0.740313 0.391062 0.0327589 0.0691006
0 0.235646 0.288353 0.038038 0.0641443
0 0.429645 0.74243 0.0494242 0.0816381
0 0.650789 0.625354 0.0366051 0.0823406
1 0.465659 0.39657 0.034 0.0635498
0 0.746402 0.46618 0.0330859 0.0738693
0 0.689309 0.62901 0.0408806 0.0863276
0 0.584257 0.466907 0.031184 0.0706556
0 0.285874 0.290905 0.0351191 0.0684939
0 0.788336 0.277358 0.0318095 0.0558748
0 0.471287 0.621763 0.0356944 0.0802799
0 0.614815 0.62122 0.0349657 0.0827864
0 0.849069 0.458871 0.0419962 0.0756591
0 0.36891 0.467685 0.0412354 0.0816587
0 0.435548 0.39697 0.0344596 0.0588301
0 0.470449 0.744563 0.0429287 0.0840914
0 0.253245 0.621541 0.0432901 0.076712
0 0.731083 0.281001 0.0299547 0.0590587
0 0.280707 0.40099 0.0401001 0.0607945
0 0.520493 0.468103 0.0329654 0.0725492
1 0.188979 0.619513 0.0442493 0.077699
0 0.510924 0.748336 0.0461435 0.0880208
0 0.805766 0.390647 0.032724 0.0701701
1 0.261122 0.467028 0.0414222 0.0803047
1 0.802163 0.62785 0.0441118 0.0940085
0 0.553865 0.395147 0.0298349 0.0675451
0 0.439356 0.622643 0.0414665 0.0790983
0 0.58952 0.283888 0.0304693 0.0602341
1 0.647808 0.465499 0.0298389 0.0716995
0 0.67965 0.393694 0.0315939 0.0739676
0 0.532483 0.28629 0.0253521 0.0563298
0 0.408496 0.396427 0.0335303 0.0581916
0 0.83786 0.391731 0.0360716 0.0655912
0 0.122494 0.615431 0.0450704 0.0861469
1 0.427745 0.464682 0.0365499 0.083486
0 0.614874 0.467282 0.0290256 0.072006
0 0.395705 0.469448 0.036865 0.0776319
1 0.875854 0.622141 0.0488087 0.0908247
0 0.259714 0.290816 0.0348812 0.0656958
0 0.817482 0.274996 0.0369482 0.062684
0 0.761181 0.279417 0.0275293 0.0655483
0 0.711839 0.466215 0.0359276 0.0681664
0 0.152111 0.619109 0.0470402 0.0783009
0 0.0594337 0.734419 0.0560404 0.0797766
0 0.198187 0.400122 0.041841 0.0597123
0 0.351366 0.401456 0.0359669 0.0585933
1 0.521049 0.395895 0.0318276 0.0609832
0 0.505854 0.287509 0.0256965 0.0543513
0 0.176002 0.460879 0.0360333 0.0755291
0 0.30288 0.618374 0.0389946 0.0713798
0 0.672914 0.281897 0.0281588 0.0535961
0 0.250116 0.40082 0.0381327 0.0635544
1 0.559832 0.283014 0.0253949 0.0545124
0 0.4807 0.289125 0.0281796 0.0596503
1 0.231724 0.457681 0.0409373 0.0883112
0 0.430009 0.290005 0.0262218 0.0637217
0 0.456191 0.469738 0.0308897 0.0766934
0 0.495789 0.395748 0.0323763 0.0630049
0 0.404548 0.290678 0.0277176 0.0583676
1 0.335926 0.469453 0.0322334 0.0866692
0 0.701434 0.280993 0.0280982 0.0527715
0 0.455664 0.289275 0.0259701 0.0652892
0 0.618722 0.283148 0.0254208 0.0602148
1 0.552317 0.465622 0.0267515 0.0691748
