0 0.137568 0.739278 0.0548965 0.0856472
0 0.257822 0.73736 0.0533672 0.0871964
0 0.774025 0.392133 0.0381445 0.0758036
0 0.375905 0.40209 0.0356294 0.0615741
0 0.312846 0.403657 0.0375486 0.0619687
0 0.779527 0.463467 0.0393301 0.0731592
0 0.64726 0.388073 0.0308355 0.0724681
0 0.0945398 0.738264 0.0567966 0.0855119
0 0.205614 0.462478 0.0449256 0.0812966
0 0.613866 0.390967 0.0350701 0.0663525
0 0.299636 0.734989 0.0529526 0.0798206
0 0.290619 0.465817 0.0378546 0.0814182
0 0.217985 0.615889 0.0407821 0.0804813
0 0.187688 0.618794 0.0449827 0.0793243
0 0.223755 0.400587 0.0406033 0.063303
0 0.176642 0.739287 0.0590627 0.0879552
0 0.372936 0.61916 0.047289 0.0856955
0 0.466107 0.396616 0.0341121 0.0633638
0 0.217901 0.737344 0.0555065 0.0915066
0 0.764502 0.625124 0.0412303 0.0899485
0 0.404855 0.621158 0.0416364 0.0798262
0 0.584128 0.466072 0.0317715 0.0703428
0 0.813364 0.465857 0.0357299 0.0684824
0 0.456487 0.469349 0.0310843 0.0757536
0 0.428898 0.742796 0.0484035 0.0828058
0 0.788491 0.276656 0.0312618 0.0537839
0 0.489753 0.469311 0.0321098 0.0740126
0 0.53328 0.285697 0.0265575 0.0567806
0 0.520352 0.467364 0.0338156 0.0719206
0 0.260086 0.290166 0.0353442 0.063708
0 0.344186 0.738984 0.0519604 0.0789812
0 0.5421 0.622 0.0367208 0.0810272
0 0.578901 0.622751 0.0367342 0.0850243
0 0.681295 0.466119 0.0311785 0.0712985
0 0.710346 0.389465 0.0355691 0.072999
0 0.74075 0.3901 0.0329461 0.0706123
0 0.436356 0.396576 0.0347758 0.0597692
0 0.74701 0.466331 0.0331903 0.0719719
0 0.428261 0.463823 0.0376022 0.0838835
1 0.252351 0.619304 0.0442839 0.0787888
0 0.817061 0.274189 0.0364178 0.0608118
0 0.471794 0.621533 0.0369815 0.0816953
0 0.386696 0.74547 0.0513868 0.0840286
0 0.368883 0.467399 0.0419228 0.0817427
0 0.338203 0.615011 0.0404065 0.0798793
0 0.198422 0.401693 0.0418728 0.0581886
0 0.439581 0.621618 0.040642 0.0805479
0 0.505699 0.625153 0.0366434 0.0875648
0 0.644315 0.281959 0.0258394 0.0557216
0 0.496267 0.396088 0.0326561 0.0619835
0 0.849161 0.459223 0.0418098 0.0748707
0 0.727834 0.625509 0.0420637 0.0824719
0 0.838475 0.624452 0.0417469 0.0891909
0 0.689657 0.628745 0.0412991 0.0856955
0 0.802867 0.628712 0.0449411 0.0936473
0 0.232426 0.458403 0.039196 0.088438
0 0.647311 0.465562 0.0311797 0.0723034
0 0.761993 0.278928 0.0280961 0.0653039
0 0.0590124 0.73393 0.053883 0.0765295
0 0.876256 0.622567 0.0489296 0.0884484
0 0.614894 0.6203 0.0348568 0.082622
0 0.470662 0.744018 0.0435077 0.0853413
0 0.731659 0.280645 0.0299002 0.0588789
0 0.408685 0.396361 0.0338867 0.0590146
0 0.805993 0.389401 0.0331518 0.0723716
0 0.712326 0.465922 0.0357765 0.0676467
0 0.839044 0.390673 0.0371655 0.0675056
0 0.336453 0.469086 0.03201 0.084741
0 0.285025 0.290575 0.0345832 0.0662691
0 0.511123 0.748106 0.0449173 0.0865201
0 0.56099 0.28252 0.0252214 0.0549058
0 0.650871 0.624126 0.0367859 0.0818657
0 0.590326 0.282713 0.0297253 0.0594689
0 0.553644 0.393977 0.0300486 0.0693742
0 0.280772 0.400951 0.0392762 0.0596195
0 0.336255 0.290543 0.0346735 0.0633095
0 0.312191 0.288954 0.0372647 0.0653301
0 0.614927 0.466822 0.0288627 0.0716601
0 0.583099 0.395721 0.0295938 0.062587
0 0.152771 0.61865 0.0457293 0.0796133
0 0.522132 0.39517 0.0313551 0.0617767
0 0.680037 0.393207 0.030681 0.0744649
0 0.506534 0.286543 0.026018 0.0545145
0 0.236227 0.287924 0.0352734 0.0598922
1 0.304806 0.615209 0.0404423 0.0719829
0 0.26118 0.467333 0.0408244 0.0817606
0 0.481018 0.288481 0.0287527 0.0598087
0 0.618902 0.282117 0.0252024 0.0598591
0 0.377962 0.288506 0.0331051 0.0613729
0 0.672964 0.281469 0.0284027 0.0537639
0 0.351395 0.400865 0.0339877 0.0591098
0 0.701759 0.280085 0.02657 0.0516999
0 0.43019 0.289616 0.026404 0.0644172
0 0.552265 0.464965 0.0276339 0.0669001
0 0.404646 0.290642 0.0274146 0.0588279
0 0.249974 0.401352 0.0377239 0.0641174
1 0.395508 0.468494 0.0364545 0.0768618
0 0.455699 0.288979 0.026123 0.0653774
0 0.1765 0.459364 0.0356231 0.0773321
0 0.123822 0.615947 0.045985 0.0840969
0 0.0259369 0.731857 0.0486644 0.0713814
