0 0.312871 0.402566 0.0380764 0.0618343
0 0.13829 0.738276 0.0532339 0.0841285
0 0.29014 0.466631 0.0372589 0.0820388
0 0.773649 0.392864 0.037819 0.0752841
0 0.764388 0.626586 0.0404693 0.0882368
0 0.34462 0.739264 0.0531935 0.0780025
0 0.0956333 0.736376 0.0560643 0.0834897
0 0.779136 0.463375 0.039764 0.0733489
0 0.376632 0.401653 0.0352233 0.0604724
0 0.812358 0.465187 0.0348623 0.0678772
1 0.25236 0.622314 0.040227 0.0763694
0 0.689409 0.627757 0.0411978 0.0849691
0 0.177674 0.737992 0.0561877 0.0845707
0 0.204926 0.463106 0.0429684 0.0800854
0 0.220094 0.617584 0.0432658 0.0802292
0 0.740721 0.391764 0.0332332 0.0688479
0 0.849496 0.460209 0.0434059 0.0748144
0 0.506168 0.62471 0.0373961 0.0892482
0 0.395404 0.468772 0.0383058 0.0799687
0 0.650686 0.624902 0.036891 0.0828051
0 0.520193 0.468542 0.0337033 0.0738752
1 0.371667 0.61825 0.0479329 0.0860107
0 0.875483 0.623326 0.0484594 0.0874475
0 0.428105 0.46397 0.0374073 0.0831803
0 0.224218 0.400389 0.0407551 0.0640026
0 0.542284 0.622309 0.0363905 0.0819126
0 0.583728 0.466655 0.0303938 0.0715239
0 0.727501 0.625896 0.0418819 0.0823447
0 0.578647 0.622703 0.0358013 0.0858982
0 0.83805 0.625559 0.0411819 0.0884928
0 0.710275 0.391576 0.0348848 0.0689529
0 0.815487 0.276357 0.0363626 0.0615386
0 0.532663 0.285505 0.0262699 0.0569679
0 0.712143 0.466198 0.0358513 0.0691723
0 0.802821 0.62854 0.044432 0.0928864
0 0.408149 0.396699 0.0337227 0.0584205
0 0.647235 0.46564 0.0313465 0.072526
0 0.439737 0.622509 0.0417084 0.0814037
0 0.219275 0.735743 0.0565305 0.0892122
0 0.48909 0.470369 0.03275 0.0740746
1 0.3364 0.61603 0.0433172 0.0806905
0 0.679145 0.394505 0.0329924 0.0699924
0 0.583001 0.394826 0.0295742 0.0650392
0 0.387553 0.744734 0.0508986 0.0820934
0 0.614656 0.622027 0.0346367 0.0823668
0 0.61477 0.466563 0.0284239 0.0713482
0 0.187716 0.620506 0.0456547 0.0790908
0 0.838587 0.391151 0.0378468 0.0675941
0 0.560652 0.28323 0.0252407 0.0561378
0 0.787261 0.278226 0.0314899 0.0566235
0 0.199091 0.401854 0.041475 0.0590833
1 0.470928 0.621662 0.0362495 0.0815399
0 0.495825 0.396052 0.0332243 0.0619717
0 0.2325 0.460238 0.0396109 0.0871231
0 0.465549 0.39683 0.0341572 0.0627099
1 0.302142 0.617466 0.0389747 0.0720711
0 0.680719 0.466624 0.0309751 0.0715334
0 0.429659 0.741428 0.0485624 0.0827732
0 0.2865 0.290266 0.0349858 0.0660728
0 0.404206 0.621795 0.0418828 0.080233
0 0.0583536 0.733229 0.0519658 0.0771204
0 0.80573 0.388738 0.0342861 0.0739376
0 0.511795 0.747905 0.0439229 0.0854084
0 0.746548 0.466129 0.0323297 0.0690218
0 0.455875 0.469459 0.0318428 0.0753346
0 0.43636 0.39662 0.0348278 0.0595673
0 0.251125 0.400974 0.0391253 0.0644533
0 0.367322 0.466544 0.0422833 0.084194
0 0.613853 0.391103 0.033841 0.0638731
0 0.121478 0.615788 0.0461268 0.0824713
0 0.64554 0.388451 0.0297447 0.0709024
0 0.505379 0.286709 0.0273636 0.0564303
0 0.152504 0.619226 0.0451754 0.0796026
0 0.553595 0.394972 0.0290728 0.0668891
0 0.260492 0.289959 0.0353292 0.0645954
0 0.378255 0.28948 0.0325903 0.0648503
0 0.260963 0.467929 0.0411146 0.0806006
0 0.730374 0.280512 0.0307667 0.0604277
0 0.281322 0.401055 0.0393251 0.0602949
0 0.589131 0.282623 0.0291479 0.0589195
0 0.25705 0.735484 0.0555635 0.0836556
0 0.336787 0.290329 0.0352241 0.0654995
0 0.643418 0.282023 0.0281137 0.0576679
0 0.551887 0.467582 0.0276837 0.0726595
0 0.176473 0.46165 0.0370249 0.0775435
0 0.479195 0.288432 0.0291241 0.0616911
0 0.521967 0.395662 0.0318724 0.061294
0 0.352687 0.400284 0.0346463 0.0587176
1 0.334819 0.469011 0.0314152 0.0869475
0 0.403458 0.289308 0.0275546 0.062687
0 0.4293 0.289171 0.0261238 0.0621326
0 0.296867 0.733203 0.0555123 0.0766171
0 0.236419 0.28812 0.0355359 0.061
0 0.76113 0.279244 0.028901 0.0644947
0 0.673867 0.28141 0.0274045 0.0532579
0 0.472017 0.74474 0.0425771 0.0838825
0 0.312224 0.290199 0.0360292 0.0663554
0 0.615878 0.282454 0.0254005 0.0600787
0 0.700591 0.280926 0.027713 0.0519074
0 0.453832 0.288982 0.0258474 0.0633175
0 0.0264387 0.731996 0.0490398 0.0738636
