1 0.738748 0.392752 0.0387684 0.0649371
1 0.582175 0.621034 0.0389998 0.0779231
1 0.713763 0.464782 0.038886 0.0716634
1 0.707049 0.393069 0.0362536 0.0635727
1 0.332652 0.288818 0.030535 0.0588831
1 0.616142 0.391881 0.0350266 0.0632494
1 0.436352 0.621985 0.0417488 0.0761449
1 0.553534 0.391866 0.0315438 0.06501
1 0.543558 0.621477 0.0373535 0.0774674
1 0.258339 0.742011 0.051045 0.0792759
1 0.366293 0.620509 0.0398603 0.0758095
1 0.508285 0.6214 0.0402981 0.0789184
1 0.211557 0.742804 0.0503703 0.0773728
1 0.583352 0.391739 0.0348073 0.064655
1 0.621502 0.620952 0.033188 0.0802869
1 0.335472 0.619884 0.0425835 0.0767016
1 0.18328 0.61964 0.046128 0.0749856
1 0.534929 0.283656 0.0311476 0.0577554
1 0.782039 0.464064 0.0380106 0.0730247
1 0.216317 0.6199 0.0434343 0.0741424
1 0.816575 0.46241 0.0405485 0.0767974
1 0.465433 0.397099 0.0329354 0.0576508
1 0.253323 0.619857 0.0393713 0.0743379
1 0.404187 0.621158 0.0375358 0.0757626
1 0.13422 0.742212 0.0520912 0.0756661
1 0.471078 0.622055 0.0385803 0.0778648
1 0.655732 0.622066 0.0394907 0.0826523
1 0.690418 0.622943 0.0391592 0.0851371
1 0.806534 0.389014 0.0392239 0.0649131
1 0.550778 0.466163 0.029063 0.0685607
