0 0.138597 0.738273 0.0542277 0.0850085
0 0.372595 0.619248 0.0484195 0.0846258
0 0.177656 0.738437 0.0564174 0.0865099
0 0.258361 0.736986 0.0535185 0.0871588
0 0.299467 0.73543 0.0520106 0.0823093
0 0.778771 0.462857 0.038776 0.0724697
0 0.37578 0.401808 0.0357722 0.0616909
0 0.429663 0.741131 0.0497004 0.0812887
0 0.0960352 0.736635 0.0550758 0.0831652
0 0.313445 0.402613 0.0373869 0.0619072
0 0.746492 0.464697 0.0334223 0.0713135
0 0.578983 0.622858 0.0363718 0.087347
0 0.532983 0.285567 0.0264971 0.0572485
0 0.489693 0.468761 0.0320204 0.074205
0 0.387507 0.745474 0.0518719 0.0845672
0 0.773556 0.392213 0.0370198 0.0759367
0 0.337867 0.615987 0.0405424 0.0778576
0 0.218988 0.736894 0.055415 0.0912695
0 0.764192 0.625191 0.0410282 0.0895392
0 0.643617 0.281454 0.0259649 0.0548267
0 0.689258 0.627789 0.0412777 0.0845068
0 0.837632 0.62398 0.04084 0.0906923
0 0.614289 0.390819 0.0346029 0.066737
0 0.542457 0.621118 0.0366995 0.081556
0 0.188636 0.619149 0.0461109 0.0779825
0 0.471207 0.621651 0.035731 0.0814133
0 0.205246 0.462361 0.0438202 0.0811783
0 0.435688 0.39612 0.0340607 0.0592449
1 0.405046 0.620302 0.0412283 0.0792753
0 0.806195 0.389429 0.0341116 0.0714459
0 0.520069 0.467429 0.0340017 0.0731997
0 0.647495 0.465175 0.0308084 0.0709986
0 0.506039 0.624879 0.0375923 0.0883019
0 0.408517 0.39625 0.0337993 0.0595531
0 0.456086 0.469299 0.0306193 0.0760117
0 0.727497 0.625245 0.0417015 0.0822776
0 0.614841 0.620677 0.0351042 0.082473
0 0.428201 0.464137 0.0370659 0.0827292
0 0.812558 0.465144 0.0356522 0.0680057
0 0.740458 0.390244 0.0335575 0.0706501
0 0.710037 0.389849 0.0349824 0.0717567
0 0.261696 0.466974 0.0416752 0.0796495
0 0.647331 0.388899 0.0307139 0.0728095
0 0.0597407 0.733622 0.0536253 0.0778391
0 0.730957 0.279916 0.0301147 0.0602698
0 0.465911 0.396391 0.0347179 0.0632833
0 0.875233 0.621806 0.0493658 0.0883688
0 0.396101 0.469287 0.0370111 0.0772557
0 0.650791 0.62428 0.0366161 0.0836163
0 0.198718 0.402279 0.0424759 0.0579571
0 0.224275 0.400432 0.0407124 0.0626133
0 0.553726 0.394624 0.0296721 0.0676641
0 0.673303 0.280055 0.0275782 0.0527977
0 0.153356 0.618099 0.0440965 0.0790554
0 0.25997 0.290438 0.0355295 0.0660282
0 0.802276 0.628102 0.0453184 0.0940252
0 0.49624 0.395229 0.0326786 0.061842
0 0.614453 0.465647 0.0292158 0.0709141
0 0.344567 0.739387 0.0528759 0.0793251
0 0.84852 0.458747 0.0415577 0.0757647
0 0.761134 0.276844 0.0279414 0.0627128
0 0.285686 0.290691 0.0348121 0.0669928
0 0.439221 0.621666 0.0408138 0.0807312
0 0.281182 0.400514 0.0402578 0.0599289
0 0.511126 0.746904 0.0460486 0.0865282
0 0.681171 0.466218 0.0312088 0.0691432
0 0.561082 0.282372 0.0255511 0.0554272
0 0.711937 0.465227 0.0348467 0.0677448
1 0.291419 0.465008 0.0387652 0.0823092
0 0.368763 0.467649 0.0409974 0.0811005
0 0.583256 0.465727 0.0304384 0.071044
0 0.680022 0.393434 0.0314995 0.0744703
0 0.816054 0.274443 0.0353504 0.0627451
1 0.302813 0.61729 0.0392956 0.069774
0 0.232282 0.460245 0.0394653 0.0876398
0 0.377898 0.287787 0.0334766 0.0645019
1 0.22062 0.616813 0.0433981 0.0784129
0 0.787825 0.276646 0.0317237 0.0542349
0 0.235944 0.287832 0.0370902 0.0620309
0 0.837402 0.389608 0.0364143 0.0685213
0 0.48102 0.288008 0.028592 0.0597424
0 0.590227 0.282052 0.0297701 0.0585263
1 0.253529 0.622358 0.0424392 0.0758246
0 0.470674 0.7436 0.042557 0.0845127
1 0.335164 0.289689 0.0336076 0.0650007
0 0.40461 0.289666 0.0274282 0.0595211
0 0.583418 0.395075 0.0308093 0.0627793
0 0.25205 0.40093 0.0382218 0.0630844
0 0.351464 0.400744 0.0357273 0.0601113
0 0.177053 0.459822 0.0367121 0.0771423
0 0.506535 0.28618 0.0258019 0.0545972
0 0.31192 0.289286 0.0371076 0.066786
0 0.52208 0.395414 0.0307768 0.0614216
0 0.551945 0.465451 0.027688 0.068948
1 0.336919 0.469101 0.030064 0.0856065
0 0.455313 0.28839 0.0262668 0.0626927
0 0.700938 0.279639 0.0270966 0.0514879
0 0.429901 0.289535 0.0263763 0.0630793
0 0.61821 0.282204 0.0252613 0.0601854
0 0.122316 0.61474 0.0495609 0.0843351
0 0.0271726 0.731811 0.0500481 0.0726522
