0 0.257981 0.737591 0.0531509 0.0873617
0 0.13756 0.73881 0.0543935 0.084659
0 0.312805 0.402579 0.0373908 0.0608171
0 0.773887 0.392045 0.0381344 0.0752748
0 0.290131 0.465845 0.0376094 0.0812773
0 0.647283 0.38837 0.0310823 0.0720711
0 0.218915 0.617293 0.0417152 0.0794631
0 0.376372 0.401352 0.0354674 0.0616503
0 0.77961 0.463283 0.0393958 0.0731815
0 0.176957 0.739422 0.0578835 0.0887594
0 0.187569 0.61994 0.0453434 0.0782253
0 0.299773 0.734755 0.0529482 0.0795856
0 0.218216 0.737786 0.0556942 0.0915468
0 0.613919 0.390904 0.0350266 0.0661026
0 0.372623 0.620828 0.0491222 0.0836952
0 0.0946355 0.737352 0.0569903 0.0842287
0 0.520168 0.467738 0.0339524 0.0726968
0 0.205173 0.462834 0.0450064 0.0817206
0 0.252549 0.621324 0.0422297 0.0767466
0 0.405071 0.620739 0.0415497 0.0796545
0 0.710378 0.389218 0.0356558 0.0730443
0 0.429259 0.742211 0.0495646 0.0822366
0 0.76426 0.625086 0.0407599 0.090949
0 0.466248 0.396318 0.034297 0.0635612
0 0.43631 0.396113 0.0343641 0.0590722
1 0.304512 0.616891 0.0400889 0.070398
0 0.813188 0.465455 0.0357918 0.0685303
0 0.456664 0.469453 0.0313579 0.075777
0 0.344028 0.739366 0.0520979 0.0791581
0 0.223961 0.40035 0.0407321 0.0628319
0 0.681366 0.466035 0.031056 0.0709277
0 0.78832 0.276945 0.0310633 0.0544918
0 0.386802 0.745799 0.0522748 0.0842051
0 0.490029 0.469323 0.0318914 0.0738134
0 0.644281 0.281769 0.0257545 0.0557538
0 0.740858 0.389924 0.0326766 0.0706345
0 0.408782 0.396019 0.0340645 0.0590441
0 0.471375 0.620922 0.0369571 0.0809356
0 0.583765 0.46579 0.0317478 0.0699309
0 0.816659 0.274673 0.0362877 0.0609787
0 0.579 0.622394 0.0365697 0.0863381
0 0.533365 0.285683 0.0270314 0.0567771
0 0.428024 0.46372 0.0374264 0.0837267
0 0.650844 0.62427 0.0365524 0.0818447
0 0.3684 0.465996 0.0422957 0.0828186
0 0.746992 0.466277 0.0332212 0.0721281
0 0.54233 0.621376 0.0368139 0.0809835
0 0.68922 0.628429 0.0414423 0.0874365
0 0.727258 0.625055 0.04233 0.0830544
0 0.647374 0.465567 0.0314756 0.0722843
0 0.83848 0.623229 0.0417938 0.0888842
0 0.505877 0.624967 0.0367511 0.0877024
0 0.496387 0.395597 0.0325825 0.0618824
0 0.26029 0.290242 0.0352563 0.0636519
0 0.336419 0.468743 0.0319824 0.0841846
0 0.761902 0.279119 0.0285419 0.0647224
0 0.232321 0.458846 0.0394916 0.0879787
0 0.511086 0.748213 0.0453906 0.08648
0 0.198667 0.401726 0.0416937 0.0576537
0 0.876103 0.621154 0.0499584 0.0902452
0 0.712499 0.4658 0.0357173 0.0677382
0 0.439691 0.621015 0.0405912 0.0798481
0 0.553878 0.393903 0.0296614 0.069059
0 0.614803 0.620343 0.0349085 0.0835787
0 0.731566 0.280584 0.0298655 0.0586176
0 0.848941 0.459056 0.041708 0.0744667
0 0.805885 0.389602 0.0330658 0.0717129
0 0.802314 0.628055 0.0455464 0.0935877
0 0.337866 0.616071 0.0396721 0.0783073
0 0.470677 0.743998 0.0428423 0.0840101
0 0.590482 0.282821 0.0299006 0.0594859
0 0.284878 0.290417 0.033432 0.0650414
0 0.561553 0.283165 0.0252193 0.0543164
0 0.838597 0.39086 0.0372005 0.0653021
0 0.150836 0.619089 0.0472786 0.0787239
0 0.311712 0.289027 0.037381 0.0649336
0 0.280675 0.400451 0.0393728 0.0601172
0 0.614714 0.466628 0.0291435 0.0714241
0 0.583125 0.395859 0.0295936 0.0621879
0 0.260889 0.467097 0.0406212 0.0815224
0 0.0587852 0.734176 0.0543522 0.0766045
0 0.377896 0.287572 0.0333386 0.0612338
0 0.336227 0.290462 0.0349166 0.0631342
0 0.68005 0.39349 0.0306104 0.0743388
0 0.480951 0.288289 0.0289228 0.0601355
0 0.236179 0.28811 0.0359113 0.0602397
0 0.522179 0.395028 0.0312584 0.0619735
0 0.404655 0.289905 0.027203 0.0589193
0 0.672948 0.281349 0.0284595 0.053843
0 0.250724 0.400463 0.0384672 0.0630804
0 0.702041 0.280239 0.0282003 0.0524886
0 0.506237 0.286747 0.0258095 0.0543903
0 0.618939 0.282201 0.0253684 0.0601787
0 0.429965 0.289368 0.0262247 0.0643266
0 0.351461 0.401039 0.0352828 0.0582863
1 0.395734 0.468419 0.0363263 0.0754608
0 0.55222 0.464969 0.0274437 0.0671212
0 0.455155 0.287983 0.026457 0.0644846
0 0.176456 0.459972 0.0360617 0.0776855
0 0.120594 0.615364 0.0461354 0.0839427
0 0.0260491 0.731758 0.0486707 0.070651
