1 0.330196 0.290819 0.0324882 0.0622786
1 0.744173 0.394496 0.0335901 0.0648928
1 0.438641 0.621907 0.0402401 0.0780604
1 0.615189 0.394085 0.0354233 0.0644823
1 0.370649 0.620856 0.0411404 0.0760805
1 0.37534 0.290451 0.028242 0.0596736
1 0.709331 0.394641 0.0367588 0.0640314
1 0.815243 0.466254 0.0374449 0.0727623
1 0.262388 0.467102 0.0394258 0.0762711
1 0.7569 0.28299 0.0298504 0.055876
1 0.678442 0.3947 0.0317059 0.0639156
1 0.713201 0.468951 0.0367401 0.067165
1 0.551926 0.394061 0.0292279 0.0639884
1 0.136588 0.741792 0.0514122 0.0780807
1 0.779943 0.466693 0.0356245 0.07101
1 0.509743 0.622737 0.0406985 0.0806725
1 0.25574 0.619694 0.0431711 0.0723084
1 0.290754 0.467617 0.0376902 0.0774311
1 0.542976 0.623339 0.0362728 0.0809212
1 0.615585 0.62277 0.038398 0.0837441
