1 0.13835 0.73901 0.0551986 0.0866356
0 0.219782 0.617344 0.0424191 0.0788191
1 0.1765 0.73893 0.0595498 0.0899169
1 0.300095 0.73418 0.0531339 0.08001
0 0.336165 0.291022 0.0350097 0.0632771
0 0.0944335 0.737698 0.0561996 0.0858543
1 0.372798 0.621831 0.0489628 0.0844267
1 0.257773 0.737257 0.0537938 0.0876464
1 0.497283 0.395537 0.0313577 0.0609935
0 0.386493 0.745817 0.0516094 0.0822459
0 0.405079 0.621759 0.0417669 0.0788706
1 0.470895 0.742951 0.0432457 0.0844213
0 0.429484 0.741057 0.0497754 0.0798799
1 0.152863 0.617884 0.0452888 0.0797865
1 0.81367 0.466569 0.0351543 0.0685946
0 0.219603 0.73655 0.0551735 0.0921181
1 0.368021 0.467763 0.0426951 0.0822245
1 0.312621 0.403234 0.0378283 0.0628206
1 0.690303 0.629103 0.04191 0.0822392
1 0.848938 0.459954 0.0422279 0.0750742
1 0.466726 0.396325 0.0352465 0.0659882
1 0.311767 0.290484 0.0362718 0.0658896
1 0.709592 0.391023 0.035375 0.0716517
0 0.344501 0.739306 0.0516656 0.0786388
1 0.672969 0.28183 0.0278942 0.0540817
1 0.740833 0.391355 0.0336625 0.0713549
1 0.47093 0.622707 0.0354115 0.0819346
1 0.439537 0.622904 0.0407677 0.0803394
1 0.303019 0.61808 0.0405302 0.0719234
1 0.583809 0.467007 0.0313043 0.072177
1 0.731713 0.281043 0.0298903 0.0574877
1 0.763686 0.625768 0.0399757 0.0880137
1 0.205145 0.46251 0.0429473 0.0811173
1 0.338435 0.617449 0.0413693 0.0778615
1 0.680414 0.394795 0.0316352 0.0751446
1 0.534374 0.286006 0.0258263 0.0554449
1 0.236343 0.289035 0.0360528 0.0619795
1 0.375643 0.401781 0.0354794 0.0644043
1 0.285381 0.291807 0.034413 0.0669226
1 0.519301 0.467572 0.0323599 0.0731737
1 0.396097 0.469219 0.0371026 0.0777884
1 0.646988 0.465703 0.0312214 0.0730667
0 0.186938 0.619312 0.0463658 0.0790268
1 0.481394 0.288198 0.0285782 0.0627534
1 0.614242 0.39227 0.0346132 0.0643884
1 0.281241 0.400771 0.0397387 0.0612739
1 0.87572 0.623591 0.0503502 0.0883339
1 0.260156 0.291096 0.0351009 0.0643482
1 0.801927 0.627912 0.0457062 0.0910299
1 0.614991 0.620994 0.0351889 0.0820629
1 0.25326 0.623217 0.04247 0.0754039
1 0.727569 0.626886 0.0431394 0.0827923
0 0.0592679 0.734813 0.0546694 0.0768005
1 0.59055 0.283605 0.0290451 0.058893
1 0.45634 0.469874 0.0300756 0.0748621
1 0.506097 0.625709 0.0370447 0.0872973
1 0.579463 0.622992 0.0369028 0.0850903
1 0.779575 0.463951 0.0405752 0.0771835
1 0.562183 0.283817 0.0249274 0.0548169
1 0.489677 0.469444 0.0321054 0.0741386
1 0.774334 0.39423 0.0388092 0.0759157
1 0.408595 0.396814 0.0345748 0.0589928
1 0.430032 0.290854 0.0259302 0.062318
1 0.761492 0.278351 0.0273285 0.0651566
1 0.64331 0.281619 0.0264756 0.0548434
0 0.701477 0.281119 0.0283125 0.0525563
1 0.511101 0.74745 0.0456886 0.0847607
1 0.378214 0.287649 0.0343743 0.0659852
1 0.261906 0.467547 0.0411216 0.0789454
1 0.291313 0.465378 0.0379298 0.0799254
1 0.42837 0.465551 0.0376044 0.082321
1 0.615122 0.466668 0.0277059 0.0715448
1 0.806404 0.391336 0.0335098 0.0725205
1 0.542283 0.622327 0.0370028 0.080772
1 0.746137 0.466937 0.0342102 0.0734146
1 0.788668 0.278333 0.031064 0.0547876
1 0.335418 0.468718 0.0315856 0.0836895
1 0.839061 0.625241 0.0415112 0.0863401
1 0.68129 0.467389 0.0320435 0.0712933
0 0.12412 0.615831 0.0451769 0.0805606
1 0.817764 0.275222 0.0357702 0.0617101
1 0.455375 0.288914 0.0264555 0.0647512
1 0.249854 0.40111 0.0400137 0.0640656
1 0.222735 0.400762 0.0415845 0.0618599
1 0.176329 0.461928 0.0374076 0.0772003
1 0.40491 0.289979 0.0271478 0.0592402
1 0.651537 0.625459 0.0373507 0.0817856
1 0.507189 0.287063 0.0258918 0.0553753
1 0.838771 0.391662 0.0380177 0.0696454
1 0.232281 0.461494 0.0396587 0.0827353
1 0.522195 0.396751 0.0317738 0.0593444
1 0.553462 0.396243 0.0287711 0.06433
1 0.19579 0.401193 0.0429869 0.0594578
1 0.712365 0.46691 0.0351927 0.0673887
1 0.436553 0.397229 0.0342054 0.0607136
0 0.647607 0.39105 0.029866 0.0716462
1 0.551821 0.466115 0.0278756 0.0701978
1 0.58349 0.396105 0.0307611 0.0619575
1 0.350246 0.401968 0.0359797 0.0600096
1 0.619187 0.282989 0.0232235 0.0587055
