1 0.849584 0.46054 0.0421967 0.0762772
1 0.177604 0.739218 0.0576443 0.0899229
0 0.299297 0.734816 0.0522818 0.0814783
0 0.257954 0.737041 0.0533282 0.0882217
1 0.139094 0.739228 0.0569992 0.0869683
1 0.377277 0.400242 0.034979 0.0633643
0 0.0596137 0.733766 0.0529414 0.0765803
0 0.429687 0.741054 0.0485847 0.081599
1 0.647033 0.46384 0.0307981 0.0741562
0 0.219079 0.736055 0.0546009 0.0923521
1 0.36842 0.467817 0.0421932 0.0809671
1 0.672905 0.280561 0.028212 0.0556408
1 0.339282 0.615437 0.0404001 0.0785109
1 0.740833 0.391324 0.0329725 0.0692314
0 0.38734 0.745888 0.051598 0.0843708
1 0.0960979 0.737965 0.0546968 0.0839367
1 0.496128 0.395362 0.0324251 0.0602696
1 0.312087 0.290264 0.036825 0.0659486
1 0.583919 0.466393 0.0323636 0.0723644
0 0.34457 0.738902 0.0523232 0.0783615
1 0.224445 0.399935 0.0404338 0.0624995
1 0.395954 0.468374 0.0378839 0.0777607
1 0.542269 0.621025 0.0366263 0.0802052
1 0.651275 0.625145 0.0367543 0.081598
1 0.689274 0.62812 0.0412936 0.0827409
1 0.312469 0.402583 0.0377854 0.063039
1 0.408829 0.395364 0.0329995 0.0588686
1 0.489654 0.468772 0.0321764 0.0748571
1 0.578593 0.621967 0.0364255 0.0838688
1 0.816621 0.274862 0.0369064 0.0615137
1 0.764233 0.627092 0.0407814 0.087916
1 0.614624 0.620528 0.036375 0.0856276
1 0.427787 0.464339 0.0370437 0.0822833
1 0.787037 0.277441 0.0310953 0.0569137
1 0.709625 0.390969 0.0349998 0.0707021
1 0.261742 0.467201 0.040377 0.0790568
1 0.746905 0.466364 0.0323021 0.0706675
1 0.802222 0.629472 0.0455334 0.0916187
1 0.372938 0.619185 0.0471194 0.0834982
1 0.773793 0.393614 0.0378138 0.074946
0 0.510867 0.748334 0.046701 0.0881258
1 0.405179 0.621053 0.0411217 0.079652
1 0.727352 0.626198 0.0413523 0.0817752
1 0.505873 0.62349 0.0377744 0.0885904
1 0.519414 0.467225 0.0333811 0.0742544
1 0.188351 0.61772 0.0443269 0.081702
1 0.303351 0.617282 0.0410954 0.0727875
0 0.470566 0.74525 0.0425741 0.086111
1 0.646286 0.388781 0.0311399 0.0707885
1 0.81451 0.467141 0.0360542 0.0695907
1 0.838275 0.626685 0.0413431 0.0900464
1 0.177058 0.461947 0.0376506 0.0794033
1 0.154579 0.617713 0.0461463 0.0829723
1 0.77947 0.463671 0.0402772 0.0734614
1 0.439601 0.620845 0.0403164 0.0812893
1 0.613669 0.391368 0.0349985 0.0643439
1 0.466243 0.395706 0.0338494 0.0629494
1 0.471319 0.621448 0.0367353 0.0825954
1 0.590338 0.283116 0.03025 0.0600935
1 0.48167 0.289301 0.0290222 0.0616116
1 0.253359 0.622203 0.0419986 0.0758804
1 0.235341 0.289007 0.0367667 0.0606746
1 0.198144 0.400139 0.0425985 0.0608422
1 0.876238 0.623036 0.0509205 0.089948
1 0.679748 0.393898 0.0305294 0.073978
1 0.351729 0.400894 0.034396 0.0592072
1 0.430651 0.291177 0.0254532 0.0621547
1 0.456478 0.468838 0.0306815 0.0743803
1 0.80572 0.390579 0.0343857 0.0684363
1 0.614888 0.466281 0.0278473 0.0717227
1 0.522068 0.394361 0.0312172 0.0624801
1 0.220678 0.616365 0.0432184 0.0798588
1 0.712608 0.465461 0.0359663 0.067942
1 0.23216 0.462193 0.0408285 0.0846977
1 0.43562 0.395557 0.0337965 0.0598053
1 0.583251 0.395132 0.0301382 0.06241
1 0.64315 0.281366 0.0267933 0.0571336
1 0.681406 0.46638 0.0325285 0.0730827
1 0.336844 0.468818 0.0307241 0.0856233
1 0.285929 0.291144 0.0354588 0.0675087
1 0.377956 0.288959 0.0335312 0.0642022
1 0.533586 0.286445 0.025821 0.058828
1 0.554121 0.39493 0.0292727 0.0673188
1 0.123644 0.615938 0.0484882 0.0842484
1 0.405209 0.29142 0.0275496 0.059398
1 0.29049 0.466016 0.0368251 0.0790245
1 0.70036 0.279518 0.0268635 0.0526043
1 0.506635 0.287186 0.0254938 0.0537678
1 0.730665 0.280508 0.030109 0.0596066
1 0.25987 0.290632 0.0361107 0.0658927
1 0.838322 0.392356 0.0360943 0.0669016
1 0.281477 0.399799 0.0388149 0.0613316
1 0.205993 0.461399 0.042695 0.0826984
1 0.561323 0.283581 0.0257557 0.0572439
1 0.252041 0.400882 0.0389761 0.0636806
1 0.551835 0.465469 0.0275568 0.0704063
1 0.760608 0.27771 0.0270724 0.0656255
1 0.335245 0.290891 0.0339824 0.0627672
1 0.455424 0.28931 0.0265953 0.0640962
1 0.619487 0.282558 0.0236389 0.0616147
