1 0.336182 0.617821 0.0431444 0.0735006
1 0.582223 0.619303 0.0381542 0.0773242
1 0.509727 0.619221 0.0419049 0.0783142
1 0.336429 0.288102 0.037613 0.0610122
1 0.708075 0.388971 0.0363624 0.0639033
1 0.715315 0.463858 0.03678 0.0713399
1 0.738485 0.3896 0.0383403 0.0650258
1 0.253994 0.618584 0.0422549 0.0725494
1 0.366951 0.618593 0.0401212 0.0743439
1 0.438279 0.619803 0.041911 0.0770423
1 0.135604 0.740149 0.0522968 0.0773499
1 0.807585 0.387794 0.0376403 0.0648606
1 0.553425 0.389746 0.0325039 0.0647399
1 0.616417 0.38961 0.0344151 0.0635829
1 0.210639 0.739597 0.0469434 0.0771578
1 0.303697 0.61734 0.0407744 0.0712376
1 0.544587 0.619129 0.0364455 0.0770269
1 0.842986 0.623789 0.0442191 0.085407
1 0.510253 0.744373 0.0458316 0.0762192
1 0.62263 0.619245 0.0326314 0.0789084
1 0.691258 0.62218 0.0383673 0.0858764
1 0.406321 0.619481 0.0411924 0.0763975
1 0.657682 0.621126 0.0397524 0.0829021
