1 0.439767 0.622219 0.0387186 0.0782595
1 0.743714 0.393973 0.0351572 0.0674755
1 0.21845 0.620346 0.0427706 0.0725567
1 0.336881 0.621698 0.0430855 0.0713791
1 0.614647 0.625192 0.0368057 0.0775007
1 0.187235 0.619366 0.0449304 0.0739982
1 0.496684 0.397351 0.0295039 0.0616832
1 0.618128 0.397755 0.030984 0.0601978
1 0.40086 0.289448 0.0267102 0.0558465
1 0.490554 0.467648 0.0368475 0.0719589
1 0.336326 0.291029 0.0320282 0.058081
1 0.252971 0.407363 0.0328882 0.056931
1 0.466722 0.397495 0.0319847 0.0612724
1 0.158061 0.618652 0.0455058 0.074803
1 0.710329 0.394653 0.0387072 0.0658444
1 0.280851 0.40761 0.0352322 0.0572066
1 0.135993 0.740749 0.0521808 0.0805465
1 0.54201 0.624839 0.0339446 0.0760826
1 0.371676 0.621486 0.036496 0.0724452
1 0.310957 0.408043 0.0406355 0.057106
1 0.253923 0.621631 0.0395187 0.0702559
1 0.615417 0.469054 0.0336907 0.0687441
1 0.310904 0.29089 0.0344573 0.058216
1 0.405705 0.621536 0.0394117 0.076353
1 0.303936 0.621958 0.0371849 0.0696464
1 0.584179 0.398004 0.0330565 0.0595497
1 0.375573 0.29002 0.0268735 0.0566604
1 0.677517 0.3951 0.0310237 0.0649401
1 0.560861 0.286139 0.0315324 0.0552034
1 0.381163 0.405308 0.032322 0.0561194
1 0.714738 0.46948 0.0349772 0.070552
1 0.533632 0.28644 0.0311053 0.0560696
1 0.81619 0.466844 0.0373759 0.0760725
1 0.233749 0.289838 0.0376141 0.0575237
