1 0.259779 0.741801 0.052507 0.0788562
1 0.33907 0.290836 0.0351625 0.0631417
1 0.375878 0.289574 0.0303158 0.0608278
1 0.616568 0.394497 0.0331316 0.0622464
1 0.336152 0.620243 0.0437063 0.0768485
1 0.713792 0.468247 0.0371764 0.0722396
1 0.401688 0.289358 0.0294121 0.059603
1 0.777696 0.393127 0.0365829 0.0644129
1 0.188698 0.619086 0.044297 0.0771816
1 0.583686 0.395623 0.0325822 0.059343
1 0.352752 0.406174 0.0332303 0.0565041
1 0.708885 0.393395 0.0375076 0.0679358
1 0.817962 0.46446 0.0368208 0.0726846
1 0.157551 0.6188 0.0474118 0.0768004
1 0.403024 0.621087 0.0382365 0.0777875
1 0.461916 0.397566 0.0339372 0.057285
1 0.616194 0.621833 0.0385392 0.0822396
1 0.579167 0.62203 0.0349988 0.0798207
1 0.137684 0.741059 0.0494779 0.0773431
1 0.434876 0.621325 0.0437952 0.0781523
1 0.510406 0.622357 0.0406076 0.0791792
1 0.782953 0.465875 0.038662 0.0718302
1 0.36809 0.621199 0.041057 0.0793094
1 0.544125 0.6227 0.0349514 0.0795209
1 0.21905 0.61942 0.0421544 0.0773217
1 0.53328 0.287151 0.0300671 0.056548
1 0.304335 0.620336 0.0396979 0.0741121
1 0.492865 0.397657 0.0333615 0.0581583
1 0.478945 0.288507 0.0306854 0.0574518
1 0.615263 0.467022 0.0346811 0.0687908
1 0.284369 0.291331 0.0374536 0.0631151
