1 0.25999 0.738171 0.0514165 0.0850269
1 0.438955 0.623073 0.0396204 0.076478
1 0.336283 0.620092 0.0438767 0.0757164
1 0.337673 0.290318 0.0342268 0.0584485
1 0.507229 0.287064 0.031755 0.0552081
1 0.453563 0.288011 0.0294094 0.0559694
1 0.542934 0.621321 0.0369573 0.0784536
1 0.1879 0.618486 0.0471987 0.0763798
1 0.496892 0.39983 0.0289862 0.0575544
1 0.401471 0.289354 0.0277804 0.0561349
1 0.839043 0.393 0.0364197 0.0661859
1 0.713764 0.468109 0.0371212 0.0714109
1 0.304801 0.620293 0.0408924 0.0735462
1 0.742713 0.394756 0.0357873 0.0643057
1 0.814684 0.465748 0.0394645 0.0722571
1 0.427971 0.288688 0.0284352 0.05595
1 0.779888 0.466367 0.0383842 0.071456
1 0.618572 0.396571 0.030758 0.0606089
1 0.507968 0.621454 0.0396511 0.0782374
1 0.554153 0.397282 0.0309484 0.0594603
1 0.510622 0.747292 0.0439112 0.0751925
1 0.615124 0.622992 0.0389004 0.0820578
1 0.534579 0.28663 0.0308506 0.0531818
1 0.279784 0.405902 0.0372664 0.0589766
1 0.616727 0.467815 0.0342477 0.070043
1 0.370496 0.620535 0.0409126 0.0764091
1 0.466633 0.399612 0.03188 0.0585376
1 0.406432 0.621945 0.0399325 0.0761212
1 0.584901 0.396188 0.0326483 0.0602913
1 0.236111 0.288614 0.0367069 0.0599602
1 0.310484 0.405459 0.039913 0.0587206
1 0.479339 0.287643 0.0296992 0.0557533
1 0.261382 0.288998 0.03496 0.0583262
1 0.285416 0.289322 0.0343258 0.0581429
1 0.578679 0.622006 0.0355039 0.0793154
1 0.254667 0.620034 0.0412353 0.0738141
1 0.472966 0.623091 0.0347165 0.0778981
1 0.37657 0.29001 0.0282052 0.0569068
1 0.366882 0.468004 0.0357959 0.0727705
1 0.220066 0.618933 0.0430338 0.0762744
1 0.679814 0.468268 0.0325939 0.0708547
1 0.522084 0.467833 0.0291273 0.0701114
1 0.338567 0.468755 0.036218 0.0741151
1 0.583106 0.467365 0.033974 0.0702004
1 0.156586 0.618346 0.0482678 0.0745086
1 0.561745 0.286413 0.0284935 0.0519122
1 0.708769 0.395447 0.0374385 0.0627366
1 0.646256 0.284666 0.0281635 0.0546223
1 0.745844 0.467516 0.0338325 0.0721932
