1 0.496355 0.395909 0.0285732 0.0628005
1 0.615151 0.391705 0.035447 0.0675654
1 0.337223 0.619773 0.0443116 0.0741754
1 0.401843 0.288447 0.0293546 0.0571896
1 0.370099 0.620116 0.0403166 0.074587
1 0.439785 0.622578 0.0393564 0.0765694
1 0.136331 0.741614 0.0514243 0.07796
1 0.428369 0.288427 0.0296465 0.0569062
1 0.712866 0.467458 0.0365193 0.0682098
1 0.187819 0.619617 0.0451428 0.0748784
1 0.61384 0.623443 0.0397054 0.0798832
1 0.260213 0.288995 0.0368923 0.0597144
1 0.473428 0.622835 0.0311629 0.0768362
1 0.467052 0.396568 0.0315714 0.0608883
1 0.310849 0.28903 0.0354934 0.0574409
1 0.521734 0.468156 0.0299318 0.0720147
1 0.218963 0.619979 0.0431527 0.0731825
1 0.256445 0.620077 0.0423431 0.072629
1 0.284829 0.288966 0.0354176 0.0587708
1 0.646992 0.467123 0.0305002 0.0716812
1 0.554001 0.393978 0.0321607 0.0637465
1 0.708766 0.395158 0.0375338 0.0661907
1 0.742139 0.39534 0.0343407 0.0663729
1 0.539872 0.62326 0.0381845 0.0790208
1 0.480888 0.287188 0.0309658 0.0557431
1 0.533308 0.285089 0.0308667 0.0548558
1 0.156605 0.618927 0.0495182 0.0758335
1 0.454115 0.288079 0.0297707 0.0562584
1 0.36582 0.467531 0.0368755 0.0753179
1 0.407131 0.399607 0.0318205 0.0566932
1 0.407334 0.621197 0.0422451 0.0773706
1 0.332454 0.289815 0.0299886 0.0564917
1 0.507617 0.285967 0.0297858 0.054841
1 0.30452 0.61995 0.0425849 0.0719789
1 0.780612 0.466755 0.0351426 0.0697872
1 0.506269 0.622262 0.0390246 0.0786546
1 0.352708 0.405576 0.0330253 0.0581193
1 0.489972 0.467791 0.0360748 0.0719502
1 0.677816 0.394605 0.0315927 0.0658137
1 0.615948 0.466847 0.0338202 0.0713965
1 0.700584 0.285352 0.0268481 0.0534004
1 0.379317 0.405074 0.0327487 0.0583327
1 0.560806 0.284725 0.0309643 0.0543694
1 0.644699 0.284257 0.0299133 0.054935
1 0.458638 0.467078 0.035802 0.0726033
1 0.582542 0.467297 0.034233 0.0709966
1 0.43766 0.398099 0.0322515 0.0583145
