0 0.137922 0.738379 0.0550675 0.0861071
0 0.336865 0.616087 0.0402678 0.0780922
0 0.779191 0.462565 0.0389954 0.0731446
0 0.257557 0.737487 0.0537042 0.0879227
0 0.77337 0.390853 0.0381512 0.076055
0 0.372165 0.619665 0.0497948 0.0855353
0 0.312494 0.402144 0.0377868 0.0630746
0 0.299038 0.735079 0.0532975 0.081553
0 0.489496 0.46837 0.0320622 0.0744988
0 0.218433 0.615605 0.0421092 0.0802345
0 0.374841 0.400267 0.0362541 0.0620725
0 0.0952138 0.736972 0.0561059 0.0840081
0 0.289697 0.464787 0.0366373 0.0801512
0 0.259439 0.288762 0.036038 0.0649149
0 0.204298 0.461099 0.0448536 0.0815769
0 0.532658 0.284224 0.0263947 0.0573094
0 0.746908 0.464238 0.03331 0.0723132
0 0.367041 0.465304 0.0424647 0.0829288
0 0.386283 0.745976 0.0528072 0.0842602
0 0.542053 0.620159 0.0372625 0.0824729
0 0.764381 0.624685 0.0408827 0.0899797
0 0.394564 0.468646 0.0367481 0.0771414
0 0.815535 0.271796 0.0362686 0.061156
0 0.175837 0.738802 0.0592481 0.0893803
0 0.335957 0.467953 0.0316929 0.0843487
0 0.252491 0.620837 0.0425406 0.0769603
0 0.217687 0.735883 0.05471 0.0922459
0 0.812535 0.464204 0.0353216 0.0686156
0 0.223582 0.399127 0.0410543 0.0629959
0 0.5784 0.620645 0.036235 0.0847492
0 0.197591 0.399616 0.0428802 0.0593583
0 0.61372 0.390569 0.0346775 0.06448
0 0.435555 0.395217 0.0343138 0.0601811
0 0.427625 0.463166 0.0371372 0.0838919
0 0.709857 0.387979 0.0363371 0.0719039
0 0.838346 0.623423 0.0413933 0.0894775
0 0.646725 0.387619 0.0308488 0.0704993
0 0.643115 0.280366 0.0259291 0.0555526
0 0.469941 0.743215 0.0411596 0.0829197
0 0.344099 0.738202 0.052224 0.0792055
0 0.875085 0.620252 0.0490192 0.0885118
0 0.689222 0.626716 0.0413755 0.0861756
0 0.553718 0.39259 0.0298447 0.0692318
0 0.470737 0.620162 0.0356838 0.0805338
0 0.848312 0.457771 0.041676 0.075663
0 0.465742 0.394654 0.0335884 0.0629907
0 0.730232 0.278249 0.0300419 0.0575017
0 0.74038 0.388877 0.0324148 0.0700746
0 0.727328 0.623877 0.0419672 0.081208
0 0.187601 0.618085 0.0464003 0.0790456
0 0.0587876 0.733287 0.0553374 0.0748392
0 0.301877 0.617418 0.0399978 0.0728996
0 0.519695 0.466145 0.0336933 0.0730894
0 0.712018 0.464663 0.0358555 0.0679853
0 0.455449 0.468579 0.0308212 0.0756393
0 0.404226 0.619393 0.0411647 0.0805157
0 0.428745 0.742282 0.0486959 0.0834597
0 0.647241 0.463554 0.0311055 0.0724839
0 0.23479 0.287086 0.0364186 0.061925
0 0.510387 0.74677 0.0463356 0.0859045
0 0.43882 0.620494 0.0413885 0.0801127
0 0.505634 0.624147 0.037025 0.0885944
0 0.312206 0.287612 0.0370907 0.0656167
0 0.231709 0.457953 0.0396878 0.0875921
0 0.408235 0.394832 0.03366 0.0598319
0 0.28525 0.28895 0.0337953 0.0665636
0 0.260976 0.466147 0.0396366 0.0798206
0 0.151624 0.617369 0.0464661 0.0797218
0 0.582948 0.464931 0.0308922 0.0717904
0 0.805556 0.388207 0.0332817 0.0724159
0 0.679663 0.392241 0.0308103 0.073814
0 0.650979 0.624059 0.0367971 0.0825126
0 0.802467 0.627058 0.0449704 0.0930638
0 0.614836 0.620103 0.0357174 0.0825428
0 0.249686 0.400693 0.0380677 0.0640701
0 0.787636 0.274856 0.0306761 0.0537759
0 0.280363 0.399901 0.0392315 0.0598343
0 0.61428 0.465141 0.0287687 0.0713492
0 0.838057 0.389792 0.0370804 0.06649
0 0.122449 0.614145 0.0444165 0.0849606
0 0.760897 0.275705 0.0283764 0.0632158
0 0.505866 0.285209 0.0262618 0.0550781
0 0.589925 0.281686 0.0287398 0.0587625
0 0.335213 0.288491 0.0334271 0.0617444
0 0.673354 0.279565 0.0286973 0.0550475
0 0.560784 0.281112 0.0254354 0.054285
0 0.429459 0.2884 0.026172 0.0637851
0 0.350025 0.40051 0.0360283 0.0601261
0 0.680979 0.465266 0.0311605 0.0698422
0 0.521773 0.39408 0.0310402 0.0619373
0 0.37804 0.286108 0.0317093 0.0641071
0 0.175809 0.45881 0.0372391 0.0778044
0 0.404104 0.287924 0.0272511 0.0593196
0 0.495808 0.394149 0.0323746 0.0616806
0 0.455296 0.28708 0.0260613 0.0644954
0 0.48018 0.286946 0.0284342 0.0603546
0 0.618587 0.281202 0.0246624 0.0595329
0 0.582843 0.395237 0.029908 0.0594182
0 0.701206 0.278595 0.0259136 0.0517606
0 0.552051 0.46418 0.0257432 0.0701883
