0 0.137997 0.738031 0.0541537 0.0836323
0 0.837475 0.623502 0.0403938 0.0896296
0 0.773004 0.391391 0.0380095 0.0755425
0 0.258039 0.736278 0.0533036 0.0876883
0 0.370389 0.620491 0.0491076 0.0863441
1 0.746143 0.465758 0.0324097 0.0717985
1 0.310963 0.289149 0.036662 0.0654177
0 0.405321 0.620972 0.0413633 0.0792352
0 0.0954346 0.736419 0.0564764 0.0834949
0 0.218672 0.73742 0.0554728 0.0902708
0 0.8131 0.465691 0.0348004 0.0675093
0 0.682079 0.465552 0.030104 0.0702045
0 0.387144 0.744276 0.051555 0.0810434
0 0.280067 0.400508 0.0409623 0.0611997
0 0.176841 0.738796 0.058211 0.086158
1 0.465758 0.39604 0.0345504 0.0640711
0 0.299069 0.733179 0.0507881 0.078904
0 0.615287 0.618113 0.0352354 0.0845051
1 0.336158 0.616452 0.0399286 0.0785349
1 0.291212 0.465755 0.0393857 0.0812284
1 0.350813 0.401074 0.0364156 0.058545
0 0.689818 0.628218 0.0399076 0.0865194
0 0.542138 0.621728 0.0369894 0.0815241
0 0.312573 0.402973 0.0374273 0.0621008
0 0.763763 0.625133 0.0412395 0.089854
0 0.259795 0.290254 0.0344355 0.0641032
0 0.848109 0.458643 0.0416309 0.0749599
0 0.428882 0.741778 0.0494526 0.0813667
0 0.578978 0.621876 0.0371197 0.0865454
0 0.70985 0.389645 0.0363796 0.0732063
0 0.25276 0.621155 0.0419876 0.0770082
0 0.712272 0.465302 0.0356937 0.0668273
1 0.61335 0.391477 0.0352034 0.0644188
1 0.222383 0.400071 0.0410394 0.0618725
0 0.439994 0.621622 0.0414749 0.079055
1 0.801802 0.627399 0.0443406 0.0945325
1 0.20199 0.461086 0.0443107 0.0794403
0 0.47008 0.742761 0.0430619 0.0834635
0 0.726984 0.624033 0.0418858 0.0816895
0 0.815829 0.274245 0.0357491 0.0615705
0 0.335365 0.290059 0.0346625 0.0629927
0 0.367923 0.467603 0.0403432 0.0797411
0 0.643504 0.281479 0.0255205 0.0550263
1 0.190308 0.618316 0.0442421 0.0803728
0 0.302638 0.61676 0.0391257 0.0717268
0 0.740344 0.38989 0.0323688 0.0707043
1 0.651287 0.623461 0.0363521 0.0818424
1 0.470569 0.6205 0.0364652 0.0827181
1 0.344434 0.738853 0.0541842 0.0794579
1 0.377437 0.286857 0.0338594 0.0615874
0 0.505601 0.624423 0.0372765 0.0888809
0 0.837796 0.39081 0.0373316 0.067575
0 0.779696 0.462904 0.0391289 0.0732704
0 0.519729 0.467297 0.032678 0.0717341
0 0.395239 0.468307 0.0366124 0.0768909
0 0.646606 0.389253 0.0311522 0.0707005
0 0.0596908 0.732473 0.0537099 0.0754524
0 0.583698 0.465795 0.0312298 0.0711592
0 0.787541 0.276389 0.0311546 0.0538731
0 0.435879 0.396218 0.0344927 0.0599366
0 0.679405 0.39347 0.031489 0.0747009
0 0.731318 0.279762 0.0294664 0.0580971
1 0.457482 0.469541 0.0305208 0.0753979
0 0.582844 0.396387 0.0299928 0.0596892
1 0.560023 0.282616 0.0257027 0.0552912
0 0.510583 0.747018 0.0464136 0.0868044
0 0.285101 0.289951 0.0340498 0.0659605
0 0.532253 0.285208 0.0262563 0.056331
0 0.805228 0.389192 0.0333447 0.0722369
0 0.490695 0.468435 0.0304104 0.0736383
0 0.374874 0.401323 0.0367687 0.0625302
0 0.61415 0.465974 0.0294878 0.0709227
0 0.236161 0.287896 0.0346674 0.0613349
0 0.67253 0.280512 0.0282063 0.0526126
0 0.404042 0.28986 0.0273798 0.0589496
0 0.26155 0.465912 0.0417442 0.0797185
0 0.156812 0.617571 0.04326 0.0789629
1 0.408313 0.396086 0.0331988 0.0566596
0 0.335298 0.468714 0.0298505 0.0852379
0 0.219779 0.617807 0.0401834 0.0776609
0 0.248975 0.401188 0.0394969 0.0635368
0 0.761212 0.278423 0.028352 0.062991
1 0.481227 0.288504 0.0283291 0.0601822
1 0.701612 0.278942 0.0270611 0.0519336
0 0.588873 0.282566 0.0295731 0.0583129
1 0.646999 0.463603 0.0312835 0.0722168
1 0.872906 0.620312 0.0483067 0.0881689
0 0.455216 0.288429 0.0270639 0.063081
1 0.428948 0.463317 0.0391018 0.0848112
1 0.230533 0.458178 0.0409361 0.0855592
1 0.520836 0.394648 0.0312624 0.0628683
0 0.553518 0.393715 0.0299802 0.0708683
1 0.126042 0.615164 0.0438055 0.0817139
0 0.61846 0.281883 0.0255097 0.0591675
0 0.42959 0.289565 0.0264587 0.0633465
0 0.496292 0.394939 0.0314337 0.0626586
0 0.174628 0.45954 0.0348311 0.0771629
1 0.505824 0.286173 0.0255486 0.0538156
1 0.552701 0.465688 0.0260336 0.070359
0 0.19725 0.400993 0.0400299 0.0582537
