0 0.258499 0.73791 0.0531115 0.0862858
0 0.3863 0.74648 0.0510108 0.0839161
1 0.314821 0.40292 0.0382421 0.0618313
1 0.394714 0.466785 0.0384567 0.0817554
1 0.428211 0.74184 0.0498749 0.0806355
1 0.136887 0.738981 0.0571858 0.0841717
1 0.219922 0.616587 0.0416296 0.0787977
1 0.375858 0.400528 0.0367731 0.0622447
1 0.496824 0.394802 0.0323416 0.0623253
1 0.282566 0.401451 0.0394717 0.0627686
1 0.095039 0.738792 0.0545977 0.0827049
0 0.21925 0.737566 0.0542311 0.088654
0 0.344224 0.739143 0.0524948 0.0781027
1 0.850217 0.46074 0.0431335 0.0753503
1 0.711749 0.391062 0.0371027 0.0728951
1 0.298702 0.736053 0.0523132 0.0808287
1 0.154712 0.617011 0.0435632 0.0804647
1 0.177152 0.740296 0.05869 0.0901096
1 0.253418 0.621311 0.0423098 0.073835
0 0.0576082 0.736127 0.0527372 0.0768408
1 0.285987 0.291676 0.0357883 0.0677764
1 0.743222 0.391281 0.0327845 0.0718728
1 0.338379 0.615405 0.0403553 0.0779549
1 0.303502 0.616781 0.0411078 0.0709523
1 0.764191 0.626774 0.0416767 0.0898774
1 0.312095 0.290332 0.0369252 0.0679544
1 0.615121 0.62253 0.0354599 0.0836625
1 0.542791 0.622774 0.0366571 0.0812654
1 0.690163 0.62756 0.0380566 0.08335
1 0.405452 0.62045 0.0418765 0.0820774
1 0.727393 0.626315 0.0419899 0.083313
1 0.187331 0.617989 0.0444995 0.0805964
1 0.372323 0.619023 0.0480794 0.0845573
1 0.289563 0.4662 0.0370453 0.0797358
1 0.480927 0.290098 0.0296119 0.0678117
1 0.467061 0.396812 0.0350657 0.0664479
1 0.647001 0.39044 0.029849 0.0696094
1 0.837951 0.626211 0.0428255 0.0920099
1 0.7472 0.466822 0.0332703 0.071287
1 0.712657 0.466889 0.0362934 0.0695156
0 0.470325 0.744951 0.0453892 0.0855255
1 0.365979 0.466006 0.0410337 0.0849493
1 0.817137 0.275347 0.036294 0.0637206
1 0.801812 0.628665 0.0454222 0.0933152
1 0.672511 0.280414 0.0272779 0.0524423
1 0.4568 0.469714 0.0329846 0.0768895
1 0.260254 0.291705 0.0350755 0.0655048
1 0.579109 0.623058 0.0374535 0.0834407
1 0.489201 0.469011 0.0330576 0.0729507
1 0.205004 0.461509 0.041584 0.0817031
1 0.646321 0.46437 0.0307878 0.0706894
1 0.730484 0.278927 0.030883 0.0582307
1 0.838874 0.391133 0.0374809 0.0671611
1 0.80696 0.390959 0.032143 0.0696378
1 0.590774 0.282986 0.0290273 0.0579758
1 0.260907 0.466945 0.040993 0.079396
1 0.349823 0.401682 0.035623 0.0585264
1 0.336166 0.467398 0.0306173 0.085281
1 0.644062 0.28139 0.026508 0.0574516
1 0.614834 0.391503 0.0334713 0.063508
1 0.510422 0.748888 0.0459133 0.0863844
1 0.652857 0.624717 0.0383526 0.0862752
1 0.781401 0.464669 0.0397427 0.0756641
1 0.440845 0.622998 0.0417878 0.084552
1 0.33772 0.289592 0.0326696 0.0661203
1 0.251428 0.401863 0.0400992 0.0669918
1 0.760736 0.277622 0.0295332 0.0622765
1 0.232455 0.461049 0.0410884 0.0826826
1 0.473017 0.62253 0.0372213 0.0823441
1 0.377054 0.288165 0.0350325 0.0649577
1 0.427139 0.464832 0.0373377 0.0823587
1 0.584709 0.465542 0.0296822 0.071422
1 0.68056 0.466325 0.0317377 0.070717
1 0.507061 0.625174 0.0367567 0.0875517
1 0.615371 0.465006 0.0276144 0.0703352
1 0.700978 0.279579 0.0273226 0.0507193
1 0.176457 0.461589 0.0382221 0.0802098
1 0.562495 0.284232 0.0264313 0.0580524
1 0.875642 0.624455 0.0493259 0.0891651
1 0.680432 0.393353 0.0322225 0.0740699
1 0.775259 0.392677 0.0379548 0.0750934
1 0.43679 0.396453 0.0336176 0.0587476
1 0.123351 0.61432 0.0485872 0.08437
1 0.814698 0.46631 0.034621 0.0679852
1 0.409217 0.395865 0.0336142 0.0575368
1 0.787847 0.276375 0.0322499 0.0570937
1 0.234925 0.289287 0.0354795 0.0580564
1 0.224306 0.400134 0.0404595 0.0643123
1 0.554964 0.466675 0.0265482 0.0714816
1 0.552619 0.394644 0.0284027 0.0676006
1 0.532825 0.286577 0.026287 0.0562118
1 0.506566 0.287911 0.0257734 0.0564281
1 0.454443 0.289377 0.0270403 0.0675261
1 0.197653 0.400972 0.043029 0.0615076
1 0.428789 0.290598 0.0257269 0.0640351
1 0.583043 0.396215 0.0297913 0.0591719
1 0.522408 0.39593 0.0303653 0.0621452
1 0.403222 0.290382 0.0271405 0.0613029
1 0.618495 0.281469 0.0246162 0.0594378
1 0.521506 0.466771 0.0331121 0.0710271
0 0.0252891 0.734657 0.0480795 0.0728853
