0 0.137646 0.739066 0.0536736 0.0851751
0 0.257936 0.737722 0.053698 0.0883531
0 0.772632 0.392332 0.0377423 0.0742681
0 0.0949876 0.736963 0.0558365 0.0851688
0 0.336703 0.615997 0.0414288 0.0763744
0 0.372891 0.620376 0.04872 0.0832788
0 0.375817 0.400697 0.0363563 0.0607106
0 0.778655 0.46346 0.0382722 0.0721081
0 0.299337 0.7345 0.0532647 0.0806193
0 0.489269 0.468846 0.0316916 0.0738935
0 0.176266 0.73918 0.0588137 0.0883236
0 0.386775 0.745855 0.0507041 0.0826716
0 0.290127 0.465695 0.0374205 0.0814161
0 0.313086 0.403466 0.0377312 0.0621913
0 0.217746 0.736759 0.0558607 0.0943968
0 0.204442 0.462949 0.0438561 0.0809135
0 0.763619 0.625775 0.0411957 0.0908768
0 0.578874 0.622329 0.0368362 0.0859554
0 0.42772 0.46373 0.0365835 0.0833697
0 0.344302 0.738763 0.0529147 0.0788376
0 0.21877 0.616153 0.0425162 0.0796801
0 0.745885 0.465861 0.0332254 0.0710064
0 0.187704 0.619336 0.0460413 0.0787866
0 0.837704 0.623365 0.041893 0.0890726
0 0.223983 0.40065 0.0406791 0.0639086
0 0.812721 0.464917 0.0361589 0.0676018
0 0.646335 0.389631 0.0302298 0.0690534
0 0.726854 0.624231 0.0417606 0.0821747
0 0.61371 0.390561 0.0348696 0.0660387
0 0.259847 0.290324 0.0348586 0.0656086
0 0.518951 0.466958 0.03353 0.0722494
0 0.689004 0.627028 0.0415768 0.0853304
0 0.198561 0.401343 0.0411263 0.0590669
0 0.709513 0.390298 0.0355148 0.0710024
0 0.553641 0.393577 0.0293655 0.0685763
0 0.404985 0.620762 0.041111 0.0778729
0 0.252838 0.621476 0.04333 0.0777697
0 0.643844 0.281981 0.0262777 0.0559916
0 0.506376 0.623766 0.0371223 0.0869332
0 0.471353 0.621168 0.0361778 0.0812922
0 0.510897 0.748185 0.0476536 0.0869131
0 0.614921 0.621281 0.0348501 0.0819839
0 0.542139 0.620785 0.0362421 0.0798302
0 0.436712 0.396084 0.0341621 0.0584639
0 0.335563 0.468568 0.0322762 0.0866678
0 0.650671 0.624158 0.0369257 0.0803547
0 0.439818 0.621156 0.0406397 0.0789467
0 0.711578 0.465505 0.0353509 0.0670853
0 0.582812 0.466773 0.0305159 0.0702933
0 0.582459 0.396145 0.0300344 0.0624042
0 0.455852 0.469154 0.0307518 0.0754353
0 0.801848 0.627751 0.0450651 0.0941282
0 0.730921 0.28103 0.0305511 0.0603771
0 0.837472 0.390547 0.0375061 0.0672845
0 0.848977 0.458696 0.0433569 0.0760069
0 0.408314 0.39624 0.0336392 0.0583209
0 0.235074 0.288387 0.0361817 0.0626525
0 0.260976 0.466902 0.0406147 0.0810491
0 0.176424 0.461283 0.0386051 0.0771608
0 0.231976 0.459452 0.0391786 0.0878211
0 0.740167 0.390448 0.0329479 0.0696613
0 0.787854 0.27702 0.0323715 0.0554747
0 0.465836 0.395052 0.0340206 0.0636432
0 0.429553 0.741237 0.0492501 0.080937
0 0.367651 0.46606 0.0426573 0.0835085
0 0.495805 0.395856 0.0323073 0.0607004
0 0.470985 0.745493 0.0426053 0.0860744
0 0.395352 0.468669 0.0375261 0.0785551
0 0.646981 0.465127 0.0308205 0.0715294
0 0.377156 0.287438 0.0335569 0.0655822
0 0.680569 0.466307 0.0310682 0.0709197
0 0.533537 0.284974 0.0267673 0.0570416
0 0.284783 0.290088 0.0334306 0.0670209
0 0.311158 0.288979 0.0371613 0.0666153
0 0.0596736 0.735123 0.0547795 0.078348
0 0.281586 0.400539 0.039566 0.0595239
0 0.874737 0.621324 0.0493151 0.0883567
0 0.80499 0.389816 0.0344307 0.0712217
0 0.67888 0.393425 0.0316853 0.0711488
0 0.302655 0.618143 0.0398464 0.0695963
0 0.614001 0.466312 0.0297297 0.0700867
0 0.589374 0.282579 0.0282215 0.0590699
0 0.121076 0.615358 0.0470996 0.084408
0 0.251119 0.400726 0.0383971 0.0635544
0 0.561198 0.282374 0.0251329 0.0557084
0 0.760766 0.279469 0.0286655 0.0620307
0 0.480654 0.288039 0.0283118 0.0594685
0 0.617819 0.282145 0.0258497 0.0586004
0 0.522073 0.394931 0.0310371 0.0614506
0 0.455021 0.288049 0.0267348 0.0628972
0 0.67252 0.281529 0.0276308 0.0540831
0 0.151597 0.61826 0.0464363 0.0799969
0 0.404424 0.2894 0.0275194 0.0584146
0 0.506319 0.285978 0.0258886 0.0541531
0 0.334657 0.290131 0.0349831 0.0643095
0 0.429772 0.289627 0.0263213 0.0623188
0 0.551552 0.466299 0.0273159 0.0707544
0 0.70039 0.280849 0.0284477 0.0528961
0 0.350055 0.401183 0.035843 0.0578089
0 0.817397 0.273852 0.0386032 0.0622515
