1 0.22036 0.616998 0.0424127 0.0785974
1 0.253654 0.62106 0.0424139 0.0763762
0 0.137223 0.73751 0.0509039 0.0840625
0 0.345224 0.73679 0.0536648 0.0783165
1 0.18781 0.618145 0.0444283 0.0807734
0 0.428257 0.465114 0.0352402 0.0806231
1 0.376172 0.401204 0.0353656 0.0622307
1 0.152037 0.617656 0.0469394 0.0809942
0 0.220489 0.73643 0.0534889 0.090729
0 0.470009 0.742707 0.0417822 0.0836994
0 0.26007 0.289329 0.0357696 0.0653731
1 0.338466 0.616546 0.0397971 0.0775963
1 0.851798 0.45847 0.043251 0.0741642
0 0.224121 0.400893 0.041351 0.0625867
1 0.37289 0.619992 0.0481671 0.0853285
0 0.0959586 0.73585 0.0543145 0.0827072
1 0.259295 0.736515 0.0536068 0.0862003
0 0.772643 0.390709 0.0380758 0.077242
1 0.315417 0.403816 0.0398497 0.06177
1 0.439211 0.621715 0.0421526 0.0822834
0 0.672358 0.280958 0.0276167 0.0546954
0 0.763441 0.625532 0.0414017 0.0896437
1 0.614152 0.390747 0.0355463 0.0665017
0 0.28142 0.400908 0.0413447 0.0610143
1 0.579599 0.621303 0.0373674 0.0848217
1 0.800306 0.62847 0.0441904 0.094141
1 0.292742 0.466756 0.0360264 0.0763647
0 0.50963 0.746306 0.0456196 0.0867186
0 0.837978 0.390104 0.0375566 0.067589
1 0.30402 0.617002 0.0388668 0.0718449
0 0.739611 0.389012 0.032962 0.0712716
0 0.3526 0.400778 0.035087 0.0580248
1 0.405582 0.620973 0.0410189 0.0799816
0 0.285163 0.289878 0.0357569 0.0669516
1 0.505896 0.625283 0.0368214 0.088299
1 0.651989 0.623559 0.0354136 0.0825176
1 0.368461 0.466796 0.0415273 0.0838369
1 0.120374 0.615454 0.0470705 0.0828966
1 0.616568 0.619127 0.0348957 0.0847548
1 0.466426 0.396476 0.0333733 0.0629085
0 0.429729 0.740203 0.0467728 0.0808368
0 0.681546 0.464756 0.0304748 0.071895
0 0.804878 0.388502 0.0338657 0.0733541
1 0.394795 0.467062 0.0376966 0.0794559
0 0.709206 0.38887 0.0353172 0.0729227
1 0.77978 0.463534 0.0411713 0.0753893
1 0.54262 0.621952 0.0381506 0.0820875
1 0.814231 0.464573 0.0351801 0.0695946
0 0.532884 0.286298 0.0261599 0.057758
1 0.726966 0.623729 0.0409855 0.0810257
0 0.388485 0.743803 0.0509319 0.0830374
0 0.58298 0.396599 0.0305747 0.0603053
1 0.176319 0.740429 0.0616257 0.0894285
0 0.0615907 0.731594 0.0527728 0.0748257
1 0.816555 0.273685 0.0363035 0.061519
1 0.647489 0.463718 0.030297 0.0743893
1 0.409568 0.396394 0.0351516 0.0582911
1 0.700011 0.279234 0.0268555 0.0531515
0 0.560513 0.283344 0.0247181 0.0547205
1 0.31246 0.289464 0.0380101 0.0657343
1 0.83555 0.62535 0.0418007 0.0893948
1 0.712863 0.465101 0.0345093 0.068152
1 0.689498 0.626774 0.0403051 0.087465
1 0.456152 0.469369 0.0299599 0.0755231
0 0.729259 0.278879 0.0307819 0.0546568
0 0.64671 0.388654 0.0307338 0.0708033
0 0.300231 0.733317 0.0525991 0.0794924
1 0.378445 0.288311 0.0314003 0.0653288
1 0.206432 0.463011 0.0446851 0.0815987
0 0.454735 0.289385 0.0266012 0.0634297
1 0.614511 0.465869 0.0300955 0.0716714
0 0.250209 0.401467 0.0385555 0.0629983
0 0.678894 0.392873 0.0305489 0.0748165
1 0.582572 0.466289 0.0312836 0.0705349
1 0.875031 0.62268 0.0495171 0.0902331
1 0.47146 0.622918 0.0360278 0.0823366
1 0.489067 0.469346 0.032206 0.0735952
1 0.4043 0.290993 0.0260304 0.0621552
0 0.644214 0.28185 0.0253593 0.0566488
1 0.7463 0.465239 0.0329969 0.0710961
1 0.760669 0.277767 0.0284475 0.0618002
1 0.521446 0.396319 0.0313877 0.0629064
1 0.336447 0.469323 0.0298872 0.0844433
1 0.480723 0.289344 0.0287811 0.060125
0 0.55418 0.394539 0.0290916 0.0697483
1 0.337068 0.289848 0.0339916 0.0656456
0 0.437712 0.396102 0.0327751 0.0582147
1 0.235857 0.287985 0.0337845 0.0615861
1 0.234366 0.46354 0.0415614 0.0822933
1 0.263583 0.467889 0.0398739 0.0755186
1 0.787527 0.275894 0.0304105 0.0539036
0 0.429554 0.290474 0.0260769 0.0620657
1 0.198327 0.40224 0.042588 0.060888
0 0.505769 0.287057 0.0259336 0.0540233
0 0.589865 0.282521 0.0316628 0.0595262
1 0.518471 0.467043 0.0317904 0.0715374
1 0.175024 0.462072 0.0382913 0.0775473
1 0.620059 0.281919 0.0236959 0.058995
0 0.495897 0.396077 0.0316736 0.0594617
1 0.550948 0.466027 0.0280043 0.0695159
1 0.554391 0.39491 0.0287981 0.0692341
