0 0.137986 0.738982 0.0548881 0.0864555
0 0.257783 0.737311 0.053746 0.0872367
0 0.779612 0.463601 0.0391068 0.0725632
0 0.375936 0.402292 0.0358697 0.0605801
0 0.312844 0.404721 0.0375462 0.0614902
0 0.774117 0.392674 0.0380856 0.0752634
0 0.094277 0.737694 0.0567442 0.0859814
0 0.299708 0.734752 0.0530758 0.0805897
0 0.290056 0.46645 0.0374682 0.0810694
0 0.187946 0.619357 0.0456363 0.0794033
0 0.764695 0.625393 0.0409243 0.0891285
0 0.218701 0.737265 0.0554846 0.0926285
0 0.429821 0.742489 0.049185 0.0816984
0 0.61449 0.391122 0.0348316 0.0665431
0 0.489854 0.469467 0.0321883 0.0736553
1 0.471458 0.622612 0.0377663 0.0816992
0 0.177123 0.739287 0.0584125 0.0894406
0 0.643973 0.282825 0.0258572 0.0553383
0 0.260374 0.290619 0.0345884 0.0642406
0 0.373191 0.620787 0.0501842 0.0863489
0 0.727891 0.626485 0.0418728 0.0832754
1 0.405736 0.621571 0.0418008 0.0791645
0 0.338058 0.617012 0.0405732 0.0795309
0 0.542647 0.621733 0.0364197 0.0807447
0 0.533344 0.286261 0.0267596 0.0568725
0 0.336472 0.469167 0.0317237 0.0839038
0 0.813426 0.465851 0.0355855 0.0686139
0 0.579007 0.622923 0.0364281 0.0861986
0 0.681154 0.466693 0.0313035 0.0712697
0 0.506626 0.625282 0.0368082 0.0881798
0 0.520075 0.468056 0.0338846 0.0731764
0 0.747033 0.466443 0.0332655 0.0731492
0 0.788491 0.277165 0.0314813 0.05334
0 0.387157 0.746235 0.0515675 0.0831141
0 0.466215 0.397098 0.0340152 0.0631545
0 0.651423 0.625601 0.0367277 0.0816563
0 0.740988 0.391051 0.0328749 0.0697225
0 0.428159 0.464244 0.0375587 0.083443
0 0.689849 0.629074 0.0412072 0.0855307
0 0.456038 0.469981 0.0307313 0.07607
1 0.838599 0.624999 0.0415062 0.0901748
0 0.806466 0.390058 0.0333416 0.0713417
0 0.43623 0.397151 0.0345747 0.0591049
0 0.496156 0.396793 0.0327885 0.0610086
0 0.205012 0.461944 0.0426664 0.0812906
0 0.344377 0.740258 0.0525243 0.079854
0 0.122429 0.615998 0.0451407 0.0857575
0 0.408601 0.396597 0.0335994 0.0587932
0 0.395803 0.469006 0.0374373 0.0781641
0 0.218104 0.61661 0.0411595 0.0796974
1 0.25304 0.621666 0.0448829 0.0782471
0 0.647473 0.466116 0.0310171 0.0727515
0 0.817515 0.274049 0.0366446 0.0614225
0 0.839061 0.390898 0.0361446 0.0670491
0 0.710609 0.389522 0.0353617 0.0732532
0 0.58414 0.466983 0.0319012 0.0714386
0 0.647255 0.388681 0.0306099 0.0710062
0 0.223989 0.40068 0.0405285 0.0632217
0 0.615157 0.621914 0.0355831 0.0839014
0 0.875576 0.62206 0.0502499 0.0913722
0 0.470754 0.74527 0.0430607 0.0865891
0 0.511264 0.749395 0.0463603 0.088658
0 0.554076 0.395915 0.0297812 0.0676394
0 0.336191 0.291197 0.0349246 0.0640331
0 0.151906 0.619033 0.0463783 0.07983
0 0.368223 0.467755 0.0420494 0.0819832
0 0.73179 0.281117 0.0299682 0.0588002
0 0.0590479 0.734058 0.0541415 0.0778327
0 0.28063 0.401862 0.0395591 0.0602891
0 0.712332 0.466661 0.0359099 0.0690167
0 0.803156 0.628631 0.044871 0.093237
0 0.85002 0.459058 0.0429091 0.0766008
0 0.614964 0.46699 0.0286655 0.0713943
0 0.199173 0.401938 0.0424938 0.0582941
0 0.232438 0.459555 0.0394737 0.0872487
0 0.673536 0.282119 0.0279989 0.0542707
0 0.561484 0.283826 0.0252979 0.0542923
0 0.762061 0.278839 0.0285796 0.0643765
1 0.303075 0.618878 0.041191 0.0718431
0 0.311772 0.289918 0.0372475 0.0657393
0 0.236084 0.288236 0.037162 0.0616301
0 0.522238 0.396234 0.0313045 0.061078
0 0.440004 0.622734 0.0411672 0.0797672
0 0.680252 0.39364 0.0317532 0.074212
0 0.58363 0.396514 0.030015 0.0611846
0 0.701961 0.281049 0.0279894 0.0522259
0 0.480977 0.288675 0.028653 0.0587823
0 0.249841 0.401625 0.0377738 0.0641926
0 0.590612 0.283729 0.0297119 0.0592991
0 0.50616 0.287384 0.0258474 0.0536374
0 0.552454 0.465546 0.0272547 0.0674319
0 0.285307 0.290927 0.0336298 0.0662198
0 0.377613 0.288626 0.032851 0.0611483
1 0.176714 0.460262 0.0370423 0.0794042
0 0.429954 0.289957 0.02635 0.0636128
0 0.260963 0.466929 0.0406879 0.081329
0 0.455418 0.28866 0.0264505 0.0634698
0 0.350809 0.401613 0.0345178 0.0588843
0 0.404515 0.290628 0.0273743 0.0583529
0 0.618809 0.283327 0.0251429 0.0587794
0 0.0255602 0.731829 0.0491632 0.0729404
