1 0.217352 0.619065 0.0419538 0.0738098
1 0.186101 0.619138 0.0452671 0.0745669
1 0.427557 0.289896 0.0296467 0.0584102
1 0.337954 0.619018 0.0426689 0.0743154
1 0.510503 0.621105 0.0425116 0.0800713
1 0.490572 0.468489 0.0353023 0.0733626
1 0.305987 0.619088 0.0414274 0.0715461
1 0.37016 0.619802 0.0384437 0.0762387
1 0.368107 0.468187 0.0366674 0.0766163
1 0.615759 0.468419 0.0334419 0.0703194
1 0.338877 0.468999 0.0375609 0.0767974
1 0.205266 0.465861 0.0416677 0.0753473
1 0.406535 0.620597 0.042266 0.0805045
