0 0.258275 0.737485 0.053915 0.0881657
0 0.778929 0.462716 0.0387098 0.0719051
0 0.139645 0.738458 0.054702 0.0851118
0 0.337893 0.616042 0.0404625 0.0781717
0 0.218981 0.736795 0.0555011 0.0925642
0 0.773447 0.392196 0.0381918 0.0750793
0 0.313131 0.403243 0.0376076 0.0621426
0 0.646878 0.388055 0.0305223 0.0721053
0 0.219765 0.615906 0.0427235 0.0804445
0 0.299885 0.734401 0.053261 0.0814744
0 0.375845 0.4012 0.0363221 0.0620611
0 0.848952 0.458496 0.0422752 0.07523
0 0.387314 0.745013 0.0510327 0.0830139
0 0.188197 0.61886 0.0461193 0.0797632
0 0.532827 0.285391 0.0266214 0.0568477
0 0.0963623 0.736736 0.0564278 0.0840107
0 0.613735 0.391113 0.0349941 0.0656353
0 0.764006 0.624892 0.0412074 0.0902203
0 0.205916 0.462394 0.0457865 0.0821305
0 0.812519 0.464339 0.0357985 0.0675001
0 0.489848 0.46886 0.0324646 0.0744972
0 0.290475 0.465526 0.0377391 0.0814624
0 0.224764 0.399716 0.0405161 0.0633413
0 0.176962 0.739087 0.0591203 0.0892643
0 0.428279 0.463917 0.0370983 0.0834902
0 0.122731 0.614925 0.047131 0.0842603
0 0.709958 0.389235 0.0354168 0.0720956
0 0.643663 0.281887 0.0253722 0.0553538
0 0.372889 0.619261 0.0477366 0.0863319
0 0.405086 0.620305 0.0409433 0.0794411
0 0.542308 0.621285 0.0364591 0.0799492
0 0.57878 0.622102 0.0363232 0.0848544
0 0.746917 0.466147 0.0327169 0.0723796
0 0.45618 0.469348 0.0307577 0.0756617
0 0.647128 0.465018 0.03116 0.0726458
0 0.368797 0.46716 0.0419687 0.0826487
0 0.39574 0.469231 0.0372578 0.0778023
0 0.583833 0.465804 0.0307776 0.0713358
0 0.837965 0.390804 0.0368382 0.0660693
0 0.471507 0.621017 0.0357058 0.0812492
0 0.816347 0.273615 0.036691 0.0617757
0 0.838071 0.623578 0.0417278 0.0887861
0 0.439574 0.621355 0.0412317 0.0798847
0 0.436261 0.395598 0.0345093 0.0595122
0 0.788037 0.276791 0.0310417 0.0548384
0 0.253347 0.621045 0.0428699 0.0779757
0 0.345191 0.738093 0.0522354 0.0785597
0 0.72709 0.623617 0.0416319 0.0824206
0 0.506235 0.625057 0.0373992 0.0882645
0 0.470923 0.742851 0.0422585 0.0831362
0 0.689262 0.626668 0.0415518 0.0856459
0 0.874841 0.620438 0.0490253 0.0882868
0 0.511158 0.747507 0.0463291 0.0874958
0 0.466122 0.395993 0.0342415 0.064318
0 0.74049 0.390054 0.0323233 0.0701469
0 0.805627 0.389728 0.0331761 0.0709747
0 0.673175 0.281383 0.0286781 0.0548505
0 0.430092 0.73985 0.0505059 0.0800985
0 0.730864 0.280078 0.029844 0.0585253
0 0.679678 0.393113 0.0316673 0.075104
0 0.336178 0.469403 0.0316737 0.0836117
0 0.650948 0.624507 0.0366224 0.0814943
0 0.26039 0.289978 0.0360251 0.0654192
0 0.199244 0.400757 0.0419782 0.0595344
0 0.261708 0.466428 0.039489 0.0801325
0 0.312372 0.288587 0.037703 0.0661547
0 0.614884 0.619933 0.0348509 0.0821093
1 0.520496 0.467187 0.033157 0.0729135
0 0.802192 0.627291 0.0448517 0.0924584
0 0.336497 0.289837 0.0350334 0.0641596
0 0.761442 0.277849 0.0284925 0.0652983
0 0.281148 0.400511 0.0393577 0.0595958
0 0.286092 0.290014 0.0337952 0.0661912
0 0.712133 0.465584 0.0363813 0.067738
0 0.614477 0.46614 0.0286869 0.0711298
0 0.560689 0.282338 0.0251657 0.0545103
0 0.153258 0.617323 0.0446956 0.0789497
0 0.377988 0.287587 0.033123 0.0625327
0 0.589748 0.282816 0.0295437 0.0582924
0 0.232815 0.459734 0.0393121 0.0856064
0 0.680996 0.465921 0.0311686 0.0698481
0 0.409031 0.395647 0.0332795 0.0588375
0 0.0600765 0.7333 0.0549237 0.073869
0 0.303155 0.617754 0.0397968 0.0712599
0 0.554058 0.394332 0.0290631 0.0665738
0 0.582873 0.395494 0.0296488 0.0612066
0 0.552377 0.464802 0.026444 0.070376
0 0.250766 0.400689 0.0375616 0.064185
0 0.351174 0.401171 0.0362644 0.0593439
0 0.236196 0.287856 0.036585 0.0615587
0 0.430049 0.28943 0.0260794 0.0634809
0 0.176977 0.459714 0.037349 0.0778433
0 0.404696 0.289633 0.0275131 0.0586799
0 0.506503 0.286412 0.02551 0.0537839
0 0.481333 0.288088 0.0282696 0.0617519
0 0.49644 0.394868 0.0317424 0.062744
0 0.455753 0.288454 0.0263259 0.0646671
0 0.618705 0.282418 0.0254084 0.0600601
1 0.521849 0.396493 0.0315563 0.0620935
0 0.701587 0.280071 0.0267084 0.0527215
