0 0.773125 0.392358 0.0380024 0.0749381
0 0.257786 0.737581 0.0537947 0.0886224
0 0.138458 0.73859 0.0544241 0.0854903
0 0.313192 0.403474 0.0380261 0.061867
0 0.77895 0.463384 0.0383729 0.071815
0 0.375746 0.401617 0.0361875 0.0614182
0 0.218354 0.73661 0.0559909 0.0937106
0 0.337564 0.61596 0.0399578 0.0777663
0 0.299548 0.734718 0.0532016 0.0812067
0 0.0957156 0.736582 0.0567093 0.0854425
0 0.848805 0.45962 0.0418503 0.0740582
0 0.428169 0.463812 0.0374367 0.0826517
0 0.578704 0.623826 0.0363405 0.0861225
0 0.613942 0.391611 0.0350855 0.0652638
0 0.20465 0.46279 0.0444936 0.0813515
0 0.386935 0.746008 0.0520491 0.0835145
0 0.372927 0.619793 0.0490851 0.0845329
0 0.647107 0.389551 0.0305365 0.0705325
0 0.29018 0.465745 0.0381344 0.0814384
0 0.219679 0.615545 0.0429039 0.0803131
0 0.763966 0.626281 0.040789 0.0889288
0 0.553723 0.395374 0.0299307 0.0679281
0 0.405066 0.620256 0.0415181 0.0795418
0 0.489493 0.469114 0.0319068 0.0743854
0 0.187726 0.618417 0.0461454 0.0799759
0 0.435917 0.396224 0.0344351 0.0589308
0 0.176941 0.73942 0.0586622 0.0885044
0 0.465812 0.396177 0.0340826 0.0628778
0 0.643656 0.281822 0.0256292 0.0546493
0 0.812604 0.464896 0.0359173 0.0678968
0 0.344454 0.738848 0.0525386 0.0799434
0 0.542323 0.621852 0.0365645 0.0806404
0 0.532717 0.285483 0.0267397 0.0570045
0 0.456 0.469018 0.0309769 0.0754375
0 0.335962 0.469348 0.0313986 0.0846818
0 0.429937 0.741808 0.0499874 0.081563
0 0.223724 0.399888 0.0406271 0.0634921
0 0.709825 0.390221 0.0359602 0.0723653
0 0.510809 0.749003 0.0465702 0.0885796
0 0.198424 0.401095 0.0422594 0.0589968
0 0.746814 0.466463 0.0329706 0.0719773
0 0.727508 0.62594 0.0417236 0.0816813
0 0.838154 0.623961 0.0415663 0.0898877
0 0.875133 0.622424 0.0483509 0.0861921
0 0.731055 0.28035 0.0304543 0.0587573
0 0.52005 0.467736 0.0338753 0.072901
0 0.439669 0.621368 0.0413521 0.0802971
0 0.712093 0.465797 0.0361485 0.0683016
0 0.496228 0.395903 0.0323778 0.0605996
0 0.838057 0.391209 0.0363754 0.0667293
0 0.583807 0.466496 0.0310905 0.0702734
0 0.47185 0.621403 0.036224 0.0818275
0 0.787908 0.27687 0.0316879 0.0534968
0 0.614894 0.621118 0.0351126 0.0807896
0 0.647089 0.465729 0.0311779 0.0717876
0 0.6895 0.628249 0.0411285 0.084074
0 0.50581 0.62412 0.0367006 0.0868737
0 0.471226 0.745148 0.0424824 0.0874349
0 0.679534 0.393371 0.0312695 0.0733447
0 0.408337 0.396175 0.0333574 0.0590487
0 0.650914 0.625109 0.0367315 0.0813948
0 0.260101 0.289572 0.0358648 0.0658922
1 0.254151 0.62007 0.0447909 0.0763372
0 0.232403 0.458798 0.0395385 0.0880986
0 0.805473 0.390132 0.0337622 0.071896
0 0.368189 0.466633 0.0422423 0.0827053
0 0.680987 0.466631 0.0310221 0.0703876
0 0.740588 0.390531 0.0326357 0.0702574
0 0.802481 0.628701 0.0449219 0.0934956
0 0.28139 0.400265 0.03901 0.0599526
0 0.311525 0.288905 0.0370555 0.0668667
0 0.377442 0.287489 0.0332741 0.06518
0 0.121016 0.615829 0.0464999 0.0838682
0 0.0596396 0.733362 0.0545335 0.077658
0 0.251061 0.400511 0.0382762 0.0637342
0 0.61433 0.466873 0.0290159 0.0706579
0 0.582885 0.396467 0.0296273 0.061464
0 0.261068 0.466832 0.0400715 0.0811321
0 0.151519 0.618212 0.0471307 0.0805759
0 0.235048 0.287992 0.0363128 0.0621836
0 0.761276 0.278255 0.0286848 0.0634798
0 0.560334 0.282693 0.0248592 0.0549895
0 0.522212 0.395457 0.0310144 0.0613691
0 0.589087 0.283145 0.0292696 0.0582728
0 0.672701 0.28131 0.0280792 0.05294
1 0.303905 0.617324 0.039271 0.0701454
0 0.285181 0.289605 0.0335645 0.0666628
0 0.334879 0.289467 0.0345499 0.0649343
0 0.429969 0.28975 0.0265633 0.0632583
1 0.395394 0.468925 0.0373003 0.0756632
0 0.404401 0.289556 0.0278852 0.0590248
0 0.506447 0.286588 0.025489 0.0544809
0 0.481126 0.288315 0.0276845 0.0619117
0 0.455246 0.288472 0.0264784 0.0641217
0 0.618171 0.282436 0.0255568 0.0588122
0 0.552066 0.465786 0.0276139 0.0679434
0 0.176302 0.460563 0.0370068 0.0769085
0 0.816508 0.273676 0.0363846 0.0616499
0 0.350754 0.401777 0.03573 0.0583547
0 0.700798 0.280304 0.0263954 0.0518468
