1 0.138583 0.738778 0.0554007 0.0864876
0 0.257856 0.737161 0.0530495 0.0871621
0 0.0951338 0.738502 0.0565742 0.085966
0 0.300069 0.734739 0.053644 0.0804894
0 0.407587 0.398006 0.0341057 0.0603804
0 0.260747 0.291403 0.0360452 0.06528
0 0.217994 0.618009 0.042504 0.0787531
1 0.614212 0.392022 0.0359705 0.0668552
1 0.372671 0.621503 0.0493517 0.0832937
0 0.77406 0.392673 0.0378523 0.0761431
0 0.465595 0.397341 0.0339668 0.0650605
1 0.849067 0.459956 0.0433472 0.0761578
0 0.429305 0.742503 0.0496687 0.0806677
0 0.344489 0.738685 0.0524185 0.0785118
0 0.218776 0.736177 0.0547732 0.0909207
0 0.386987 0.746337 0.0519073 0.0827972
0 0.261214 0.467558 0.0424222 0.0806294
0 0.176937 0.739011 0.0581451 0.0897112
1 0.40566 0.62328 0.0423247 0.0812618
0 0.644126 0.283029 0.0262609 0.0559207
0 0.647846 0.39094 0.0307468 0.0725981
1 0.367756 0.468554 0.0411667 0.0814253
1 0.435741 0.398166 0.0344492 0.0610885
1 0.338935 0.617295 0.039409 0.0767584
1 0.456624 0.470463 0.0304144 0.0749012
1 0.690168 0.629565 0.0404491 0.0848608
0 0.741048 0.390995 0.033059 0.0712667
0 0.709717 0.39017 0.035919 0.0731033
0 0.0588882 0.736177 0.0547272 0.0785744
1 0.727199 0.626305 0.0422421 0.0856251
0 0.533321 0.287117 0.0275291 0.057659
1 0.56097 0.283581 0.0243135 0.0540385
1 0.763561 0.626918 0.03988 0.0878859
1 0.285704 0.29125 0.0346683 0.0672578
1 0.373859 0.401481 0.037827 0.0640166
1 0.311424 0.290278 0.0369762 0.0669235
1 0.312261 0.404538 0.0374912 0.0611539
1 0.580032 0.622704 0.0377554 0.0886251
1 0.837983 0.625224 0.041824 0.0897103
0 0.470082 0.744747 0.0423254 0.0847044
1 0.123375 0.616467 0.0474414 0.0825269
1 0.543658 0.621153 0.0364447 0.0829521
1 0.730875 0.281154 0.0304407 0.0578117
1 0.801751 0.628417 0.0454597 0.0912563
1 0.439108 0.623911 0.0413744 0.0815214
0 0.589859 0.284292 0.0290968 0.0587462
1 0.428061 0.465524 0.0377422 0.0824122
1 0.42953 0.291782 0.0257339 0.0628108
1 0.281667 0.401352 0.040148 0.0609501
1 0.394991 0.469408 0.0371693 0.0782677
1 0.746576 0.466868 0.0334671 0.0728955
1 0.651347 0.624172 0.0369065 0.0838799
0 0.495783 0.396947 0.0331182 0.0618205
1 0.647159 0.465815 0.0312365 0.0728687
1 0.519254 0.46846 0.0324009 0.0725767
1 0.680074 0.394406 0.030706 0.0745733
1 0.251608 0.401696 0.0395349 0.063516
1 0.585035 0.467857 0.0329385 0.0727953
1 0.187216 0.619477 0.0442165 0.0795823
1 0.253262 0.622047 0.043005 0.0759697
1 0.303067 0.618471 0.0412932 0.0728753
1 0.507122 0.62547 0.0370205 0.0897741
1 0.489637 0.47031 0.0323269 0.0735933
1 0.553545 0.39511 0.0295793 0.0696796
0 0.618542 0.283616 0.0255255 0.060417
0 0.673655 0.28204 0.0280889 0.0547262
1 0.289173 0.466745 0.038957 0.081513
0 0.806086 0.389306 0.0331417 0.0696779
1 0.615294 0.621485 0.0349592 0.0862429
1 0.876072 0.623553 0.050053 0.0898041
1 0.812753 0.466056 0.0350008 0.068596
1 0.816268 0.274952 0.0359394 0.0617681
1 0.779212 0.464147 0.0392491 0.0743855
1 0.205061 0.461983 0.0452244 0.0828747
1 0.510864 0.748635 0.0460108 0.0848923
1 0.681391 0.467602 0.0323046 0.0712183
1 0.471106 0.623479 0.0361124 0.083465
1 0.153984 0.619949 0.0452984 0.080955
0 0.582875 0.397523 0.0298904 0.059892
0 0.701671 0.280543 0.0262513 0.0523833
0 0.787627 0.277336 0.032905 0.0560814
1 0.33565 0.470652 0.0319101 0.0846386
1 0.224458 0.40117 0.0406382 0.0626559
0 0.506769 0.28771 0.0256688 0.0534198
1 0.83784 0.390846 0.0373697 0.067661
1 0.616425 0.467328 0.0265906 0.0716139
1 0.231502 0.462097 0.0394179 0.0810562
1 0.481473 0.289675 0.0289455 0.0599055
1 0.761612 0.278601 0.0279028 0.0658947
0 0.236024 0.289453 0.0359228 0.0606204
1 0.349592 0.401241 0.0362311 0.0600204
1 0.712299 0.466307 0.035234 0.0676298
1 0.521959 0.396945 0.0310518 0.0598478
1 0.37793 0.288872 0.0338927 0.0641215
1 0.552775 0.466543 0.0278848 0.0696335
1 0.176646 0.46061 0.0371784 0.0798098
1 0.404601 0.291917 0.0269812 0.059755
1 0.335568 0.291255 0.0331448 0.063667
0 0.455034 0.289343 0.0276553 0.0649733
0 0.198035 0.400871 0.0404515 0.0566603
0 0.0256564 0.73326 0.0482434 0.0709795
