1 0.137642 0.739327 0.0547434 0.0883732
0 0.747022 0.464662 0.0332465 0.0741662
1 0.175915 0.739468 0.0588795 0.0919178
1 0.299551 0.735601 0.0525106 0.0818598
1 0.187528 0.618215 0.0448027 0.0801742
0 0.344686 0.738885 0.052327 0.0797529
1 0.257717 0.737879 0.054591 0.0880695
1 0.220128 0.61611 0.0425034 0.0797923
1 0.496272 0.394543 0.0320202 0.0615007
1 0.123938 0.615311 0.0498669 0.0807947
1 0.368722 0.467167 0.0416953 0.0830929
1 0.708994 0.389372 0.0361074 0.0724807
0 0.385984 0.74609 0.052476 0.0857227
0 0.0953273 0.737772 0.055096 0.0870563
1 0.481104 0.288098 0.0279817 0.0622977
1 0.311198 0.28969 0.0362355 0.066608
1 0.801407 0.627077 0.0437931 0.0932066
1 0.428643 0.464984 0.0370248 0.0811784
1 0.778541 0.461312 0.0382826 0.0720612
1 0.812424 0.462745 0.0361774 0.0659272
1 0.375149 0.400627 0.0351157 0.0632585
1 0.372914 0.619895 0.0478984 0.0823013
0 0.219575 0.736718 0.054923 0.0926363
1 0.614125 0.62046 0.0353998 0.0847555
1 0.613913 0.390607 0.0346294 0.0653359
0 0.42891 0.74298 0.0498689 0.0828568
1 0.336776 0.469191 0.0317102 0.0855909
1 0.253762 0.62198 0.0419328 0.072622
1 0.338305 0.617465 0.0412637 0.0795275
1 0.712227 0.4658 0.0365101 0.0706842
1 0.469722 0.74504 0.0420792 0.0852645
1 0.646491 0.464811 0.0309426 0.0730671
1 0.78811 0.276424 0.031492 0.0562906
1 0.394829 0.468738 0.0365208 0.07833
1 0.763852 0.625457 0.0399221 0.0887659
1 0.55351 0.39354 0.0297461 0.0690141
1 0.578434 0.622297 0.0359655 0.0845812
1 0.176129 0.462024 0.0389219 0.0775959
1 0.261578 0.467386 0.0415244 0.0801237
1 0.807635 0.388948 0.0344713 0.0698375
1 0.650543 0.624399 0.0367389 0.0821533
1 0.541721 0.621221 0.0369512 0.0805969
1 0.727084 0.62492 0.0418562 0.0842406
1 0.429833 0.290428 0.0251245 0.0629559
1 0.87628 0.623104 0.050437 0.0878175
1 0.689103 0.627275 0.0407082 0.0858757
1 0.505357 0.624995 0.0373014 0.0886312
1 0.847564 0.458182 0.0413813 0.0743824
1 0.154171 0.617472 0.0441102 0.08053
1 0.583461 0.466389 0.0316553 0.0731462
1 0.350632 0.400875 0.0361316 0.0598743
1 0.465831 0.395036 0.0351355 0.0636492
1 0.816086 0.274555 0.0366131 0.0624003
1 0.740339 0.390081 0.0324593 0.0706118
1 0.058993 0.736747 0.0540764 0.0829903
1 0.532887 0.285462 0.026439 0.0566759
1 0.281425 0.400242 0.0400229 0.0601018
1 0.673741 0.280381 0.0276073 0.0539416
1 0.521466 0.394199 0.0310444 0.0630568
1 0.519415 0.4675 0.0332867 0.0741913
1 0.838385 0.623974 0.0429436 0.0903771
1 0.439263 0.62211 0.0414264 0.0818157
1 0.761526 0.277596 0.0287098 0.0647139
1 0.614797 0.466254 0.0277578 0.0716043
1 0.405129 0.621064 0.0414285 0.080368
1 0.470588 0.622611 0.0363239 0.0829601
1 0.731007 0.278819 0.0302469 0.0573568
1 0.456448 0.469107 0.0300945 0.0756546
1 0.313219 0.402473 0.0382332 0.0655856
1 0.510427 0.748596 0.0470115 0.0882212
1 0.489301 0.46904 0.0316576 0.0749416
1 0.377051 0.287738 0.0344713 0.0634281
1 0.646335 0.388086 0.0310495 0.071909
1 0.222672 0.400564 0.0437061 0.0634854
1 0.583297 0.394772 0.0305055 0.0633105
1 0.64356 0.281667 0.0275099 0.0566492
1 0.454659 0.288841 0.0263084 0.064807
1 0.285292 0.290591 0.0352136 0.067984
1 0.618787 0.282286 0.0240042 0.0591544
1 0.251247 0.401148 0.0403796 0.0632839
1 0.204015 0.462479 0.0426511 0.0791513
1 0.773238 0.391909 0.0392477 0.0763592
1 0.194538 0.400886 0.0435326 0.0627043
1 0.435651 0.395991 0.0335405 0.0597684
1 0.680328 0.391983 0.0309465 0.0755184
1 0.560765 0.282933 0.025231 0.0545499
1 0.259624 0.289885 0.0362316 0.0655579
1 0.335835 0.289237 0.0335991 0.0645585
1 0.40458 0.290373 0.0270893 0.0587281
1 0.408511 0.396302 0.0335099 0.0607683
1 0.506206 0.286433 0.0254995 0.0545983
1 0.589289 0.283044 0.0283325 0.0577083
1 0.303115 0.617749 0.0398624 0.0720783
1 0.290159 0.465635 0.037134 0.0814506
1 0.235134 0.288022 0.0368201 0.0616895
1 0.232127 0.461477 0.0408184 0.0826956
1 0.680996 0.466052 0.0326984 0.070363
1 0.701053 0.279293 0.0270821 0.0512577
1 0.839321 0.389872 0.0349636 0.0661721
1 0.551502 0.465676 0.027846 0.0699842
1 0.0218 0.736477 0.0429407 0.0859049
