1 0.259678 0.740261 0.0530844 0.0817652
1 0.400761 0.289389 0.0282735 0.0584986
1 0.218502 0.618887 0.0435482 0.0763368
1 0.438687 0.621198 0.042107 0.081333
1 0.489398 0.468672 0.0357269 0.0724525
1 0.370173 0.619723 0.0396325 0.0778252
1 0.712576 0.467879 0.0369488 0.0714099
1 0.816633 0.465081 0.0388137 0.0711615
1 0.311784 0.289576 0.0369828 0.0607005
1 0.508087 0.62143 0.0395802 0.0806383
1 0.677292 0.393814 0.0324867 0.0638075
1 0.379809 0.399581 0.0331756 0.0600387
1 0.18737 0.619079 0.0462634 0.0776021
1 0.588835 0.284634 0.0301095 0.0561408
1 0.42606 0.289241 0.0278266 0.0589914
1 0.520374 0.468054 0.0312147 0.07221
1 0.465759 0.399708 0.0325164 0.058399
1 0.405309 0.620375 0.0440102 0.0810034
1 0.254281 0.618779 0.0400252 0.0746944
1 0.579046 0.622096 0.0362652 0.0785583
1 0.459962 0.468422 0.0361018 0.0730507
1 0.337784 0.468799 0.0402807 0.0797671
1 0.119208 0.617053 0.0446173 0.079677
1 0.614288 0.623045 0.0381038 0.0784317
1 0.280714 0.404958 0.0385575 0.0607114
