0 0.344072 0.740219 0.0515112 0.0786486
0 0.219913 0.737637 0.0543424 0.0884193
1 0.137934 0.737694 0.0571218 0.0856062
1 0.29988 0.733097 0.0533036 0.0774994
0 0.177712 0.738249 0.0566063 0.0870162
1 0.69081 0.62902 0.041048 0.0825747
0 0.0586871 0.733281 0.053067 0.0776333
1 0.312589 0.40284 0.0378104 0.0635872
0 0.429086 0.742744 0.049832 0.0797911
1 0.337757 0.617378 0.0405347 0.0779818
1 0.709592 0.39099 0.0354223 0.0712332
0 0.386145 0.747017 0.0517292 0.0829676
1 0.375328 0.401109 0.0362438 0.0650648
1 0.367573 0.465747 0.0421377 0.0831474
1 0.395546 0.467313 0.0373985 0.0795031
1 0.849028 0.460202 0.0437542 0.0743912
0 0.471081 0.74452 0.0433231 0.0852982
1 0.481454 0.288163 0.0277246 0.0628465
1 0.740524 0.391403 0.0327363 0.0707253
1 0.205984 0.461955 0.0424942 0.0813867
1 0.253543 0.621676 0.0421661 0.0780791
1 0.471109 0.62192 0.0360413 0.081022
1 0.262897 0.467277 0.0408751 0.0794142
1 0.673156 0.281551 0.0271791 0.054213
1 0.406082 0.621482 0.0407425 0.079142
1 0.591386 0.283733 0.0300544 0.0609403
1 0.541935 0.622467 0.0372757 0.0809992
1 0.281128 0.400397 0.0413837 0.0617614
1 0.763583 0.626796 0.0407053 0.0900641
1 0.429066 0.463526 0.0381077 0.0849101
1 0.0949736 0.737015 0.0543522 0.085099
1 0.303119 0.618258 0.0391603 0.0722382
1 0.312657 0.289866 0.0375334 0.0655138
1 0.505871 0.624645 0.0359035 0.0856886
1 0.292243 0.464977 0.0372489 0.0804879
1 0.220925 0.617891 0.0423866 0.0796374
1 0.578579 0.622834 0.0366163 0.0837523
1 0.818561 0.274967 0.0367519 0.0633025
1 0.153239 0.6173 0.0456137 0.0797859
1 0.257598 0.736489 0.0530883 0.0876549
1 0.496527 0.395891 0.0325749 0.0626583
1 0.806334 0.392239 0.0336645 0.0721647
1 0.614362 0.621723 0.0354355 0.0837503
1 0.519558 0.466936 0.0330284 0.0710747
1 0.122201 0.614977 0.0477552 0.0829899
1 0.727355 0.627128 0.0414813 0.0818356
1 0.372347 0.620377 0.0493651 0.08374
1 0.439672 0.622818 0.041709 0.0816053
1 0.838879 0.626814 0.0417208 0.0864779
1 0.408187 0.395744 0.0340657 0.0609112
1 0.680384 0.394814 0.0309071 0.0751757
1 0.774057 0.393762 0.0386807 0.0760972
1 0.177159 0.461595 0.0377116 0.076992
1 0.644392 0.282025 0.0266415 0.0572979
1 0.802789 0.629734 0.0463678 0.0928247
1 0.465088 0.395831 0.0349793 0.064702
1 0.813054 0.465789 0.0349417 0.0683415
1 0.33741 0.29032 0.0346118 0.0649002
1 0.511336 0.748031 0.0463875 0.0858523
1 0.778586 0.464239 0.0403442 0.0764458
1 0.261028 0.290128 0.0348688 0.0650741
1 0.249802 0.400351 0.0398402 0.0635953
1 0.647842 0.389824 0.0295958 0.0704221
1 0.731339 0.280759 0.0293386 0.0597936
1 0.760277 0.278986 0.0269937 0.0635966
1 0.236429 0.288495 0.0363663 0.0606395
1 0.37808 0.288078 0.0338712 0.0631528
1 0.489478 0.469143 0.0316174 0.0735592
1 0.286481 0.290384 0.0339469 0.066724
1 0.6473 0.4651 0.0305481 0.0727451
1 0.584539 0.4666 0.0314903 0.0722805
1 0.533991 0.28561 0.0255892 0.0557496
1 0.875927 0.623507 0.0488724 0.0874245
1 0.615914 0.39222 0.0348013 0.064968
1 0.788068 0.278116 0.0326427 0.0566049
1 0.232488 0.460032 0.0404026 0.0878077
1 0.187479 0.618949 0.0465866 0.081234
1 0.45637 0.469019 0.0315981 0.0756685
1 0.197168 0.40013 0.0425285 0.0622549
1 0.553842 0.396819 0.0299871 0.0659245
1 0.615957 0.466377 0.0276825 0.0716787
1 0.745899 0.466079 0.0323829 0.0721564
1 0.561393 0.282625 0.0251904 0.0554071
1 0.65156 0.625766 0.0383639 0.0830187
1 0.335278 0.468606 0.030904 0.0852868
1 0.455622 0.288871 0.0259857 0.0644307
1 0.430167 0.290194 0.0254377 0.0597051
1 0.349992 0.401396 0.0360214 0.0603489
1 0.404627 0.29005 0.0277552 0.0575364
1 0.71242 0.466937 0.0346314 0.0678805
1 0.506772 0.286559 0.0261108 0.0551355
1 0.223446 0.3996 0.0387669 0.0626413
1 0.435914 0.39516 0.0334999 0.059187
1 0.838717 0.392529 0.0373875 0.0679921
1 0.681167 0.466335 0.0318034 0.0697636
1 0.584594 0.396001 0.0312236 0.0626315
1 0.552363 0.465979 0.0281029 0.0700207
1 0.701115 0.2804 0.0282543 0.0518356
1 0.619849 0.282444 0.0241177 0.0609011
1 0.522118 0.395788 0.0314388 0.0621732
0 0.0260995 0.731174 0.0484929 0.0708961
