1 0.298815 0.738401 0.0535201 0.0826437
0 0.256889 0.7388 0.0553189 0.0879392
1 0.78044 0.463467 0.0391823 0.0742983
0 0.34436 0.74035 0.0526929 0.0808208
0 0.850037 0.459807 0.042054 0.0755606
1 0.350977 0.402558 0.0357525 0.0600015
0 0.135944 0.741409 0.0571651 0.0887552
0 0.471002 0.623158 0.0365273 0.0814234
1 0.689726 0.628595 0.0413234 0.0852362
0 0.614569 0.392708 0.0338711 0.0639775
0 0.8401 0.62488 0.041404 0.0889312
0 0.0929968 0.738757 0.0563029 0.0855446
0 0.54235 0.623177 0.0375946 0.0817988
0 0.747572 0.465403 0.0324415 0.0730181
1 0.21985 0.617709 0.0433367 0.0779258
1 0.186854 0.618755 0.0454504 0.0814552
1 0.813885 0.465889 0.0353085 0.0701695
0 0.218282 0.738204 0.0550244 0.0908649
1 0.372668 0.620353 0.0487085 0.0843264
1 0.368209 0.468547 0.0422213 0.0820072
0 0.647181 0.389177 0.0305985 0.071074
1 0.579337 0.623404 0.0370961 0.0846554
0 0.311615 0.288777 0.0374171 0.0655928
0 0.376583 0.402312 0.0349911 0.0624849
1 0.337702 0.618077 0.0401557 0.0775263
0 0.38647 0.746641 0.0522204 0.0841122
0 0.741876 0.390226 0.0329845 0.0707607
0 0.464967 0.395882 0.0337399 0.0627976
0 0.710878 0.389951 0.0366619 0.0722114
0 0.774812 0.391652 0.037342 0.0759504
1 0.505666 0.62675 0.036624 0.0883919
0 0.436864 0.39696 0.034931 0.0601517
0 0.511228 0.749436 0.0455408 0.0873067
1 0.175897 0.741772 0.0588629 0.0898071
1 0.489061 0.470037 0.0316874 0.0757198
0 0.470894 0.746703 0.0426041 0.0861179
0 0.807124 0.389526 0.0332479 0.0712288
1 0.68069 0.393914 0.0309932 0.0734818
1 0.120829 0.616271 0.0471005 0.0815958
1 0.0570495 0.737995 0.0544633 0.0811692
1 0.584092 0.466559 0.0315289 0.0731123
1 0.533154 0.285219 0.0270119 0.0586445
0 0.839736 0.390299 0.0355137 0.0664369
1 0.651129 0.625402 0.0361593 0.0839287
1 0.818135 0.274887 0.0363924 0.0630436
1 0.647372 0.465458 0.0305802 0.0728115
1 0.259211 0.289562 0.0367561 0.064998
1 0.438869 0.623135 0.0406092 0.082165
1 0.765139 0.626837 0.0407479 0.0913464
0 0.644642 0.281101 0.0261619 0.0567408
0 0.728025 0.625189 0.0425657 0.0823106
0 0.28045 0.400798 0.0422553 0.0607363
1 0.803409 0.630303 0.0466635 0.0954192
1 0.681696 0.466717 0.0314758 0.072624
0 0.428974 0.743126 0.0492184 0.0816465
1 0.395015 0.469442 0.0366434 0.0780841
1 0.454988 0.288646 0.0256186 0.0657658
1 0.312561 0.405091 0.0380191 0.062826
1 0.335698 0.471756 0.0315663 0.0847507
1 0.336583 0.288557 0.0343202 0.0654255
1 0.405106 0.622211 0.0410255 0.0801435
1 0.877967 0.623 0.0503525 0.0886246
1 0.26041 0.46814 0.0426299 0.0811848
1 0.253531 0.623399 0.0429571 0.07402
0 0.48027 0.288233 0.0286498 0.06126
1 0.428049 0.467096 0.0346453 0.0802204
0 0.589399 0.282885 0.0290823 0.058059
1 0.614916 0.622072 0.0350849 0.0832213
1 0.376706 0.286998 0.0318065 0.0654672
1 0.290653 0.466978 0.0381294 0.0795553
0 0.495555 0.395449 0.0323114 0.0627358
0 0.407931 0.396896 0.0337665 0.0596324
0 0.519086 0.468021 0.0337157 0.0725584
0 0.203302 0.463056 0.042773 0.0832338
0 0.28517 0.289904 0.0338273 0.067115
0 0.673383 0.279905 0.0279623 0.0555118
0 0.456272 0.468717 0.0312806 0.075704
0 0.584089 0.396169 0.030581 0.0624098
1 0.762021 0.27837 0.0287029 0.0645172
0 0.561407 0.281962 0.0243216 0.0546783
1 0.223424 0.400259 0.0418149 0.0621226
0 0.712688 0.465862 0.0361355 0.0692992
1 0.506022 0.286041 0.0264906 0.0571267
1 0.702269 0.279485 0.0266374 0.0533388
1 0.175551 0.462391 0.0381513 0.0795526
0 0.788544 0.276387 0.0312695 0.0554892
0 0.554181 0.393699 0.0298922 0.0684866
1 0.429852 0.289402 0.0262141 0.0651869
1 0.731293 0.279457 0.0298952 0.0568784
0 0.404351 0.290199 0.0274631 0.0593402
1 0.615595 0.467587 0.0292858 0.073834
1 0.302066 0.619178 0.0400014 0.073875
0 0.619236 0.281788 0.0253943 0.0604594
1 0.151903 0.618452 0.0451346 0.0797024
1 0.232297 0.460199 0.0419206 0.0878006
1 0.521822 0.395795 0.0314661 0.0627199
0 0.24971 0.402071 0.0391995 0.0625765
0 0.551705 0.4656 0.028055 0.0683929
0 0.195875 0.400633 0.0405451 0.0596373
0 0.235038 0.287595 0.034974 0.0605879
1 0.0203346 0.737144 0.0399786 0.082926
