1 0.256356 0.619231 0.0455162 0.074636
1 0.218778 0.619356 0.0449212 0.075975
1 0.335492 0.619376 0.0457386 0.0742233
1 0.185052 0.618972 0.0476005 0.0764257
1 0.365505 0.467695 0.036729 0.0795562
1 0.135682 0.741052 0.0518984 0.0797686
1 0.816215 0.46515 0.0379 0.0733263
1 0.7828 0.466705 0.0396599 0.0728733
1 0.614175 0.62388 0.0378232 0.0810989
1 0.257632 0.289875 0.036986 0.061934
1 0.534859 0.285336 0.0308499 0.0560311
1 0.117952 0.617234 0.0458001 0.0758085
1 0.646813 0.393514 0.0313156 0.0653546
