0 0.139065 0.738267 0.0536882 0.085832
0 0.778915 0.463067 0.0391475 0.0719221
0 0.258385 0.737232 0.0546495 0.0882471
0 0.338212 0.616022 0.040663 0.0788532
0 0.219751 0.616633 0.0419764 0.0798053
0 0.773381 0.392399 0.0380195 0.0745345
0 0.21922 0.736096 0.0556339 0.0935527
0 0.300307 0.734603 0.0519728 0.0813616
0 0.490079 0.469091 0.0318846 0.0737492
0 0.252816 0.620705 0.0419154 0.0770458
0 0.177137 0.738958 0.0582961 0.0884509
0 0.405202 0.620492 0.040934 0.0795319
0 0.313292 0.402893 0.0370388 0.0611417
0 0.290025 0.465563 0.0367051 0.0807772
0 0.372814 0.620323 0.0491131 0.0840569
0 0.532979 0.286102 0.0267023 0.0573279
0 0.613917 0.39201 0.0348771 0.0648007
0 0.709985 0.390143 0.0359541 0.0719522
0 0.205529 0.462645 0.044804 0.0820684
0 0.578734 0.622432 0.0365093 0.0867296
0 0.76416 0.625817 0.0410116 0.0891106
0 0.643772 0.282172 0.0258053 0.0556437
0 0.456205 0.469715 0.0304197 0.0756958
0 0.838136 0.624413 0.0420177 0.0902038
0 0.387073 0.745971 0.0511263 0.0837532
0 0.812396 0.464772 0.035442 0.0677666
0 0.395764 0.468954 0.0368745 0.0775951
0 0.427988 0.46442 0.0371288 0.0825628
0 0.746798 0.465868 0.0326702 0.0711836
0 0.375772 0.401395 0.0358114 0.0612483
0 0.848626 0.458297 0.0421154 0.0756466
0 0.0959046 0.736122 0.0564362 0.083915
0 0.470968 0.621547 0.0363237 0.0818287
0 0.345053 0.738568 0.0529583 0.079476
0 0.874964 0.621114 0.0491564 0.0896244
0 0.740311 0.390862 0.0327194 0.0690626
0 0.583751 0.466358 0.0310965 0.0711164
0 0.647047 0.389224 0.0305945 0.071133
0 0.198773 0.401539 0.042174 0.0593645
0 0.50623 0.624972 0.0376661 0.0879583
0 0.689469 0.627624 0.041241 0.0840033
0 0.7879 0.277057 0.0304955 0.0552016
0 0.435724 0.396079 0.0346872 0.0596276
0 0.815474 0.274883 0.0358048 0.0620101
0 0.36833 0.46614 0.0422077 0.0831264
0 0.224701 0.400073 0.0412531 0.0622328
0 0.727463 0.625368 0.0418497 0.0823427
0 0.805922 0.390245 0.033326 0.0708486
0 0.542202 0.621099 0.036828 0.0801912
0 0.43933 0.621844 0.0410854 0.0810823
0 0.838485 0.391659 0.0370899 0.0659598
0 0.260219 0.290824 0.0355676 0.0654152
0 0.731119 0.280497 0.030147 0.0589284
0 0.510613 0.747636 0.0462431 0.0858907
0 0.285585 0.29108 0.0344413 0.0668226
0 0.312119 0.289363 0.0371003 0.0654865
0 0.647391 0.465826 0.0309531 0.0725035
0 0.553893 0.393781 0.0297751 0.069201
0 0.188199 0.619311 0.0464302 0.0795609
0 0.76143 0.278902 0.0273622 0.0649722
0 0.61478 0.620166 0.0350216 0.0833189
0 0.470768 0.744528 0.0426079 0.085349
0 0.802492 0.628696 0.0448673 0.0939467
0 0.651204 0.624977 0.0366297 0.0806395
0 0.673469 0.281615 0.0283678 0.0544395
0 0.466223 0.396239 0.0341193 0.0638771
0 0.680985 0.465975 0.0313437 0.0701176
0 0.589743 0.283359 0.0301389 0.059236
0 0.711856 0.465572 0.0353308 0.0673155
0 0.250952 0.400947 0.0386345 0.0633298
0 0.679689 0.393769 0.0311922 0.0742853
0 0.408521 0.395913 0.0335252 0.0591542
0 0.122909 0.615101 0.0464156 0.0839619
0 0.261145 0.46703 0.0397157 0.0810408
1 0.302987 0.617339 0.0405706 0.0738201
0 0.232613 0.459523 0.0388935 0.0879221
0 0.429704 0.740777 0.0489197 0.0815172
0 0.519992 0.46727 0.0338045 0.0719431
0 0.495852 0.396303 0.0323523 0.0608629
0 0.060475 0.731521 0.0533904 0.0740339
0 0.152902 0.617776 0.0449344 0.0795589
0 0.236094 0.287983 0.0374234 0.0619766
0 0.614496 0.466657 0.0290899 0.0713762
0 0.281039 0.401025 0.0388632 0.0595563
0 0.521803 0.395657 0.0313347 0.061589
0 0.560485 0.282648 0.0245405 0.0541077
0 0.583185 0.396088 0.0300278 0.0617581
0 0.377983 0.287679 0.0331604 0.0618996
0 0.176841 0.460594 0.0370835 0.0785387
0 0.335929 0.290591 0.0342545 0.0635137
0 0.506188 0.287055 0.0258152 0.0542329
1 0.33539 0.468836 0.0328155 0.0869003
0 0.404846 0.289834 0.0273044 0.0580805
0 0.430164 0.289524 0.0261524 0.0637485
0 0.480908 0.288426 0.0283108 0.0596176
0 0.618638 0.28275 0.025466 0.0606671
0 0.455664 0.288986 0.0262486 0.0649012
0 0.701575 0.280325 0.0263378 0.0523752
0 0.351307 0.400728 0.03488 0.0590557
0 0.552041 0.46529 0.0271395 0.0672389
