0 0.258542 0.73651 0.0526962 0.0857893
1 0.709416 0.39008 0.036115 0.0726561
1 0.139252 0.738459 0.0566074 0.0854582
0 0.218865 0.736826 0.0548175 0.0910332
0 0.0948208 0.736839 0.0558385 0.0830044
0 0.38707 0.744863 0.0512611 0.0844002
0 0.344448 0.738367 0.0521342 0.0798283
0 0.87593 0.623233 0.0486712 0.0880461
1 0.372848 0.62111 0.0507137 0.0841932
1 0.187521 0.618695 0.0435905 0.0791836
0 0.848668 0.459922 0.0407192 0.0740616
0 0.612908 0.390481 0.0333792 0.0648351
1 0.405786 0.621228 0.041865 0.0800361
0 0.773146 0.392402 0.0380793 0.0761578
0 0.250634 0.401746 0.0383512 0.0632255
0 0.816443 0.275779 0.0363075 0.0608552
1 0.22087 0.616582 0.0430666 0.0795882
0 0.788277 0.276904 0.0300741 0.0547658
1 0.312022 0.403093 0.0368997 0.0602492
0 0.740743 0.390388 0.0320742 0.0710696
0 0.203939 0.463578 0.0430621 0.0793425
1 0.440742 0.622531 0.0428289 0.0821033
1 0.429111 0.741601 0.0506212 0.0822664
0 0.533348 0.28594 0.0270083 0.0570709
1 0.689287 0.62915 0.0394461 0.0855023
0 0.176779 0.739243 0.0590227 0.0868094
0 0.155423 0.620142 0.0427169 0.0783606
1 0.803001 0.62748 0.0450678 0.090875
1 0.254519 0.621957 0.0423125 0.0767973
0 0.285938 0.291161 0.0324444 0.0662211
1 0.762213 0.279668 0.0288797 0.0654892
1 0.726968 0.625909 0.0433702 0.0844241
1 0.260457 0.291316 0.0368698 0.0655349
1 0.839721 0.625289 0.0416191 0.0877419
0 0.300082 0.733246 0.0518038 0.0788333
1 0.455681 0.289123 0.0270996 0.0666797
0 0.311196 0.290213 0.0370406 0.0658856
1 0.764743 0.626227 0.0412245 0.0882682
1 0.39476 0.468592 0.0377403 0.0775195
1 0.351101 0.402075 0.0364361 0.0578133
1 0.336572 0.616221 0.0409883 0.0778029
0 0.678823 0.394265 0.0329353 0.0745335
0 0.67297 0.281394 0.0278717 0.0536036
1 0.543402 0.622448 0.036716 0.0841158
1 0.77874 0.463587 0.0395001 0.0721447
1 0.47069 0.743289 0.0452764 0.0836082
1 0.291772 0.466588 0.0394158 0.082774
1 0.584694 0.395131 0.0282824 0.0618908
1 0.198462 0.401094 0.0433856 0.0605005
0 0.0594728 0.733034 0.0532332 0.0747776
1 0.377534 0.288071 0.0329661 0.0638191
0 0.466927 0.395722 0.0349569 0.063837
0 0.512141 0.745832 0.0439389 0.0843247
1 0.837634 0.391941 0.0378502 0.0677389
1 0.813125 0.466077 0.0354549 0.0675697
1 0.367408 0.466801 0.0412074 0.0828623
0 0.335352 0.291054 0.0343105 0.0639243
1 0.646372 0.464421 0.0309889 0.0726563
0 0.261581 0.467611 0.0413041 0.0804189
1 0.584785 0.466505 0.0317675 0.0722295
1 0.436507 0.395514 0.0346333 0.0592421
0 0.805173 0.39111 0.0331759 0.0715223
0 0.236231 0.289066 0.0368889 0.0610092
1 0.428061 0.463842 0.0376776 0.0848148
0 0.589599 0.282436 0.0305712 0.0583017
1 0.746705 0.466538 0.0316832 0.0696617
1 0.50759 0.625353 0.037262 0.0888489
0 0.56113 0.283215 0.0243757 0.0534551
1 0.488321 0.469674 0.0301506 0.0730984
1 0.518739 0.466845 0.0326262 0.0718597
1 0.302164 0.616934 0.0390905 0.0706533
1 0.456556 0.468031 0.0310492 0.0763255
1 0.57933 0.621353 0.0374032 0.0838977
1 0.681008 0.466663 0.0320115 0.0706842
1 0.408651 0.39689 0.0348765 0.0574653
0 0.404479 0.290563 0.0278515 0.0583961
0 0.28068 0.401101 0.038807 0.0596802
0 0.496406 0.395652 0.032183 0.0608465
1 0.224083 0.40046 0.0391488 0.0625334
1 0.614861 0.621095 0.0340501 0.0833111
0 0.429897 0.289675 0.0266996 0.0633519
1 0.615796 0.465934 0.026869 0.0709244
1 0.713162 0.466176 0.0359468 0.0663925
1 0.650686 0.624592 0.0372866 0.0832201
1 0.644798 0.387419 0.0318113 0.0731953
0 0.335968 0.469536 0.0305416 0.0837225
1 0.555355 0.394664 0.029335 0.0715997
0 0.481229 0.288043 0.0291355 0.0589196
0 0.701288 0.280153 0.0268235 0.051615
1 0.231949 0.460586 0.0402707 0.0871014
1 0.472837 0.622687 0.0371392 0.082558
0 0.643908 0.282015 0.0256352 0.0563848
1 0.522482 0.394657 0.0316954 0.063397
0 0.730879 0.280733 0.0301159 0.0575306
0 0.506154 0.286169 0.0264724 0.0535571
0 0.176608 0.461413 0.0365632 0.0752872
0 0.375295 0.402274 0.0361004 0.0605194
1 0.124854 0.61676 0.0446175 0.0833826
1 0.619651 0.281562 0.0242602 0.0595361
0 0.551901 0.465912 0.0286757 0.0693124
0 0.0267424 0.72991 0.0486414 0.0694466
