1 0.259305 0.742497 0.052744 0.0800066
1 0.335466 0.620043 0.0449788 0.074683
1 0.427719 0.288403 0.0305964 0.0579233
1 0.336169 0.290203 0.038048 0.0619552
1 0.817666 0.464752 0.0370297 0.0703554
1 0.367359 0.620712 0.0387527 0.074874
1 0.543902 0.621587 0.0359773 0.0802025
1 0.309131 0.290266 0.0379464 0.0625678
1 0.135756 0.741805 0.0526779 0.0799123
1 0.401556 0.288831 0.0300973 0.0583829
1 0.184144 0.620547 0.0460812 0.0732539
1 0.578946 0.621986 0.0359483 0.0791476
1 0.116836 0.618828 0.0441858 0.0757153
1 0.613648 0.623514 0.0386804 0.0786895
1 0.506062 0.286037 0.0305559 0.0570364
1 0.534423 0.284902 0.0315969 0.0563006
1 0.259484 0.466658 0.040643 0.0810795
1 0.616544 0.467179 0.034311 0.0708467
