0 0.138027 0.737957 0.0544728 0.0845867
0 0.838015 0.623465 0.0406887 0.0903144
0 0.773124 0.391392 0.037911 0.0753098
0 0.370975 0.620395 0.0490227 0.0858646
0 0.405396 0.620572 0.0408405 0.0785369
0 0.258395 0.735588 0.0524983 0.086623
0 0.0955456 0.736214 0.0565401 0.0842722
1 0.310645 0.288933 0.037291 0.0655283
0 0.177093 0.738822 0.0572878 0.0868025
1 0.336466 0.616455 0.0399325 0.0782507
0 0.68196 0.465637 0.0297921 0.0702065
1 0.290839 0.465875 0.0388975 0.0819071
0 0.218549 0.736337 0.0556918 0.0914143
1 0.746405 0.466053 0.0326831 0.0720495
0 0.298936 0.732933 0.0506589 0.0783657
0 0.812706 0.465306 0.0353195 0.0678258
1 0.350413 0.401037 0.036845 0.0590751
0 0.848097 0.459038 0.0409779 0.0737349
1 0.802365 0.627433 0.0446005 0.0947043
0 0.541896 0.621581 0.0371147 0.081321
0 0.312571 0.403255 0.0369125 0.0619277
0 0.69022 0.628351 0.0396811 0.0855078
0 0.252937 0.621466 0.0425154 0.0775505
0 0.763714 0.625108 0.0409641 0.0895319
0 0.615105 0.618935 0.035173 0.0838099
1 0.466006 0.396542 0.0342971 0.0642017
0 0.816513 0.274486 0.036438 0.0611279
0 0.712204 0.46573 0.0358315 0.0671879
0 0.059046 0.732127 0.0535151 0.0767771
0 0.260026 0.289983 0.0343741 0.0641821
0 0.367717 0.467839 0.040861 0.0806524
1 0.222216 0.400023 0.0421014 0.0616747
0 0.335731 0.289556 0.0343865 0.062777
1 0.202076 0.461111 0.0444087 0.0801207
0 0.470329 0.743474 0.0423475 0.084568
0 0.387411 0.744288 0.0508637 0.0816195
0 0.709625 0.389764 0.0360436 0.0732564
0 0.280713 0.400324 0.0403223 0.0608071
1 0.613047 0.392243 0.0349043 0.0636938
0 0.429122 0.741926 0.0497926 0.081879
0 0.727119 0.624463 0.041917 0.0823971
1 0.470498 0.62015 0.0366881 0.0822408
0 0.578772 0.621777 0.0367859 0.0872314
0 0.519702 0.467137 0.0334342 0.0715739
0 0.761609 0.279078 0.0287012 0.0641434
1 0.651475 0.624088 0.0367495 0.0807697
0 0.779659 0.463214 0.0384737 0.0727484
0 0.302771 0.616696 0.0391384 0.0718191
0 0.643874 0.281452 0.0253321 0.0548948
1 0.190348 0.617884 0.0440878 0.0805101
0 0.837798 0.390677 0.0374344 0.0674419
0 0.583814 0.466027 0.0314494 0.0708412
0 0.740377 0.389884 0.0324398 0.0710014
0 0.787963 0.276725 0.0310589 0.0551616
0 0.805176 0.389385 0.0333948 0.0720937
0 0.439668 0.621446 0.0411825 0.0789465
1 0.344376 0.738224 0.0544656 0.0793711
1 0.377158 0.286825 0.0332875 0.0624617
1 0.457184 0.470093 0.0303339 0.0758623
0 0.395132 0.46896 0.0366505 0.0764977
0 0.672557 0.280571 0.0284965 0.0530146
0 0.510508 0.74738 0.046283 0.0859648
0 0.505379 0.624171 0.0372484 0.088438
1 0.408314 0.3962 0.0330317 0.0569201
0 0.284956 0.289786 0.0332166 0.0657538
0 0.490649 0.468482 0.0308064 0.0739574
0 0.731363 0.279767 0.0292944 0.0572612
0 0.679019 0.393492 0.0313335 0.0747419
0 0.53254 0.28532 0.026088 0.0565068
0 0.403913 0.289935 0.0275485 0.0589476
1 0.560043 0.282497 0.0253089 0.0550344
0 0.435946 0.396545 0.0344843 0.0603292
0 0.582686 0.396401 0.0297905 0.0599433
0 0.645839 0.388975 0.0301127 0.0710028
0 0.235936 0.288632 0.0357758 0.0622026
0 0.250144 0.40095 0.038854 0.0628663
1 0.873129 0.620246 0.0497501 0.0885601
1 0.701916 0.278907 0.0271406 0.0518089
0 0.588883 0.282587 0.0298121 0.0584544
0 0.261159 0.466661 0.0420328 0.0806128
0 0.157279 0.618251 0.0436095 0.0786949
0 0.335066 0.469883 0.0316914 0.083888
1 0.481198 0.288914 0.0283495 0.0600543
0 0.374863 0.401157 0.0359349 0.0631414
1 0.646939 0.464155 0.0310213 0.0729749
0 0.614515 0.466614 0.0297992 0.0714517
0 0.219609 0.617618 0.0400943 0.0778702
0 0.496334 0.395165 0.0316521 0.0625432
0 0.553543 0.393538 0.0300963 0.0716235
1 0.428931 0.46372 0.0388937 0.0849487
1 0.230406 0.458296 0.0407163 0.0868744
1 0.126979 0.615468 0.0449204 0.0818182
0 0.45527 0.288883 0.0269651 0.0629159
0 0.618745 0.281984 0.0256292 0.0592396
1 0.521068 0.394814 0.0310301 0.0628295
0 0.429619 0.289761 0.0265196 0.0636107
1 0.506346 0.285881 0.0254587 0.0537695
0 0.174718 0.459508 0.035606 0.0776549
1 0.552622 0.465596 0.0260089 0.0701199
0 0.195911 0.401877 0.0379357 0.0563914
