1 0.137639 0.738694 0.0548546 0.0875748
1 0.176061 0.739089 0.0581674 0.0907986
0 0.344815 0.738807 0.0517653 0.0801297
1 0.299621 0.734791 0.0529084 0.0817593
0 0.0951139 0.73684 0.0545102 0.0850046
1 0.70917 0.388801 0.0358461 0.0713788
1 0.848885 0.459646 0.0416317 0.0751115
1 0.372755 0.620017 0.0483072 0.0822014
1 0.368211 0.466782 0.0417069 0.0819435
1 0.553172 0.394451 0.0302453 0.069578
1 0.186943 0.617493 0.0454215 0.0805637
1 0.64667 0.464167 0.0312292 0.0739603
0 0.680485 0.465001 0.0315483 0.0716074
1 0.495467 0.394841 0.0334548 0.0616726
1 0.726772 0.624568 0.0419846 0.0839206
1 0.257896 0.737675 0.055431 0.087962
1 0.740873 0.390037 0.0324743 0.0688657
1 0.375083 0.400656 0.0348577 0.0632628
1 0.779405 0.463438 0.0402762 0.0758763
1 0.123303 0.614488 0.0494977 0.0813398
1 0.427737 0.46561 0.0355448 0.0793907
0 0.386028 0.745565 0.0527641 0.0853524
1 0.350672 0.400914 0.0361732 0.0603581
0 0.672948 0.280353 0.0281971 0.0556995
1 0.261293 0.466631 0.0413342 0.0797195
1 0.470706 0.622914 0.0363657 0.0826429
1 0.801371 0.627273 0.0439907 0.092388
1 0.763606 0.625066 0.0410763 0.0881945
0 0.219023 0.73701 0.0543156 0.0925159
1 0.311191 0.289143 0.0363082 0.0661587
1 0.688863 0.626665 0.0409431 0.0850784
1 0.481358 0.288181 0.0282861 0.0627104
1 0.48895 0.469203 0.0316098 0.0752306
1 0.578237 0.622799 0.0362307 0.0853373
1 0.613542 0.39176 0.0339355 0.0647373
1 0.43052 0.289988 0.025711 0.0639019
1 0.337832 0.61761 0.0414913 0.0791439
1 0.613717 0.619893 0.0360012 0.0844427
1 0.505335 0.625474 0.0370955 0.0881285
1 0.650571 0.623412 0.0368927 0.081695
1 0.710648 0.46439 0.0346035 0.0676349
1 0.876096 0.622178 0.049807 0.088799
1 0.394851 0.468397 0.0366969 0.0773497
1 0.377053 0.286982 0.034491 0.0647486
0 0.429343 0.742586 0.0493347 0.0840437
1 0.455192 0.28875 0.025787 0.0642713
1 0.0592478 0.735952 0.0539324 0.0815893
1 0.175716 0.46072 0.0383448 0.0761161
1 0.532526 0.28515 0.0256544 0.0564901
0 0.456408 0.468259 0.0309077 0.0750769
1 0.203377 0.461554 0.0428925 0.0799168
1 0.220066 0.616626 0.0433353 0.0786392
1 0.81306 0.465599 0.0359833 0.0702646
1 0.815818 0.274543 0.0367012 0.0622204
1 0.583246 0.395995 0.0301661 0.0636998
1 0.405287 0.621133 0.0409822 0.0803801
1 0.510698 0.748728 0.046244 0.0882721
1 0.83898 0.623728 0.0430984 0.0901865
1 0.471121 0.745774 0.0413384 0.0857094
1 0.336071 0.468713 0.0317608 0.0843992
1 0.439444 0.62202 0.0412389 0.0812757
1 0.56062 0.282494 0.0260697 0.055943
1 0.54158 0.621782 0.0365375 0.0810906
1 0.153715 0.616908 0.0440042 0.0801283
1 0.787622 0.276559 0.0314102 0.0559639
1 0.281564 0.400034 0.0398487 0.0595885
1 0.582725 0.465932 0.0311172 0.0717298
1 0.222859 0.400331 0.041598 0.0622743
1 0.643275 0.282054 0.0258355 0.0574262
1 0.518907 0.467184 0.0319494 0.0733435
1 0.614776 0.465872 0.0278391 0.0714727
1 0.645363 0.390208 0.0303423 0.0696311
1 0.679402 0.392468 0.0315475 0.0750478
1 0.808146 0.389891 0.0351156 0.0709189
1 0.464812 0.395171 0.0344836 0.063494
1 0.285423 0.290133 0.0358242 0.0680813
1 0.730821 0.279206 0.0297331 0.0575974
1 0.745716 0.465745 0.0350145 0.0747793
1 0.435332 0.396247 0.034185 0.0602139
1 0.761009 0.278141 0.0285225 0.0644716
1 0.407507 0.396286 0.0322721 0.0602616
1 0.589187 0.282682 0.0293451 0.0590857
0 0.311903 0.403225 0.0369178 0.0637857
1 0.506487 0.286304 0.0257471 0.0540419
1 0.773483 0.392216 0.0388092 0.0751502
1 0.404908 0.289889 0.0272257 0.059647
1 0.259577 0.289138 0.0368452 0.0660701
1 0.254185 0.621696 0.0427151 0.0739366
1 0.195175 0.401044 0.0423821 0.061638
1 0.335843 0.289597 0.0333939 0.0646592
1 0.251335 0.400831 0.040199 0.0618674
1 0.289857 0.465634 0.0379457 0.0818424
1 0.231827 0.461026 0.0413125 0.0834697
1 0.700895 0.279389 0.0274253 0.0522535
1 0.840222 0.390284 0.0359119 0.0674246
1 0.302395 0.617853 0.0407341 0.0740635
1 0.235296 0.288301 0.0370645 0.0615077
1 0.618643 0.282211 0.0239616 0.0603032
0 0.521778 0.394189 0.0308298 0.0617259
1 0.551364 0.465225 0.0281707 0.0701406
1 0.0221171 0.735847 0.0433175 0.0846577
