1 0.138212 0.739952 0.0546746 0.0854561
1 0.780144 0.465041 0.0397746 0.0752528
0 0.0949289 0.738901 0.0560374 0.0838763
0 0.299628 0.735763 0.0524426 0.0829412
0 0.176862 0.739565 0.0566211 0.0891718
0 0.613876 0.393006 0.0338205 0.0630784
0 0.747224 0.46677 0.0332469 0.0735319
0 0.429351 0.742708 0.0506372 0.0819119
1 0.710183 0.39133 0.0359526 0.0719929
1 0.673622 0.282668 0.028269 0.0545065
0 0.218065 0.73871 0.0545548 0.0925722
0 0.186551 0.61992 0.0433621 0.0796383
1 0.787623 0.277943 0.0306133 0.0553991
0 0.257747 0.73744 0.0537166 0.0881672
0 0.519772 0.468586 0.0329802 0.0737362
1 0.311842 0.291482 0.0375511 0.0663421
0 0.368243 0.467948 0.0415814 0.0832872
0 0.387083 0.746576 0.0509481 0.0841288
0 0.375781 0.402637 0.0358209 0.0608432
0 0.590249 0.284085 0.0293273 0.0587738
0 0.312863 0.404519 0.0376405 0.0622944
1 0.849195 0.461298 0.0431297 0.0759308
1 0.203928 0.463137 0.0447313 0.0818187
0 0.0597329 0.735871 0.0547873 0.076614
1 0.435998 0.397927 0.0350702 0.0602134
0 0.280917 0.400688 0.0399312 0.0610187
0 0.838748 0.391541 0.0380342 0.066478
1 0.252574 0.622621 0.0429176 0.0755691
1 0.813023 0.466871 0.0354757 0.0702881
0 0.466173 0.397995 0.0342043 0.0640699
1 0.727827 0.62653 0.0422707 0.0855513
1 0.763835 0.626298 0.0402967 0.0897854
1 0.506783 0.625785 0.0368874 0.0877321
0 0.689715 0.628352 0.0406784 0.0849121
1 0.471229 0.622623 0.0362039 0.0810704
1 0.543296 0.62195 0.0364239 0.080383
1 0.372665 0.621034 0.0496954 0.0846624
0 0.337081 0.291578 0.0346146 0.0625415
0 0.28581 0.292376 0.0340864 0.0664398
1 0.58414 0.468237 0.0317364 0.0723587
0 0.153507 0.619545 0.0440609 0.0785938
1 0.405514 0.622504 0.0416554 0.0793459
1 0.712357 0.467687 0.0364115 0.0693367
0 0.344631 0.740459 0.0523467 0.0793268
1 0.223978 0.3999 0.0409822 0.0625867
1 0.456824 0.469677 0.0313955 0.0758324
0 0.741699 0.391939 0.0320793 0.0703658
0 0.395828 0.470511 0.0368294 0.0771053
1 0.616093 0.622188 0.0354998 0.086195
1 0.647588 0.466118 0.0314905 0.0732946
1 0.682097 0.468322 0.0315478 0.0729496
1 0.77377 0.393936 0.0367765 0.0744322
1 0.583833 0.397424 0.0300119 0.0618896
0 0.43937 0.622905 0.0414063 0.0809227
1 0.235958 0.29023 0.0373513 0.0624566
1 0.218754 0.618114 0.0416359 0.0771666
1 0.533387 0.287196 0.0269018 0.0588485
0 0.48078 0.289807 0.0284531 0.0597073
1 0.260905 0.468227 0.041236 0.0794012
1 0.490195 0.470187 0.0312502 0.074688
1 0.73145 0.28156 0.0299767 0.0586606
1 0.260891 0.292784 0.0343956 0.0655134
1 0.506105 0.288348 0.025983 0.0550576
1 0.615313 0.468325 0.0290155 0.0725298
1 0.651792 0.624881 0.0369638 0.0823215
1 0.68033 0.394885 0.0317528 0.0746864
1 0.302428 0.617713 0.0400824 0.069314
1 0.802638 0.628822 0.0469021 0.0928797
0 0.470831 0.746282 0.0431087 0.0868376
1 0.561081 0.283946 0.0251274 0.055236
1 0.579554 0.622618 0.036572 0.0855332
1 0.428459 0.465143 0.0388369 0.0833126
1 0.806001 0.39085 0.0330944 0.0692129
1 0.51098 0.748347 0.0460426 0.08437
1 0.496389 0.397234 0.0330771 0.0613698
0 0.198161 0.400636 0.0405097 0.0592612
1 0.816718 0.275353 0.0368511 0.0627324
0 0.701672 0.281324 0.0265383 0.0514701
1 0.231856 0.46305 0.0400741 0.0852636
0 0.407616 0.397644 0.0325092 0.0598495
1 0.338018 0.616189 0.0405591 0.077535
1 0.377042 0.28872 0.0339592 0.0653347
1 0.619677 0.283179 0.0239582 0.0606021
1 0.646136 0.389286 0.0316796 0.0711148
1 0.838225 0.626067 0.0400389 0.0900337
1 0.404093 0.290946 0.0276161 0.0595586
0 0.45542 0.290276 0.0261992 0.0649209
1 0.553786 0.396952 0.0297766 0.0677484
1 0.288613 0.466697 0.0364167 0.0805129
0 0.430094 0.290877 0.0257599 0.0636453
0 0.351053 0.402545 0.0357478 0.0589752
0 0.644422 0.283585 0.0278782 0.0561345
1 0.250551 0.401549 0.0378863 0.0642877
1 0.875922 0.62329 0.0496216 0.0889
0 0.76194 0.278596 0.0276742 0.0657771
1 0.33603 0.470082 0.0301089 0.0848085
0 0.125008 0.615264 0.0461042 0.0832907
0 0.176255 0.462107 0.0377065 0.0777563
0 0.522262 0.397567 0.0313914 0.0606977
1 0.551845 0.466575 0.0274012 0.0694798
