1 0.135793 0.740708 0.0521747 0.0800889
1 0.714883 0.468706 0.0349644 0.071064
1 0.257123 0.621846 0.0470192 0.0716523
1 0.506307 0.288866 0.0309255 0.0577111
1 0.371405 0.621064 0.0400355 0.0771028
1 0.815709 0.465903 0.0357176 0.069506
1 0.745656 0.46783 0.034461 0.0713293
1 0.310173 0.40645 0.0390548 0.057924
1 0.490573 0.468742 0.0361662 0.0722142
1 0.468667 0.744082 0.0418327 0.0770784
1 0.336463 0.620858 0.046306 0.0756769
1 0.338603 0.469268 0.0382802 0.0794909
1 0.616762 0.468457 0.033646 0.069468
1 0.311451 0.291781 0.0360276 0.0636801
