1 0.740836 0.394015 0.035845 0.0651676
1 0.439269 0.622149 0.0399961 0.0764178
1 0.402575 0.291536 0.0291084 0.0600494
1 0.338106 0.619088 0.043702 0.0755959
1 0.506382 0.28874 0.0306933 0.0567913
1 0.427735 0.291191 0.0280538 0.0589845
1 0.136316 0.74326 0.0494331 0.0752196
1 0.708068 0.394413 0.0348865 0.0629335
1 0.496546 0.399759 0.0297609 0.0554266
1 0.712705 0.468088 0.0386057 0.0726408
1 0.466282 0.399861 0.0320199 0.0570072
1 0.64572 0.396416 0.031356 0.0594064
1 0.370767 0.619152 0.0413936 0.0754941
1 0.45236 0.290606 0.028274 0.0582786
1 0.310428 0.291783 0.0351619 0.0634336
1 0.478854 0.289684 0.0294736 0.0575872
1 0.804975 0.392999 0.0389006 0.0650224
1 0.332904 0.291876 0.0318128 0.0633054
1 0.728638 0.282805 0.0282392 0.0555322
1 0.37686 0.29168 0.0296273 0.0611253
1 0.305993 0.619521 0.0414911 0.0731973
1 0.614018 0.396262 0.0318084 0.0589599
1 0.26063 0.290769 0.0381503 0.0621459
1 0.779526 0.467767 0.0373614 0.0751429
1 0.36567 0.468423 0.0382401 0.0808944
1 0.285698 0.291284 0.0361693 0.0627328
1 0.53338 0.287604 0.0302365 0.056261
1 0.22058 0.619973 0.0446684 0.0749816
1 0.520827 0.468752 0.0292814 0.0697766
1 0.488817 0.468328 0.0358009 0.0711875
1 0.54274 0.62324 0.0362016 0.0793301
1 0.616546 0.470614 0.0339 0.0684031
1 0.756564 0.282113 0.0298332 0.0562817
1 0.508968 0.622303 0.0400249 0.0789869
1 0.678104 0.468449 0.0309821 0.0711655
1 0.677892 0.3952 0.0308489 0.0605783
1 0.254739 0.620197 0.0416776 0.0729997
1 0.553795 0.397279 0.0302609 0.056966
1 0.406569 0.620794 0.0403898 0.0765083
1 0.23455 0.466142 0.0414925 0.0790849
1 0.20903 0.289879 0.0388516 0.0640369
1 0.644424 0.284986 0.0302742 0.0553547
