1 0.259762 0.739229 0.0513277 0.0826383
1 0.504729 0.289044 0.0301964 0.0565818
1 0.336806 0.619225 0.0437315 0.0734975
1 0.338274 0.291709 0.0356947 0.064341
1 0.209587 0.290983 0.0380492 0.0624513
1 0.188864 0.61653 0.0443354 0.0774524
1 0.478724 0.2897 0.0300725 0.0575861
1 0.42618 0.290076 0.0281145 0.0595492
1 0.511305 0.746301 0.0430352 0.079751
1 0.678232 0.392077 0.0338363 0.0657015
1 0.542235 0.62128 0.0350693 0.0736942
1 0.83939 0.391335 0.0407277 0.0702661
1 0.311533 0.292166 0.0367181 0.0660511
1 0.615044 0.620493 0.0379855 0.0773922
1 0.365191 0.466566 0.0382888 0.0795096
1 0.157556 0.616517 0.0495221 0.0776341
1 0.739248 0.39235 0.0371282 0.0658431
1 0.375923 0.290587 0.0289359 0.0611315
1 0.495261 0.398282 0.0305426 0.0564579
1 0.451878 0.290004 0.0285709 0.05855
1 0.286055 0.291024 0.0364083 0.0645039
1 0.261572 0.290616 0.0358633 0.063832
1 0.235779 0.290726 0.0375017 0.0633281
1 0.531363 0.28835 0.0306774 0.0563821
1 0.37175 0.61857 0.0383173 0.0741042
1 0.406276 0.405471 0.0313163 0.0571164
1 0.378385 0.405989 0.0328272 0.0564194
1 0.465339 0.398934 0.0322106 0.0569158
1 0.438072 0.620057 0.0399585 0.0750157
1 0.711819 0.468073 0.0359893 0.0726275
1 0.617407 0.395358 0.0323152 0.0605606
1 0.615785 0.468621 0.0347727 0.0730137
1 0.586115 0.395788 0.0347969 0.0593847
1 0.257986 0.619169 0.0461353 0.0734572
1 0.803064 0.392202 0.0391934 0.0694527
1 0.560967 0.28731 0.0308229 0.055073
1 0.837774 0.624782 0.0456875 0.0835859
1 0.521357 0.466819 0.0316112 0.0742619
1 0.400667 0.290351 0.0282253 0.0605176
1 0.729885 0.283074 0.0298595 0.0552151
1 0.489607 0.466718 0.0374731 0.0744947
1 0.507487 0.621379 0.0365859 0.0728655
1 0.690507 0.623798 0.0381176 0.0791264
1 0.219925 0.617095 0.0407821 0.0758402
