0 0.138948 0.738827 0.0541364 0.08521
0 0.258055 0.736982 0.0533609 0.0875638
0 0.779167 0.463398 0.0390791 0.0726166
0 0.218992 0.736748 0.0554574 0.0926062
0 0.299853 0.73487 0.0531381 0.0810533
0 0.177404 0.739048 0.0582249 0.0870933
0 0.614353 0.391084 0.0346304 0.0663581
0 0.428418 0.463843 0.0376463 0.0838709
0 0.773762 0.392469 0.0376564 0.0745349
0 0.578861 0.623509 0.0365068 0.0865985
0 0.313105 0.403825 0.037804 0.0625652
0 0.220501 0.615956 0.0429397 0.0799086
0 0.372879 0.620214 0.0497848 0.0855146
0 0.37543 0.402648 0.0360104 0.0611009
0 0.205294 0.462901 0.0446856 0.0816397
0 0.64723 0.388768 0.0306778 0.0716071
0 0.533147 0.286062 0.0268229 0.0571783
0 0.489925 0.46927 0.0316902 0.074153
0 0.849499 0.459346 0.0420944 0.0747005
0 0.0953811 0.736673 0.0560169 0.0849953
0 0.542408 0.621475 0.0364213 0.0800329
0 0.404881 0.620722 0.0411453 0.0797533
0 0.435871 0.396226 0.0342814 0.059651
0 0.456083 0.469925 0.0310539 0.0757746
0 0.336949 0.469494 0.0314392 0.083528
0 0.764216 0.625863 0.0408405 0.0902277
0 0.746643 0.466519 0.0329951 0.0739855
0 0.812799 0.465112 0.0357178 0.0682156
0 0.290428 0.465723 0.0377368 0.0806624
0 0.583974 0.466324 0.0302646 0.0707659
0 0.71007 0.38974 0.0353745 0.0720759
0 0.387094 0.7463 0.0521096 0.0848979
0 0.875025 0.621814 0.0491165 0.0886729
0 0.337366 0.615993 0.0402381 0.0786716
0 0.643777 0.282152 0.0253836 0.0553112
0 0.46583 0.396569 0.0343586 0.0631934
0 0.740765 0.390035 0.033386 0.0707448
0 0.344847 0.739568 0.0523018 0.080093
0 0.838105 0.624404 0.041374 0.0901484
0 0.50614 0.625512 0.0373322 0.0884316
0 0.689414 0.627923 0.0411736 0.0841139
0 0.614936 0.621077 0.0349745 0.0829618
0 0.727658 0.625608 0.0418795 0.0818233
0 0.471743 0.621809 0.0361557 0.0820858
0 0.817358 0.274116 0.0369036 0.0626996
0 0.788447 0.276839 0.0309428 0.0544413
0 0.122403 0.61538 0.047036 0.0836552
0 0.224097 0.40084 0.0408498 0.0638451
0 0.805721 0.390105 0.0332181 0.0711866
0 0.18845 0.618844 0.04579 0.0793174
0 0.429915 0.742235 0.0499625 0.0823583
0 0.647507 0.465421 0.0309486 0.0716864
0 0.730784 0.280322 0.0300794 0.0580375
0 0.761692 0.279048 0.0276497 0.0651965
0 0.439722 0.62237 0.0415945 0.0806694
0 0.673061 0.281555 0.0281641 0.0543738
0 0.520248 0.467669 0.0341016 0.0725513
0 0.260102 0.2906 0.0361314 0.0661503
0 0.651017 0.625056 0.0367742 0.0831131
0 0.510892 0.748953 0.0465717 0.0877527
0 0.589912 0.283296 0.0294615 0.0588936
0 0.614518 0.466437 0.0292357 0.0708644
0 0.378002 0.287933 0.0327286 0.0643711
0 0.470669 0.74543 0.0424692 0.0857192
0 0.838398 0.391129 0.0363888 0.0664866
0 0.679666 0.393607 0.0312544 0.0743237
0 0.232571 0.458998 0.0395423 0.0880447
0 0.681113 0.466346 0.0312956 0.0699471
0 0.286166 0.290847 0.0338252 0.0668649
0 0.712272 0.465914 0.0362387 0.0682198
0 0.0595405 0.733603 0.0534606 0.0785118
0 0.198443 0.401988 0.0416961 0.0584109
0 0.368217 0.466826 0.0416067 0.0834206
0 0.496709 0.395616 0.0328588 0.0617473
0 0.152612 0.618516 0.0450693 0.0788572
0 0.235931 0.288516 0.0369766 0.0627883
0 0.561031 0.282627 0.0250082 0.0545895
0 0.553936 0.394977 0.0298635 0.0677677
0 0.312413 0.289356 0.0372481 0.0654167
1 0.254507 0.620558 0.0447412 0.076354
0 0.281368 0.40104 0.0390227 0.0597101
0 0.802534 0.628764 0.0451687 0.094201
0 0.408695 0.396185 0.0342558 0.0596068
0 0.618704 0.282677 0.0252563 0.0600833
0 0.336578 0.290509 0.0343448 0.063565
0 0.351161 0.40203 0.0358917 0.0588072
0 0.583736 0.395708 0.0304949 0.0630452
0 0.261305 0.466692 0.0398058 0.0805708
1 0.395377 0.469536 0.0363159 0.075292
0 0.404982 0.290205 0.0274216 0.0582517
0 0.481047 0.288188 0.028639 0.0600013
0 0.522357 0.39556 0.0309563 0.0609207
0 0.506333 0.286844 0.0257374 0.0536901
0 0.250505 0.40119 0.038437 0.0637317
0 0.430472 0.290005 0.0259636 0.0632556
0 0.176596 0.460322 0.0362571 0.0774399
1 0.304294 0.617496 0.038893 0.0690889
0 0.701441 0.280305 0.0260496 0.0519199
0 0.552132 0.465677 0.0276596 0.0680425
0 0.45581 0.288953 0.0256846 0.0642802
0 0.0272078 0.73112 0.0497881 0.0711723
