1 0.259773 0.740931 0.0524083 0.080895
1 0.338602 0.291039 0.0344026 0.0630831
1 0.817505 0.465157 0.0380847 0.0737382
1 0.368282 0.619874 0.0418308 0.0777501
1 0.708601 0.39245 0.0362544 0.0673063
1 0.617044 0.39374 0.0330693 0.0628815
1 0.188889 0.618835 0.0437426 0.0762732
1 0.713944 0.467636 0.0366325 0.0703799
1 0.335969 0.620687 0.0426981 0.0741277
1 0.157583 0.618606 0.0467158 0.0762571
1 0.741347 0.393259 0.0356656 0.0661968
1 0.584585 0.394748 0.0330339 0.0607054
1 0.616021 0.621625 0.0390565 0.0822898
1 0.57882 0.621693 0.0348825 0.0795377
1 0.402919 0.620252 0.0382602 0.0776377
1 0.544105 0.62254 0.0347392 0.0793163
1 0.352405 0.406056 0.0323253 0.0567804
1 0.137193 0.741257 0.0497319 0.0771569
1 0.523183 0.467069 0.0292005 0.071603
1 0.533045 0.287175 0.029089 0.0563892
1 0.510585 0.622006 0.0409387 0.0793979
1 0.479006 0.288751 0.0302184 0.0575335
1 0.615501 0.467173 0.0344993 0.0684617
1 0.49091 0.466653 0.0358146 0.0727361
1 0.284277 0.291385 0.0373127 0.0633507
1 0.691201 0.623709 0.0400502 0.0834489
1 0.40818 0.398993 0.0308901 0.054598
1 0.434222 0.620459 0.044592 0.0782883
