1 0.140059 0.737229 0.0552672 0.0863894
0 0.219751 0.735962 0.0538239 0.0909508
0 0.258332 0.736598 0.0533841 0.087138
1 0.337432 0.615362 0.0416732 0.0798162
0 0.094845 0.736912 0.0557314 0.0849749
0 0.299718 0.734716 0.051827 0.0794668
0 0.429504 0.741895 0.0492411 0.0802774
1 0.253372 0.621089 0.0423146 0.0762743
1 0.31313 0.40312 0.0381021 0.062759
0 0.470988 0.743943 0.0435501 0.0858986
0 0.386995 0.745648 0.052232 0.0825124
1 0.497318 0.394718 0.0321601 0.0620628
0 0.176524 0.737895 0.058549 0.0886358
1 0.155469 0.617209 0.0444481 0.0814775
1 0.375957 0.400293 0.0368752 0.0631169
1 0.219344 0.616502 0.0405577 0.0794218
1 0.741711 0.392224 0.0316247 0.0707784
1 0.727591 0.625665 0.0423643 0.0855309
1 0.302772 0.61701 0.0404696 0.0718658
1 0.281613 0.401568 0.0382753 0.0627504
1 0.366814 0.465449 0.0417654 0.0851048
1 0.764258 0.625072 0.0414129 0.0886503
1 0.467317 0.395111 0.0358427 0.0657245
1 0.205487 0.460997 0.0423362 0.0788525
1 0.689889 0.627663 0.0391621 0.08326
1 0.578829 0.620066 0.0366574 0.0842298
1 0.711365 0.392095 0.0361301 0.0721728
0 0.511454 0.746993 0.045606 0.0880678
0 0.34512 0.740602 0.0531041 0.0791151
1 0.408671 0.395509 0.0331948 0.058758
1 0.311299 0.291038 0.0366191 0.0659194
1 0.405405 0.619179 0.0420879 0.0845152
1 0.394818 0.46547 0.038036 0.0795254
1 0.614536 0.621539 0.0351534 0.0842388
1 0.848845 0.461709 0.0435196 0.0750702
1 0.646798 0.464109 0.0314093 0.0709173
1 0.801728 0.628612 0.0450542 0.0944582
1 0.646861 0.389479 0.0311518 0.0700741
1 0.285606 0.292059 0.0351832 0.0668472
1 0.177002 0.46074 0.0387104 0.0770516
0 0.0586889 0.73468 0.0538234 0.077289
1 0.590995 0.282406 0.0289536 0.0581079
1 0.252456 0.400154 0.0383766 0.0642086
1 0.44022 0.620737 0.0413567 0.083317
1 0.7122 0.467569 0.0357853 0.0686568
1 0.614952 0.391827 0.0330738 0.0629217
1 0.746744 0.467692 0.0335949 0.0715851
1 0.337489 0.289905 0.0327167 0.0636292
1 0.780903 0.464273 0.0389598 0.0755108
1 0.837144 0.62618 0.0422127 0.0910442
1 0.489059 0.468525 0.0334247 0.0732986
1 0.372573 0.617895 0.0481514 0.0876415
1 0.804193 0.391473 0.033273 0.0696451
1 0.672322 0.2809 0.0272439 0.0516867
1 0.456377 0.469136 0.0333001 0.0759152
1 0.43653 0.395442 0.0335697 0.0600079
1 0.681105 0.465441 0.0304985 0.068203
1 0.260581 0.291538 0.035444 0.0637195
1 0.81412 0.466071 0.0354929 0.0693254
1 0.542998 0.620627 0.0358673 0.0828053
1 0.198351 0.400795 0.0423717 0.0607074
1 0.760001 0.277808 0.0305316 0.0631955
1 0.875308 0.623587 0.0480907 0.088202
1 0.472391 0.621933 0.0373919 0.083075
1 0.651196 0.624481 0.0369942 0.085953
1 0.644123 0.281802 0.0259113 0.0544317
1 0.225093 0.400076 0.0402591 0.0623655
1 0.680711 0.39458 0.0326986 0.0687775
1 0.336506 0.467965 0.0301082 0.085659
1 0.235704 0.290104 0.0362846 0.0585546
1 0.291455 0.464663 0.0374953 0.078697
1 0.72983 0.279649 0.031172 0.060743
1 0.188136 0.618219 0.0452342 0.0777613
1 0.837706 0.391494 0.0371254 0.0675808
1 0.520856 0.466931 0.0341587 0.0714801
1 0.232176 0.460681 0.0399666 0.0810713
1 0.532555 0.28601 0.0266645 0.0580442
1 0.507039 0.624007 0.0370714 0.0882682
1 0.349736 0.401838 0.0353471 0.0599087
1 0.772804 0.392887 0.0361067 0.0755235
1 0.377595 0.288171 0.0343532 0.0626068
1 0.614815 0.46465 0.0282545 0.0697691
1 0.522413 0.395084 0.0304081 0.0622432
1 0.261469 0.466581 0.0413716 0.0785551
1 0.480514 0.28959 0.0273455 0.0649956
1 0.553367 0.395526 0.0290251 0.0664726
1 0.787164 0.276794 0.0311619 0.0545969
1 0.505979 0.286743 0.0264977 0.0555639
1 0.562297 0.283651 0.0268553 0.0587114
1 0.583604 0.395366 0.0309652 0.0620775
1 0.816502 0.274694 0.0363016 0.0631104
1 0.700474 0.279759 0.0274575 0.0520062
1 0.553928 0.465539 0.026565 0.0703791
1 0.425891 0.463417 0.0366902 0.0811966
1 0.403729 0.290084 0.026404 0.0601913
1 0.583721 0.464763 0.0291964 0.0688333
1 0.618704 0.281091 0.0248217 0.0576959
1 0.42885 0.291169 0.0256742 0.0644439
1 0.45457 0.290045 0.0274775 0.0678293
0 0.125758 0.614927 0.0430647 0.0844194
0 0.0247209 0.734306 0.0484186 0.0770505
