1 0.136291 0.738408 0.0514732 0.0844223
0 0.25811 0.736399 0.0527268 0.0867804
0 0.223905 0.400789 0.0404586 0.063059
0 0.259735 0.290591 0.0358771 0.064346
1 0.1862 0.619427 0.0469728 0.0794685
1 0.219263 0.616665 0.042444 0.078863
1 0.252683 0.621796 0.0426468 0.0762837
0 0.094624 0.737114 0.0549295 0.0843569
0 0.299566 0.734172 0.0531717 0.0799714
0 0.773974 0.391827 0.0371983 0.0778311
1 0.175588 0.739489 0.0614788 0.0895029
0 0.741322 0.38964 0.0328743 0.0724425
0 0.428439 0.741817 0.0495769 0.0806057
1 0.848916 0.459569 0.0432343 0.0773508
1 0.313062 0.402436 0.0380554 0.0600874
0 0.386324 0.745453 0.0519689 0.0825475
1 0.505499 0.626052 0.0362284 0.0883005
1 0.367783 0.466163 0.0426656 0.0844607
0 0.21921 0.736804 0.0544976 0.0894652
1 0.470287 0.744389 0.0442926 0.0846387
0 0.560979 0.282687 0.0258114 0.0553069
1 0.439473 0.62335 0.0406953 0.0824449
1 0.613511 0.391139 0.0348448 0.0649894
0 0.343742 0.738781 0.0516948 0.0793141
0 0.644142 0.282192 0.0260811 0.0554296
0 0.80578 0.389144 0.0333618 0.0729708
1 0.311549 0.289403 0.0374515 0.0674597
1 0.455781 0.469639 0.0306955 0.0745356
1 0.37645 0.401613 0.0350666 0.060969
0 0.838612 0.389838 0.0388676 0.0698163
1 0.578536 0.624246 0.0371399 0.0853627
1 0.395222 0.467658 0.0371024 0.0798006
1 0.374153 0.620212 0.0472029 0.0837718
1 0.428172 0.463556 0.0371391 0.0840573
1 0.815253 0.275056 0.0370041 0.0626463
1 0.690765 0.6294 0.0406963 0.0829368
1 0.519317 0.4671 0.0328621 0.0721815
1 0.434755 0.396454 0.0339893 0.0591757
1 0.406078 0.622035 0.0415671 0.0813025
0 0.0592315 0.733696 0.0542157 0.0753153
1 0.764031 0.62618 0.0396273 0.0878216
1 0.61439 0.622638 0.035215 0.0832739
0 0.590058 0.283309 0.0299142 0.0594455
1 0.204996 0.46165 0.0463875 0.0817929
1 0.648176 0.465015 0.0306028 0.0739283
1 0.304043 0.617365 0.0409019 0.0714674
0 0.584112 0.395744 0.0284019 0.0616306
1 0.152073 0.618116 0.0443593 0.0799449
1 0.471364 0.62285 0.0363913 0.0833311
0 0.532739 0.285735 0.0266756 0.0564419
1 0.122332 0.615177 0.0446655 0.0826109
1 0.339554 0.617482 0.0423931 0.0801944
1 0.81139 0.466174 0.0344202 0.0677615
0 0.646388 0.38779 0.0317718 0.0736147
1 0.541586 0.6226 0.0365376 0.0814911
0 0.681448 0.466914 0.0327051 0.0700222
1 0.728091 0.625818 0.0417812 0.0810251
1 0.584658 0.466511 0.0324581 0.0710965
1 0.554855 0.395977 0.0295107 0.0685271
1 0.777829 0.464034 0.040675 0.075468
0 0.673391 0.281519 0.0278221 0.0542605
1 0.65228 0.626103 0.0383853 0.083316
1 0.510668 0.748221 0.0450884 0.0841445
0 0.618792 0.282374 0.025107 0.0593959
1 0.616118 0.465827 0.0278912 0.0703253
0 0.480624 0.288275 0.0283765 0.0611766
1 0.291467 0.465091 0.0373251 0.08197
1 0.377421 0.288531 0.0339852 0.0660305
1 0.876176 0.622235 0.0512865 0.0896732
1 0.800919 0.6285 0.0434141 0.0923223
1 0.761663 0.278636 0.0277891 0.0651408
0 0.787525 0.277546 0.0311966 0.0555592
0 0.197366 0.401646 0.0440086 0.0596541
1 0.284477 0.291029 0.0338711 0.0669539
1 0.261683 0.467371 0.0413877 0.0800699
1 0.489411 0.46865 0.0330402 0.0730068
1 0.745192 0.466065 0.0329704 0.0703047
1 0.431176 0.291107 0.0258038 0.0626506
0 0.701673 0.280368 0.0267197 0.0525637
0 0.280601 0.400835 0.0404275 0.0603734
1 0.838087 0.626424 0.0427721 0.0897516
1 0.465094 0.396864 0.034581 0.0646411
0 0.495905 0.395863 0.0326056 0.0645891
0 0.250383 0.401307 0.0396597 0.0638037
0 0.407623 0.398035 0.031875 0.0573679
1 0.335564 0.467667 0.0307909 0.0868764
0 0.731431 0.280086 0.0299363 0.0593887
0 0.235076 0.288386 0.0352723 0.0603265
1 0.680107 0.392655 0.0327379 0.0723302
1 0.710029 0.38958 0.0351559 0.0722694
1 0.712058 0.465949 0.0345971 0.0658142
0 0.455719 0.289296 0.0251909 0.0640412
1 0.351313 0.401321 0.0356726 0.0562097
1 0.232487 0.458685 0.0412746 0.0878609
1 0.552475 0.465531 0.0278049 0.068805
1 0.335542 0.290227 0.0345072 0.065642
1 0.506071 0.286933 0.026396 0.0544004
1 0.522412 0.39688 0.0319326 0.0628308
1 0.404643 0.289438 0.0291596 0.0621555
1 0.17443 0.45988 0.0368928 0.0780876
