1 0.258181 0.741373 0.0520489 0.0817812
1 0.337509 0.621097 0.0422938 0.0713903
1 0.335957 0.292465 0.0340328 0.0644872
1 0.217105 0.619481 0.041683 0.0748936
1 0.305781 0.621099 0.0404665 0.0704743
1 0.615822 0.469147 0.0344406 0.069881
1 0.187708 0.618803 0.0448253 0.0766456
1 0.460331 0.467578 0.0365634 0.0734897
1 0.129079 0.618952 0.0435833 0.077312
1 0.369377 0.622331 0.0378676 0.0718205
1 0.312567 0.292254 0.0360529 0.0648523
1 0.36873 0.47073 0.0372876 0.0805646
1 0.376149 0.291573 0.0296491 0.0622387
1 0.492151 0.466548 0.0338955 0.071837
1 0.159241 0.618601 0.0452318 0.0778316
1 0.815715 0.467002 0.0375134 0.0741839
1 0.615801 0.622706 0.0387535 0.0827001
1 0.136375 0.744804 0.0504942 0.0746787
1 0.712546 0.470142 0.0354466 0.0710193
1 0.781486 0.46758 0.0353053 0.071995
1 0.509281 0.625392 0.0376087 0.0736362
1 0.468831 0.748044 0.0394622 0.0761968
1 0.338041 0.470697 0.0397288 0.080658
1 0.542798 0.625262 0.0342129 0.0747623
