0 0.138301 0.738224 0.0548943 0.0866245
0 0.337818 0.616027 0.0402216 0.0783714
0 0.257915 0.736968 0.0528006 0.0878926
0 0.77909 0.463291 0.0390175 0.0727967
0 0.372595 0.620299 0.0496443 0.0852873
0 0.312836 0.403183 0.0374452 0.0615448
0 0.489654 0.469227 0.0322248 0.0741407
0 0.849208 0.459322 0.0425278 0.0746117
0 0.375095 0.402083 0.0365404 0.0611036
0 0.205086 0.462487 0.0453574 0.0816708
0 0.219119 0.736015 0.0558706 0.0930079
0 0.29946 0.734473 0.0531724 0.0809202
0 0.875038 0.620441 0.0492798 0.0900538
0 0.290016 0.465359 0.0375854 0.0810567
0 0.532727 0.285529 0.0268336 0.0568925
0 0.219371 0.615584 0.0426098 0.081144
0 0.176603 0.738781 0.059192 0.0887673
0 0.427906 0.46405 0.0373833 0.0832138
0 0.763852 0.626167 0.0410305 0.08948
0 0.404924 0.619993 0.0408219 0.0793914
0 0.435871 0.396644 0.0345367 0.059297
0 0.643087 0.282304 0.0252662 0.0554361
0 0.187758 0.618649 0.0460856 0.0799313
0 0.805741 0.390212 0.0332241 0.0717364
0 0.455799 0.469529 0.0310165 0.0756487
0 0.837817 0.62354 0.0418299 0.0902622
0 0.614005 0.391835 0.0349018 0.0652332
0 0.0946394 0.736614 0.0570665 0.0848209
0 0.386444 0.747126 0.0514752 0.0854021
0 0.541913 0.621415 0.0368195 0.0804267
0 0.367704 0.466721 0.04213 0.0821601
0 0.650771 0.624499 0.036805 0.0815763
0 0.471303 0.621392 0.0355862 0.080636
0 0.709728 0.39007 0.0358572 0.0715199
0 0.252687 0.621819 0.0421294 0.0778803
0 0.343981 0.738592 0.0521546 0.07848
0 0.223954 0.400684 0.04055 0.0636647
0 0.812817 0.465033 0.0360267 0.068124
0 0.689153 0.627934 0.0415904 0.0850891
0 0.773702 0.392716 0.0384112 0.0755097
0 0.495888 0.395886 0.0324341 0.0612617
0 0.74025 0.390258 0.0331511 0.0703689
0 0.336368 0.469085 0.0318501 0.0839289
0 0.2601 0.290366 0.0359263 0.0658645
0 0.505653 0.625011 0.0366842 0.0873907
0 0.578536 0.62238 0.036454 0.0859596
0 0.198108 0.402001 0.0418499 0.0581371
0 0.395251 0.468928 0.0370254 0.0773895
0 0.746344 0.465876 0.0324602 0.0699244
0 0.312196 0.288787 0.0374022 0.06545
0 0.83839 0.39151 0.0376551 0.0674418
0 0.647082 0.389043 0.0304926 0.0714749
0 0.470506 0.744548 0.0422224 0.0855312
0 0.727412 0.62529 0.0416717 0.0814255
0 0.510945 0.74895 0.0469906 0.0891943
0 0.582945 0.466481 0.0305687 0.0704359
0 0.647089 0.465822 0.0312115 0.0713883
0 0.711802 0.465485 0.0364258 0.0682752
0 0.123179 0.615664 0.0443552 0.0839248
0 0.731146 0.279955 0.0301371 0.0592174
0 0.260615 0.466666 0.040489 0.0808825
0 0.553698 0.3952 0.0299103 0.0691401
0 0.802267 0.628203 0.0451141 0.0949329
0 0.439598 0.62174 0.0407392 0.0807882
0 0.466091 0.396534 0.0339505 0.0627482
0 0.429536 0.740355 0.049786 0.080393
0 0.680795 0.466457 0.0308783 0.0716198
0 0.377441 0.287527 0.0330891 0.063982
0 0.787766 0.276512 0.0315905 0.0537827
0 0.232198 0.459068 0.0390676 0.0879507
1 0.302889 0.617221 0.0407259 0.0720776
0 0.408437 0.396184 0.0340471 0.0594246
0 0.51995 0.467532 0.0336087 0.0724398
0 0.614673 0.621183 0.0351622 0.0824213
0 0.815975 0.273641 0.0366886 0.0623997
0 0.560726 0.282896 0.0250177 0.0547165
0 0.280774 0.40041 0.0391318 0.0592842
0 0.583267 0.396005 0.030262 0.0620553
0 0.285239 0.290568 0.0335956 0.0665998
0 0.521663 0.395374 0.0314603 0.0620595
0 0.614075 0.466537 0.0292809 0.0707464
0 0.235457 0.288214 0.0364267 0.0622433
0 0.0596091 0.732886 0.0536533 0.0752321
0 0.672227 0.281848 0.028115 0.0539006
0 0.25015 0.401083 0.0378111 0.0641088
0 0.761348 0.277631 0.0283638 0.0638837
0 0.152327 0.618094 0.0455332 0.0795889
0 0.336132 0.289815 0.0342417 0.0630479
0 0.679351 0.393777 0.0306122 0.0732404
0 0.480813 0.287988 0.0287271 0.0593152
0 0.5899 0.283515 0.0292931 0.0590362
0 0.506 0.286754 0.0261282 0.0541752
0 0.429898 0.289522 0.0261967 0.0636531
0 0.404398 0.290041 0.0273587 0.0584212
0 0.618179 0.282867 0.0252548 0.0606279
0 0.455041 0.287895 0.0267345 0.0635667
0 0.350695 0.401886 0.0359244 0.0593866
0 0.176285 0.460004 0.0363445 0.0771946
0 0.700888 0.280165 0.0265411 0.0519526
0 0.551904 0.465559 0.0271761 0.0671984
0 0.0266052 0.73024 0.0479926 0.0678115
