1 0.71049 0.390333 0.0358021 0.0720434
1 0.137752 0.739289 0.0574162 0.0858585
0 0.219703 0.738503 0.0538138 0.0908345
1 0.252287 0.621173 0.0420323 0.0777802
1 0.219443 0.616451 0.0428047 0.0805757
0 0.429791 0.743127 0.0497426 0.0825036
1 0.29934 0.733808 0.0520019 0.0781111
0 0.387376 0.746397 0.0519666 0.0834196
1 0.311897 0.40201 0.0371466 0.0623568
0 0.344795 0.739844 0.0526587 0.0784616
1 0.367751 0.46702 0.0431195 0.0842343
0 0.470773 0.743904 0.0425013 0.0842539
1 0.848786 0.459674 0.0438705 0.0743668
0 0.0594169 0.733244 0.0541162 0.0768585
1 0.096086 0.737893 0.0556791 0.0859029
0 0.17704 0.738633 0.0583168 0.0883202
1 0.689927 0.627446 0.0443285 0.0834181
1 0.260426 0.465931 0.0413469 0.0802315
1 0.257212 0.738023 0.053962 0.0878996
1 0.396245 0.467995 0.0377541 0.0786169
1 0.440315 0.6218 0.0406267 0.0809753
1 0.728737 0.624296 0.0421734 0.0824883
1 0.543466 0.619495 0.0356008 0.0793396
1 0.290955 0.464323 0.0369562 0.07843
1 0.87645 0.622497 0.0491236 0.0883393
1 0.508628 0.624473 0.0364578 0.0877346
1 0.766082 0.626625 0.0436722 0.090864
1 0.534213 0.285381 0.0261635 0.0564931
1 0.338127 0.616474 0.0408045 0.0806032
1 0.777418 0.463887 0.039852 0.0756053
1 0.740338 0.391578 0.0318463 0.0704876
1 0.49628 0.395121 0.032687 0.061928
1 0.302738 0.617882 0.0402919 0.0749956
1 0.376392 0.400321 0.0355904 0.0628542
1 0.156348 0.617257 0.0447129 0.0813313
1 0.804649 0.627939 0.0458246 0.0925395
1 0.520786 0.466796 0.0332409 0.0723566
1 0.613749 0.392353 0.0345764 0.0667026
1 0.40547 0.621358 0.0427668 0.0812157
1 0.840767 0.624472 0.0421091 0.0888882
1 0.816082 0.275413 0.0369856 0.0621327
1 0.260074 0.290295 0.0356999 0.0665109
1 0.579511 0.619978 0.0367805 0.0856167
1 0.313443 0.289753 0.0364539 0.0657671
1 0.772608 0.393622 0.0378498 0.076764
1 0.511076 0.747417 0.0460672 0.0858076
1 0.590976 0.28257 0.028529 0.0582546
1 0.811769 0.465513 0.0347317 0.0693777
1 0.76002 0.278609 0.0273941 0.0642457
1 0.371922 0.620067 0.0497626 0.0854143
1 0.350824 0.401024 0.0355469 0.0592463
1 0.225545 0.399609 0.0417817 0.0631027
1 0.481644 0.288424 0.0285145 0.0630221
1 0.2519 0.400587 0.039602 0.0636375
1 0.286146 0.290424 0.0356259 0.0669474
1 0.48969 0.468981 0.0327275 0.0745308
1 0.430575 0.290583 0.0259257 0.0641063
1 0.680669 0.393411 0.0327698 0.0758342
1 0.409629 0.39643 0.0335887 0.0582467
1 0.340105 0.289574 0.0342483 0.0640576
1 0.712157 0.466344 0.0343212 0.0673483
1 0.562219 0.282492 0.0253685 0.0557905
1 0.671159 0.280375 0.027854 0.0540329
1 0.745734 0.467073 0.0320398 0.0712914
1 0.234002 0.28904 0.0375864 0.0636593
1 0.197821 0.400593 0.0421856 0.0599608
1 0.839311 0.39059 0.0376963 0.0691119
1 0.805513 0.391056 0.0345366 0.073307
1 0.6472 0.389793 0.0307716 0.0723468
1 0.377908 0.287553 0.0328903 0.0620362
1 0.650824 0.624343 0.0368732 0.0830269
1 0.553925 0.465744 0.0274811 0.0705107
1 0.58385 0.395589 0.0295486 0.0627761
1 0.681271 0.466941 0.0315382 0.0703242
1 0.188948 0.618124 0.0435206 0.0801191
1 0.614585 0.620252 0.0349599 0.0854807
1 0.281203 0.400246 0.0383418 0.060911
1 0.615661 0.46645 0.0270002 0.0706713
1 0.404595 0.290584 0.026747 0.0597471
1 0.584942 0.466322 0.0306675 0.0701078
1 0.336755 0.469256 0.0304291 0.0864094
1 0.176523 0.460825 0.0389051 0.0790314
1 0.124492 0.614737 0.0477073 0.0837872
1 0.64719 0.465671 0.0308705 0.0721035
1 0.731432 0.280108 0.0291111 0.0580124
1 0.472044 0.621708 0.0369104 0.0819166
1 0.786309 0.277932 0.0303115 0.0585581
1 0.429275 0.463238 0.0365191 0.0834673
1 0.231486 0.459335 0.0406876 0.0826097
1 0.456889 0.469322 0.0301477 0.0755323
1 0.465407 0.396215 0.0337776 0.0643414
1 0.55483 0.395283 0.028808 0.0661596
1 0.455831 0.289137 0.0261887 0.064642
1 0.643075 0.28101 0.0260275 0.0566152
1 0.507094 0.286545 0.0256479 0.0551981
1 0.618355 0.281508 0.0240581 0.0586851
1 0.435967 0.395707 0.0329523 0.0588459
1 0.205313 0.46047 0.0422503 0.0806578
1 0.522555 0.39499 0.0314259 0.0620413
1 0.7009 0.279945 0.0288654 0.0535949
