1 0.137133 0.737935 0.0573812 0.0867111
1 0.219691 0.615842 0.0446411 0.0806004
1 0.18605 0.617921 0.0446962 0.0797329
0 0.344318 0.738942 0.0517834 0.0787913
1 0.25338 0.621054 0.042288 0.076208
0 0.223733 0.399807 0.0413414 0.0637523
1 0.850392 0.457409 0.0423782 0.0759471
0 0.386401 0.745949 0.0523141 0.0837991
0 0.249388 0.400621 0.0393464 0.0625968
1 0.312413 0.403049 0.0384847 0.0629088
1 0.257948 0.737089 0.0525608 0.0866293
1 0.0961381 0.73666 0.056147 0.0841463
0 0.299471 0.734855 0.0526485 0.0800487
0 0.470645 0.744 0.0429163 0.085154
0 0.429188 0.740881 0.0499758 0.0808266
1 0.372705 0.61919 0.0488388 0.0845593
0 0.259187 0.288639 0.0352894 0.0650206
1 0.375307 0.399461 0.0358801 0.0623653
1 0.367785 0.466705 0.0432055 0.0808884
1 0.284576 0.288884 0.0348519 0.067426
1 0.439638 0.622224 0.0412796 0.0814068
1 0.544076 0.621041 0.0370902 0.0808334
1 0.33849 0.617244 0.0410366 0.0791172
1 0.394637 0.46812 0.0370475 0.0769581
1 0.17477 0.738635 0.0577253 0.0916855
1 0.406115 0.620141 0.0414555 0.0796646
1 0.727639 0.625507 0.0423641 0.0847023
1 0.260548 0.467305 0.0415467 0.0784998
1 0.561799 0.280692 0.0247934 0.0558827
1 0.802879 0.626406 0.0452744 0.0917047
1 0.465032 0.395197 0.0333391 0.0614077
1 0.771878 0.39066 0.0377607 0.0747447
1 0.218672 0.73586 0.0561981 0.0919041
1 0.672509 0.279215 0.0276202 0.0563899
1 0.816938 0.269969 0.0351198 0.0619817
1 0.613925 0.39116 0.0339134 0.0646951
1 0.519885 0.465994 0.0322618 0.0725466
0 0.0582042 0.733241 0.0541614 0.078063
1 0.765024 0.625034 0.0413572 0.0883413
1 0.507314 0.624842 0.0380728 0.088253
0 0.511002 0.746721 0.0464113 0.0865505
0 0.480801 0.286934 0.0288995 0.0622166
1 0.30209 0.61811 0.040702 0.0734488
1 0.690993 0.627947 0.039793 0.0852179
1 0.37652 0.28635 0.0323755 0.0656077
1 0.73148 0.277429 0.0296986 0.0585814
0 0.838387 0.388842 0.0359394 0.0653885
1 0.428182 0.464603 0.0381057 0.0819889
1 0.78803 0.274488 0.0314953 0.0553457
1 0.739972 0.389663 0.0333361 0.0709362
1 0.805635 0.388631 0.0339237 0.0690695
1 0.533374 0.283577 0.027939 0.0587934
1 0.311871 0.286774 0.0373076 0.0657724
1 0.779972 0.462351 0.0388875 0.0761356
1 0.429856 0.288998 0.0249928 0.0646509
1 0.681179 0.465465 0.0324436 0.0721909
1 0.175048 0.460883 0.0398232 0.0780423
1 0.408527 0.395464 0.0338441 0.0590108
0 0.875367 0.621611 0.0514591 0.0897671
0 0.589679 0.281315 0.0280062 0.0584062
1 0.553606 0.393105 0.0293777 0.0681704
1 0.583696 0.464301 0.0318761 0.0720424
1 0.333961 0.469241 0.0315537 0.0861412
1 0.349472 0.399496 0.0362279 0.0587546
1 0.646137 0.46386 0.0323488 0.0744995
1 0.761103 0.276202 0.0282805 0.0640195
0 0.496612 0.394426 0.0327129 0.0615473
0 0.196971 0.399283 0.0429003 0.0610938
1 0.581124 0.621131 0.0371557 0.0845757
1 0.489423 0.468342 0.0318084 0.0756305
0 0.436071 0.39508 0.0345086 0.0582997
1 0.746767 0.465406 0.0330717 0.0722065
1 0.153093 0.616529 0.0441785 0.079222
1 0.471772 0.621834 0.0361646 0.0833469
1 0.813432 0.463759 0.0343224 0.069046
0 0.644471 0.279778 0.0251989 0.0570023
1 0.839011 0.62451 0.0408199 0.0901027
0 0.454558 0.286917 0.026178 0.0655358
1 0.280351 0.400059 0.041144 0.0609057
1 0.712684 0.465151 0.0348986 0.0686927
0 0.679474 0.390968 0.0317655 0.0732307
0 0.506256 0.284522 0.0259157 0.0550694
1 0.45586 0.46821 0.030959 0.0758654
0 0.618808 0.280599 0.0258349 0.0605273
1 0.709265 0.387826 0.0344494 0.0707576
1 0.65262 0.623635 0.0364195 0.0848293
1 0.646639 0.388174 0.0307737 0.0714481
0 0.404208 0.289194 0.0269724 0.0606042
1 0.230869 0.462384 0.0413642 0.0811743
1 0.28972 0.464764 0.036225 0.0777329
1 0.614346 0.465576 0.0269531 0.0730345
1 0.551814 0.464932 0.0283891 0.0703404
1 0.616805 0.621857 0.0343193 0.0848948
1 0.583187 0.393984 0.0297737 0.0621496
1 0.20321 0.461971 0.0435085 0.0801317
1 0.336481 0.287435 0.0336938 0.0644377
1 0.700996 0.277544 0.0270295 0.0534555
1 0.235627 0.28692 0.0346761 0.0615238
0 0.522003 0.393537 0.0324991 0.0609245
1 0.122455 0.61433 0.0441165 0.0825946
0 0.125126 0.615538 0.0424688 0.0796762
1 0.0254969 0.73406 0.048998 0.0787376
