0 0.137203 0.738925 0.0553715 0.0862881
0 0.779203 0.462582 0.0389561 0.0734375
0 0.337128 0.615759 0.0399273 0.07836
0 0.312515 0.402135 0.0375443 0.0627571
0 0.532829 0.284247 0.0266349 0.0571764
0 0.257173 0.737835 0.0536089 0.0884038
0 0.77353 0.390606 0.0384966 0.0760932
0 0.372371 0.620071 0.0497225 0.0854292
0 0.375073 0.400394 0.0358243 0.0615683
0 0.84847 0.457628 0.0414755 0.0758873
0 0.298812 0.735402 0.0537959 0.0820328
0 0.218668 0.615205 0.0421635 0.0804166
0 0.28916 0.465286 0.0370894 0.0808426
0 0.259544 0.288914 0.0361277 0.065179
0 0.223437 0.399144 0.0401125 0.0630231
0 0.48956 0.46793 0.0320601 0.0738165
0 0.646851 0.38728 0.0307255 0.0707933
0 0.386171 0.746102 0.0525338 0.0847074
0 0.613781 0.390605 0.0348806 0.0650045
0 0.709826 0.388046 0.03593 0.0720857
0 0.367292 0.465346 0.0423615 0.083006
0 0.204298 0.461102 0.0453597 0.0823557
0 0.469641 0.742918 0.0416578 0.0824265
0 0.197941 0.399693 0.0426021 0.0586426
0 0.542059 0.62054 0.0371691 0.081914
0 0.175855 0.738834 0.0598983 0.087575
0 0.746946 0.464958 0.0327643 0.0733473
0 0.553626 0.392753 0.0303237 0.0697095
0 0.0945481 0.737653 0.0563444 0.0847038
0 0.394751 0.468394 0.0368511 0.0766706
0 0.344235 0.738478 0.0526415 0.0792818
0 0.764276 0.624443 0.0414074 0.0905437
0 0.816005 0.272426 0.0359379 0.0624252
0 0.455713 0.468531 0.0304707 0.0766998
0 0.252711 0.620691 0.0432294 0.0781374
0 0.218054 0.736275 0.0540539 0.0915071
0 0.33586 0.467756 0.0313301 0.0841492
0 0.435555 0.395637 0.0345815 0.059684
0 0.837747 0.389525 0.036438 0.0658137
0 0.689232 0.626662 0.041145 0.0846681
0 0.812817 0.464182 0.035574 0.069269
0 0.428581 0.740987 0.0487485 0.0810281
0 0.740409 0.388951 0.0324316 0.0703562
0 0.578617 0.620654 0.0365257 0.0858948
0 0.311849 0.288076 0.0371369 0.0657298
0 0.47072 0.620312 0.0356739 0.0819468
0 0.151426 0.616208 0.0463904 0.0812426
0 0.875592 0.620619 0.0493938 0.0883724
0 0.427583 0.462955 0.0370241 0.0833216
0 0.404275 0.619841 0.0410823 0.0800669
0 0.643512 0.28011 0.0259895 0.055169
0 0.73071 0.278365 0.0304821 0.0587046
0 0.0585603 0.733467 0.0547083 0.0759752
0 0.679744 0.392073 0.0306944 0.0734119
0 0.510296 0.747043 0.0470834 0.0866125
0 0.71203 0.464513 0.0362257 0.067961
0 0.761381 0.277097 0.027891 0.0636996
0 0.647238 0.463754 0.0313324 0.0724619
0 0.505691 0.624499 0.0371074 0.0887521
0 0.583051 0.465177 0.0306952 0.0719341
0 0.519737 0.466095 0.034005 0.073016
0 0.727231 0.623556 0.0418967 0.081568
0 0.805543 0.388637 0.0330362 0.0710413
0 0.234747 0.287385 0.0362268 0.0624576
0 0.46563 0.394951 0.0334986 0.0634032
0 0.78795 0.275322 0.0309774 0.0542935
0 0.838362 0.62219 0.0418571 0.0913085
0 0.249586 0.400522 0.0380912 0.0644814
0 0.651286 0.624539 0.0369983 0.0824949
0 0.18746 0.617946 0.0446471 0.0811849
0 0.615126 0.619375 0.0355991 0.0845148
0 0.121455 0.613716 0.0460392 0.085753
0 0.439254 0.621208 0.0413757 0.0802336
0 0.614299 0.465462 0.0290011 0.071645
0 0.802434 0.626858 0.0454306 0.0937887
0 0.280441 0.39978 0.0391013 0.0594019
0 0.301878 0.617047 0.0397002 0.0716305
0 0.231753 0.457778 0.0393497 0.0880549
0 0.285156 0.289154 0.0339575 0.0664369
0 0.408103 0.395332 0.0332508 0.0587693
0 0.260624 0.466256 0.0397886 0.0802999
0 0.377917 0.286243 0.031617 0.0644814
0 0.335241 0.289063 0.0344419 0.0635856
0 0.505836 0.285009 0.0263614 0.0548494
0 0.589149 0.281566 0.0293667 0.0584488
0 0.681032 0.465033 0.0309815 0.0700439
0 0.67341 0.279369 0.028331 0.0549524
0 0.495711 0.394153 0.0324322 0.0620233
0 0.560888 0.280941 0.0250723 0.0537627
0 0.350473 0.40059 0.0354094 0.0594499
0 0.175682 0.45853 0.0374109 0.0780191
0 0.404144 0.288144 0.0269495 0.0596257
0 0.42926 0.288313 0.0258811 0.0643364
0 0.480279 0.286666 0.0287729 0.0621467
0 0.521779 0.393688 0.0310314 0.0622154
0 0.454756 0.28694 0.0259836 0.0650346
0 0.618786 0.281104 0.0249701 0.0599435
0 0.70142 0.278691 0.0259413 0.0519602
0 0.582898 0.395219 0.029985 0.0600328
0 0.551825 0.464194 0.0263144 0.070278
