0 0.137758 0.738767 0.0531573 0.0849688
0 0.258326 0.736972 0.0535046 0.0882297
0 0.779172 0.462859 0.0388479 0.0722982
1 0.336716 0.616546 0.0415763 0.0789139
0 0.372967 0.620005 0.0489728 0.0850841
0 0.29975 0.73406 0.0524931 0.0807402
0 0.312638 0.404118 0.0377494 0.0620576
0 0.773523 0.392469 0.0383814 0.074501
0 0.177141 0.738889 0.057787 0.0879198
0 0.0946283 0.736984 0.0561295 0.0849264
0 0.613493 0.390831 0.0357667 0.0647803
0 0.224653 0.400186 0.0411606 0.0617906
1 0.202403 0.461084 0.0445168 0.0815991
1 0.726914 0.624244 0.0414683 0.0835905
0 0.218595 0.737423 0.0561134 0.0919998
0 0.289941 0.465435 0.0372472 0.080928
0 0.344462 0.738763 0.0526383 0.0786387
0 0.646444 0.389279 0.0320032 0.0690595
0 0.387026 0.74566 0.0514831 0.0826469
0 0.813035 0.464502 0.0358677 0.0677701
0 0.532752 0.286404 0.0269294 0.0581451
1 0.466104 0.396371 0.0350676 0.066074
0 0.6816 0.465225 0.0309628 0.0706643
0 0.740319 0.390407 0.0331497 0.0700116
0 0.470617 0.743447 0.0425881 0.083804
0 0.838262 0.623179 0.0413384 0.0905052
1 0.188038 0.618801 0.0450018 0.0817247
0 0.429441 0.741913 0.0496534 0.0815233
0 0.76106 0.279494 0.028331 0.0646916
0 0.579014 0.621978 0.0370432 0.0863668
0 0.746591 0.465664 0.0330778 0.0718292
1 0.428468 0.464266 0.0371287 0.0833857
0 0.764112 0.624508 0.0419867 0.0882891
0 0.368101 0.46642 0.0420685 0.0815946
0 0.235587 0.288824 0.0368808 0.0629351
0 0.542 0.621375 0.0366205 0.0809414
0 0.37615 0.402419 0.0356345 0.0597783
0 0.519513 0.467791 0.0324265 0.07174
1 0.311934 0.288829 0.036904 0.0654974
0 0.336167 0.290023 0.0341456 0.0626975
0 0.710145 0.390859 0.0357136 0.0708826
1 0.471297 0.620711 0.037401 0.0817658
0 0.219634 0.616123 0.0417527 0.0812698
0 0.614682 0.4659 0.029491 0.0701136
0 0.252706 0.620728 0.0424671 0.0767178
1 0.875377 0.621476 0.0495087 0.0896433
0 0.615094 0.620161 0.034783 0.0819535
0 0.689737 0.627362 0.0399616 0.0867447
0 0.395351 0.468644 0.0366306 0.0771172
0 0.259772 0.29096 0.0348465 0.0647382
0 0.712279 0.46534 0.0357044 0.0684404
0 0.589108 0.282815 0.0297204 0.0582005
0 0.285839 0.290477 0.0342114 0.0668421
0 0.805795 0.390242 0.0337299 0.0705935
0 0.787758 0.277321 0.0313774 0.0557056
0 0.506035 0.623622 0.036824 0.0877235
0 0.583696 0.466904 0.0310534 0.0718478
0 0.250465 0.40105 0.0375668 0.0626366
1 0.377443 0.28748 0.0336593 0.0630474
1 0.802133 0.627425 0.0439688 0.0941818
0 0.643964 0.282354 0.0258426 0.0557703
0 0.816423 0.274987 0.036244 0.0608157
0 0.510922 0.747327 0.0460341 0.0856312
1 0.560211 0.282337 0.0246633 0.0546357
0 0.490194 0.468453 0.0318207 0.0735478
0 0.731161 0.280459 0.0296564 0.0577374
0 0.6799 0.39403 0.0302879 0.0720317
0 0.849472 0.458527 0.042897 0.0762161
0 0.838411 0.391644 0.0369598 0.0662872
0 0.302715 0.617506 0.0384528 0.0716152
0 0.554096 0.394416 0.0291555 0.0700636
0 0.673148 0.281473 0.0283033 0.0543803
0 0.15433 0.616431 0.0445646 0.0805663
1 0.407755 0.620089 0.043555 0.0802744
0 0.05962 0.735455 0.0560988 0.0785316
1 0.520892 0.396577 0.0320107 0.0648769
1 0.651318 0.623921 0.0366069 0.0826996
1 0.701904 0.279689 0.0266928 0.0526118
0 0.404443 0.290149 0.0273108 0.0577893
0 0.582643 0.396198 0.0293587 0.0621843
0 0.618269 0.282301 0.025817 0.0595588
1 0.408595 0.396302 0.0332232 0.0577936
0 0.351131 0.401242 0.0360052 0.0597883
1 0.648172 0.46382 0.0304027 0.0708893
1 0.456222 0.469676 0.0308451 0.0751627
1 0.230958 0.458732 0.0405261 0.0860092
0 0.429867 0.290009 0.0268264 0.0625573
1 0.335273 0.469397 0.0324954 0.0850339
0 0.455096 0.288687 0.0264822 0.0631869
1 0.506292 0.286908 0.0257509 0.0559691
0 0.174056 0.460123 0.0367644 0.0800903
1 0.481301 0.289133 0.0283094 0.0603897
0 0.198007 0.401144 0.0421121 0.0589222
0 0.442292 0.62041 0.0385779 0.0797712
0 0.280323 0.4016 0.0403696 0.0599632
0 0.496278 0.395151 0.0312414 0.06394
0 0.260844 0.466295 0.0421562 0.0805162
1 0.551969 0.466229 0.0271973 0.0705065
0 0.435888 0.397155 0.034473 0.0605634
0 0.128737 0.614442 0.0408755 0.0809788
