1 0.738577 0.391901 0.0383983 0.0653145
1 0.713636 0.464836 0.0388872 0.0729767
1 0.332159 0.289135 0.0310625 0.0595468
1 0.366574 0.619746 0.0409636 0.0751039
1 0.437278 0.621461 0.0417951 0.0750936
1 0.582715 0.621091 0.0392614 0.0781555
1 0.211276 0.742266 0.0519543 0.0800177
1 0.335277 0.619062 0.0435828 0.0752388
1 0.258634 0.741072 0.0521163 0.0810589
1 0.552973 0.390477 0.0313275 0.0644528
1 0.508341 0.621534 0.0405236 0.0784759
1 0.707429 0.392815 0.0357522 0.0631519
1 0.217596 0.618998 0.0440431 0.0752975
1 0.54361 0.621587 0.0372299 0.0774987
1 0.535073 0.283493 0.0312009 0.0574181
1 0.253337 0.619888 0.0402177 0.0738765
1 0.209701 0.288253 0.038705 0.0622123
1 0.134892 0.74229 0.05115 0.0768569
1 0.405338 0.620615 0.0393793 0.075371
1 0.782298 0.464382 0.0382596 0.0747858
1 0.816628 0.463479 0.0398898 0.0774079
1 0.309608 0.28908 0.0349334 0.0598258
1 0.6205 0.621287 0.0337291 0.0805356
1 0.646607 0.466052 0.0313648 0.0715456
1 0.184529 0.618655 0.0465678 0.076362
1 0.365298 0.466145 0.0395923 0.0804913
1 0.583329 0.390971 0.0347382 0.0633773
1 0.302867 0.619234 0.0377023 0.0741576
1 0.289565 0.465899 0.0391271 0.0786373
1 0.470837 0.621609 0.0383196 0.07632
1 0.525038 0.39158 0.0299253 0.0634645
