0 0.138979 0.740129 0.0538291 0.0837988
0 0.219129 0.619267 0.0418828 0.0769961
0 0.774268 0.394197 0.0378366 0.0742584
0 0.177413 0.740094 0.0565791 0.0866985
0 0.779482 0.463483 0.0390509 0.0732596
0 0.258664 0.737823 0.0555982 0.0870577
1 0.364809 0.468222 0.0436377 0.0863848
0 0.578987 0.623565 0.0360725 0.0867754
1 0.251572 0.62497 0.0408765 0.0744198
0 0.488938 0.469305 0.0331659 0.0719004
1 0.506377 0.626841 0.0370165 0.0851995
0 0.438946 0.622993 0.0416749 0.0814104
0 0.746891 0.46661 0.0330826 0.0718821
0 0.651736 0.627616 0.0371333 0.082814
0 0.533226 0.285754 0.0262376 0.0557137
0 0.198365 0.402724 0.0418217 0.0581582
0 0.259093 0.292176 0.035765 0.0656675
0 0.710562 0.391407 0.0370571 0.071663
0 0.187303 0.621398 0.0446482 0.0778778
0 0.615219 0.623153 0.0346933 0.0836869
1 0.396063 0.465281 0.0385349 0.0821411
0 0.0937522 0.739359 0.0587489 0.0844219
0 0.614948 0.38948 0.0342522 0.0684082
0 0.542718 0.622855 0.0360422 0.0829371
0 0.741084 0.392406 0.031782 0.0693761
0 0.260936 0.467229 0.0403659 0.0815378
0 0.495134 0.396784 0.0322182 0.06043
0 0.764652 0.626864 0.041044 0.0913991
1 0.336722 0.618671 0.042131 0.0756811
0 0.436725 0.39735 0.0333511 0.0574597
0 0.233559 0.291148 0.0379226 0.0640773
0 0.813326 0.466496 0.0358818 0.0690143
0 0.681489 0.466987 0.0312944 0.0713101
0 0.219995 0.73847 0.0567099 0.0911289
0 0.727478 0.62623 0.0419189 0.0842937
0 0.466527 0.396106 0.0345743 0.0626059
0 0.875952 0.622411 0.048996 0.0888758
0 0.838273 0.625621 0.0414463 0.0918652
0 0.802839 0.62863 0.0451803 0.0946058
0 0.673729 0.281616 0.0277555 0.0524628
1 0.690102 0.627998 0.0413845 0.0815073
0 0.377244 0.401523 0.0334777 0.0595296
0 0.849331 0.460344 0.043239 0.077169
1 0.404346 0.622365 0.0411707 0.0802185
0 0.561147 0.283415 0.0259497 0.0544419
1 0.332785 0.471411 0.0314424 0.0913512
0 0.522724 0.395894 0.0308846 0.0623209
0 0.644189 0.282465 0.0264603 0.0559395
1 0.378067 0.28877 0.0344431 0.062664
0 0.64762 0.388356 0.0303535 0.0715146
1 0.284525 0.292358 0.0337116 0.066018
0 0.175312 0.463238 0.0396481 0.0781959
0 0.223938 0.401467 0.0408079 0.0625689
0 0.310679 0.290398 0.0356689 0.0658846
1 0.583888 0.467569 0.031319 0.0715799
0 0.457468 0.469961 0.030864 0.0739466
1 0.204013 0.463661 0.0432802 0.0833315
0 0.470566 0.746239 0.0417632 0.0875946
0 0.805934 0.39068 0.0338415 0.0704847
0 0.554378 0.395127 0.0295986 0.0668275
0 0.712445 0.467395 0.0363551 0.0696424
0 0.251108 0.40127 0.0394757 0.0634818
0 0.430839 0.742104 0.0488207 0.0831893
0 0.51938 0.467376 0.0316843 0.0715786
0 0.837531 0.392475 0.0359131 0.0643778
0 0.817471 0.275289 0.037364 0.0605559
1 0.335287 0.290929 0.0337523 0.0636942
0 0.614942 0.465939 0.0286663 0.0693333
1 0.409316 0.397686 0.0344883 0.0567608
0 0.590522 0.284046 0.02932 0.0595737
0 0.5521 0.466259 0.0280198 0.0684811
1 0.37225 0.620629 0.0499953 0.0841624
0 0.510737 0.75006 0.0468122 0.0899465
0 0.618196 0.282869 0.0249496 0.0584813
0 0.68039 0.395079 0.0312753 0.0727133
0 0.647537 0.465134 0.0301725 0.0718284
0 0.427545 0.463761 0.0375568 0.0816675
1 0.289425 0.46768 0.0375236 0.0815079
0 0.153003 0.620375 0.0438298 0.0781679
0 0.281258 0.401298 0.0381186 0.0597713
1 0.470467 0.622773 0.0360267 0.0802185
0 0.584002 0.396088 0.0314283 0.0622515
1 0.302142 0.620615 0.0387913 0.0700821
0 0.506103 0.287307 0.0265738 0.0552129
0 0.231336 0.463284 0.0415124 0.0826245
0 0.0575674 0.737102 0.055294 0.079212
0 0.455439 0.289516 0.026437 0.0640985
0 0.702004 0.280946 0.0296684 0.051522
0 0.301039 0.734846 0.0515414 0.0785517
0 0.788097 0.278626 0.0314438 0.0532333
0 0.388963 0.745785 0.0487844 0.0834749
0 0.731885 0.280467 0.0288862 0.059907
0 0.348602 0.741049 0.0553844 0.0810363
0 0.429949 0.290676 0.0263107 0.0634411
0 0.761706 0.27909 0.0288498 0.0644473
0 0.48073 0.288264 0.0286927 0.0597314
0 0.126141 0.617648 0.0416149 0.0798973
0 0.404777 0.290739 0.0270116 0.0595431
0 0.353052 0.401555 0.0322557 0.0580822
1 0.471122 0.74615 0.0420616 0.088522
0 0.311507 0.402488 0.0336902 0.0611527
1 0.510675 0.749409 0.0478877 0.0894061
