1 0.259689 0.739934 0.052388 0.0832572
1 0.377351 0.405996 0.0331453 0.0589865
1 0.839354 0.395806 0.0364738 0.0670119
1 0.742436 0.397092 0.0349928 0.063804
1 0.618103 0.39667 0.031873 0.0629128
1 0.438997 0.623385 0.0399063 0.0783367
1 0.507227 0.289228 0.0314135 0.0577512
1 0.497686 0.400604 0.0275476 0.0560493
1 0.371211 0.62262 0.0406949 0.0761822
1 0.407216 0.405287 0.0348427 0.0594349
1 0.534356 0.28894 0.0314772 0.0570389
1 0.469479 0.40121 0.0297455 0.0571158
1 0.713986 0.469738 0.0366098 0.0716423
1 0.310006 0.406769 0.0399807 0.0569544
1 0.52167 0.468911 0.03079 0.0737428
1 0.37619 0.293633 0.0277817 0.0623039
1 0.279188 0.406697 0.0369761 0.0578713
1 0.337175 0.622075 0.0440258 0.0743641
1 0.45348 0.290608 0.0293006 0.0582218
1 0.236913 0.290488 0.0380962 0.0632544
1 0.507865 0.622482 0.0394205 0.0792513
1 0.554163 0.397866 0.0308328 0.0587058
1 0.584332 0.396803 0.0327607 0.0612614
1 0.542751 0.622456 0.0369596 0.0800979
1 0.729489 0.283927 0.0282087 0.0542427
1 0.187393 0.618963 0.0476201 0.0767394
1 0.468551 0.744899 0.0413357 0.0770703
1 0.489339 0.468894 0.0376294 0.0747907
1 0.480502 0.289938 0.0306715 0.0580372
1 0.646423 0.285813 0.02788 0.054695
1 0.814825 0.465927 0.0384229 0.07181
1 0.708437 0.397258 0.0363369 0.0626092
1 0.406229 0.622536 0.0415612 0.0788889
1 0.615781 0.469172 0.034337 0.0718115
1 0.2848 0.29245 0.0345778 0.0633133
1 0.309449 0.293505 0.0344316 0.0649474
1 0.156661 0.6188 0.0491678 0.0764765
1 0.260899 0.291404 0.0354939 0.0626361
1 0.438251 0.401579 0.0327245 0.0583151
1 0.257115 0.620883 0.045967 0.0740745
1 0.745504 0.468496 0.0345208 0.0732646
1 0.401208 0.292959 0.0277009 0.060886
