1 0.495658 0.397497 0.0290345 0.0606925
1 0.401664 0.288741 0.0291647 0.0560199
1 0.428539 0.288449 0.0295051 0.0559041
1 0.540459 0.62271 0.0362921 0.0763602
1 0.440536 0.620292 0.0391824 0.0788928
1 0.337243 0.619456 0.0443258 0.074202
1 0.370237 0.619715 0.0405933 0.075039
1 0.219066 0.619516 0.0440899 0.0746794
1 0.379849 0.405664 0.0323397 0.0579318
1 0.553843 0.395318 0.0312611 0.0623112
1 0.255444 0.619837 0.0411851 0.0728699
1 0.187866 0.61918 0.0459921 0.0762086
1 0.406838 0.619869 0.0415951 0.0783854
1 0.31125 0.289952 0.0350806 0.056886
1 0.480486 0.287707 0.029906 0.0544054
1 0.466442 0.397896 0.0311864 0.0600114
1 0.333815 0.290561 0.0305663 0.0560841
1 0.260206 0.289711 0.0368547 0.059085
1 0.521287 0.468039 0.0304458 0.0712972
1 0.352269 0.406128 0.0321873 0.0575267
1 0.30487 0.619619 0.0418867 0.0717023
1 0.779686 0.467572 0.0348115 0.071166
1 0.337656 0.468735 0.0387845 0.0751581
1 0.284786 0.289755 0.0353702 0.0580853
1 0.156686 0.618502 0.0502522 0.0764679
1 0.213112 0.742462 0.0473097 0.0789067
1 0.506783 0.287108 0.027674 0.0524958
1 0.407002 0.400595 0.0306867 0.0567956
1 0.582712 0.467565 0.0347467 0.0695422
1 0.453945 0.288175 0.0290899 0.0555062
1 0.613663 0.623219 0.0388971 0.079734
1 0.48961 0.46781 0.035994 0.0705782
1 0.30824 0.405557 0.0371716 0.0590881
1 0.64474 0.283732 0.0297738 0.0571065
