0 0.138699 0.738934 0.0543175 0.0845669
0 0.258147 0.737544 0.0534256 0.0874979
0 0.0957404 0.737661 0.0556708 0.0849399
0 0.779235 0.462765 0.0383135 0.0720589
0 0.299637 0.735249 0.0526663 0.0811967
0 0.177394 0.739317 0.0571325 0.0870947
0 0.430104 0.740488 0.0496588 0.0811184
0 0.489773 0.468675 0.0323184 0.0741856
0 0.387626 0.745132 0.0511835 0.0830893
0 0.764145 0.624611 0.0407776 0.0905645
0 0.2185 0.73753 0.0553537 0.0917616
0 0.37523 0.401942 0.0362703 0.0619241
0 0.533069 0.285473 0.0263876 0.0569051
0 0.313166 0.402775 0.037548 0.0619167
0 0.746864 0.464984 0.0334638 0.0714447
0 0.204858 0.462682 0.0442601 0.0814314
0 0.373042 0.61915 0.0465087 0.0845274
1 0.338435 0.616474 0.0410117 0.0797794
0 0.542418 0.620686 0.0365654 0.0812109
0 0.773753 0.391877 0.0371971 0.0762865
0 0.290483 0.465538 0.0377344 0.0813656
0 0.614492 0.390601 0.0346598 0.0666639
0 0.57892 0.622149 0.0365137 0.08628
0 0.219547 0.616361 0.0427089 0.0798098
0 0.64362 0.28164 0.0261559 0.0546882
0 0.395845 0.468867 0.0373094 0.0783833
0 0.689414 0.627291 0.0413123 0.0856598
0 0.335997 0.468726 0.0316608 0.08507
0 0.727659 0.624896 0.0418417 0.0831492
0 0.83761 0.622398 0.0409695 0.0910352
0 0.404776 0.620198 0.0415682 0.0800226
0 0.614998 0.620697 0.0353001 0.0825499
0 0.806147 0.389373 0.0338209 0.0705892
0 0.740709 0.390513 0.0332256 0.0711575
0 0.435826 0.395872 0.0347732 0.0598888
0 0.730841 0.279847 0.0300644 0.0606014
0 0.520092 0.467411 0.0334952 0.072964
0 0.673425 0.280564 0.0277008 0.052953
0 0.466018 0.395905 0.0346586 0.0638941
0 0.81313 0.464657 0.0358238 0.0671509
0 0.647679 0.464682 0.0305408 0.0706613
0 0.198754 0.402867 0.0418937 0.0566914
0 0.345227 0.738598 0.0522166 0.0781052
0 0.651054 0.623988 0.0365324 0.0836328
0 0.188353 0.618981 0.0445074 0.0778399
0 0.647217 0.388821 0.0304003 0.0730017
0 0.456364 0.468786 0.0307785 0.0754007
0 0.496209 0.395151 0.0326996 0.0619397
0 0.837997 0.390783 0.0372303 0.067024
0 0.471215 0.621252 0.0354736 0.0816908
0 0.554097 0.394384 0.0294639 0.0684555
0 0.506224 0.624506 0.0374216 0.0894904
0 0.0591512 0.735066 0.0534352 0.0794956
0 0.681072 0.465791 0.0313486 0.0696695
0 0.801906 0.626798 0.045829 0.0950588
0 0.408409 0.395872 0.0342445 0.0599411
0 0.439429 0.620951 0.0415442 0.0806998
0 0.761233 0.27707 0.0280396 0.0635362
0 0.427939 0.464344 0.037746 0.0823795
0 0.285988 0.290154 0.0343683 0.0662242
0 0.874572 0.620386 0.0494932 0.0884425
0 0.710125 0.389558 0.0354523 0.072828
0 0.711847 0.465377 0.0350427 0.0673076
0 0.583841 0.46533 0.0306751 0.0698412
1 0.303091 0.61756 0.040321 0.0706375
0 0.377988 0.286484 0.0328153 0.0620697
0 0.510907 0.746724 0.0460885 0.0863295
0 0.260359 0.289689 0.0353084 0.0647018
0 0.614705 0.465454 0.0290123 0.0705318
0 0.223963 0.400973 0.0408004 0.062317
0 0.816972 0.274454 0.0371533 0.065365
0 0.154099 0.617936 0.0430636 0.0784515
0 0.232815 0.458868 0.0398474 0.0886536
0 0.28122 0.400574 0.0400944 0.0607548
0 0.261682 0.466278 0.0398665 0.0810144
0 0.367927 0.466475 0.0422423 0.0847889
0 0.561132 0.282363 0.0254849 0.0550389
0 0.312623 0.288646 0.0370105 0.0652301
0 0.680027 0.393336 0.0317562 0.0748988
0 0.84942 0.457867 0.0421736 0.0776986
0 0.480944 0.288019 0.0286505 0.0594208
0 0.336337 0.289498 0.0334519 0.0635431
0 0.787823 0.277059 0.0319037 0.0541392
0 0.235851 0.287706 0.0359529 0.060735
0 0.404809 0.289121 0.0276533 0.057633
0 0.590606 0.282236 0.0298804 0.0590908
1 0.253101 0.621994 0.0424835 0.0752564
0 0.471304 0.74306 0.0420395 0.083348
0 0.506348 0.286792 0.02589 0.0542575
0 0.700937 0.279879 0.0272772 0.0517741
0 0.252012 0.400906 0.0379507 0.0633108
0 0.58343 0.395164 0.0307091 0.0625646
0 0.430053 0.289157 0.0260869 0.062763
0 0.522167 0.395086 0.0308118 0.0619533
0 0.455154 0.288063 0.0265203 0.0631982
0 0.350872 0.401426 0.0357625 0.0589549
0 0.552096 0.465104 0.0275724 0.0679968
0 0.618278 0.282505 0.0247805 0.0593192
0 0.123914 0.614923 0.0477713 0.0845825
0 0.176729 0.45946 0.0353573 0.0769285
0 0.026847 0.733063 0.0497516 0.0729956
