0 0.13823 0.738921 0.0544756 0.0851271
0 0.779013 0.463308 0.0383402 0.0721625
0 0.337819 0.61627 0.0402945 0.0780619
0 0.257816 0.737231 0.0533725 0.0874084
0 0.312959 0.403905 0.0375932 0.0619982
0 0.372651 0.62032 0.0495763 0.0845202
0 0.299496 0.734865 0.0531493 0.0808352
0 0.21894 0.616577 0.0419741 0.0795174
0 0.176705 0.739476 0.0586623 0.0878954
0 0.533174 0.285662 0.0264389 0.0569343
0 0.0949547 0.737363 0.0566895 0.0854021
0 0.290228 0.465811 0.0377601 0.0811823
0 0.875319 0.621601 0.0483273 0.0889975
0 0.387015 0.745702 0.0513302 0.0841074
0 0.204709 0.462574 0.0448524 0.0819471
0 0.375219 0.402627 0.0360808 0.0609156
0 0.489404 0.46921 0.0324652 0.0742182
0 0.647206 0.388815 0.0303068 0.0720254
0 0.773586 0.392569 0.0378048 0.0746609
0 0.76406 0.625215 0.0409866 0.089776
0 0.404964 0.620244 0.0409592 0.0793863
0 0.335557 0.469231 0.0319268 0.083678
0 0.5787 0.62336 0.0363887 0.0856075
0 0.218601 0.736412 0.0556972 0.0923836
0 0.647016 0.465666 0.0310201 0.0718734
0 0.849183 0.459061 0.0425014 0.0750788
0 0.614079 0.391614 0.0348902 0.0661538
0 0.344888 0.737607 0.0526176 0.0777967
0 0.838062 0.624 0.0411213 0.0897317
0 0.709723 0.389755 0.0355325 0.0722848
0 0.542289 0.621956 0.0363618 0.0802236
0 0.187833 0.61871 0.0461236 0.0790194
0 0.643713 0.282185 0.0256994 0.0553031
0 0.223923 0.400625 0.0405767 0.0631377
0 0.812593 0.464795 0.0359402 0.0678349
0 0.427718 0.464012 0.0373461 0.0832001
0 0.435645 0.396504 0.0346257 0.0588902
0 0.740402 0.390642 0.0331193 0.0697981
0 0.471101 0.622367 0.0356604 0.0814243
0 0.689017 0.627505 0.041233 0.0850214
0 0.506119 0.625386 0.0374187 0.0875989
0 0.727235 0.625375 0.0417646 0.082618
0 0.395514 0.469559 0.0369971 0.0776018
0 0.746443 0.466276 0.0328706 0.0729834
0 0.252541 0.62233 0.0423395 0.0777154
0 0.259735 0.290664 0.0353391 0.0653012
0 0.650685 0.624889 0.0363653 0.081609
0 0.838268 0.390964 0.0364513 0.0671106
0 0.553726 0.394847 0.0299427 0.068805
0 0.788071 0.276958 0.0314539 0.0543932
0 0.519813 0.467277 0.0336185 0.0717915
0 0.583006 0.46655 0.0301498 0.07089
0 0.495875 0.395636 0.032452 0.0616729
0 0.510701 0.748044 0.0468084 0.0871156
0 0.805704 0.389945 0.0335394 0.0718414
0 0.731036 0.280496 0.0300039 0.060019
0 0.712 0.46591 0.0363203 0.0679377
0 0.429789 0.74084 0.0496985 0.0809955
0 0.802446 0.628209 0.0450117 0.0944403
0 0.311819 0.288893 0.0376205 0.0655437
0 0.470327 0.744097 0.0417666 0.0838383
0 0.15228 0.618051 0.04577 0.0796472
0 0.439485 0.622141 0.0406766 0.0808073
0 0.122477 0.61565 0.0460922 0.083759
0 0.673433 0.281325 0.0282097 0.0542147
0 0.680839 0.466288 0.0311487 0.0702423
0 0.614739 0.620513 0.0350494 0.0821075
0 0.367507 0.46696 0.0423856 0.0825834
0 0.232041 0.459091 0.0393315 0.0874965
0 0.761483 0.278249 0.0283228 0.0651162
0 0.614188 0.466763 0.0290863 0.0714887
0 0.817004 0.274184 0.0370064 0.0634796
0 0.198131 0.401482 0.0417359 0.0583452
1 0.302769 0.617474 0.0404719 0.0727086
0 0.260588 0.467079 0.0407099 0.0806499
0 0.466064 0.396178 0.0341816 0.0630381
0 0.408067 0.396768 0.0336775 0.0590088
0 0.679368 0.393276 0.0312401 0.0742384
0 0.589673 0.283165 0.0297551 0.0590279
0 0.58298 0.396276 0.0298628 0.0613335
0 0.280544 0.400815 0.039596 0.0602201
0 0.0586333 0.734296 0.0551117 0.0773562
0 0.235929 0.288136 0.0361711 0.0617376
0 0.455297 0.469201 0.0310905 0.0750043
0 0.284761 0.290782 0.0340423 0.0669273
0 0.521777 0.395526 0.0312429 0.0616675
0 0.560611 0.282531 0.0246304 0.054106
0 0.377664 0.2876 0.0327075 0.0639069
0 0.40461 0.28989 0.0274168 0.057763
0 0.429937 0.289492 0.0263025 0.0635622
0 0.249894 0.401325 0.037613 0.0637389
0 0.480894 0.288236 0.0285933 0.0594517
0 0.6186 0.282779 0.0253616 0.0602618
0 0.506092 0.286863 0.0255586 0.054247
0 0.335421 0.290031 0.0343231 0.062908
0 0.176551 0.459916 0.0361998 0.0777562
0 0.701375 0.280085 0.0262449 0.0519523
0 0.35057 0.402176 0.0357459 0.0585794
0 0.455239 0.288065 0.0265705 0.0639748
0 0.55194 0.465389 0.0272665 0.0672763
