0 0.137845 0.739307 0.0546021 0.085199
0 0.773913 0.392667 0.0383018 0.0761664
0 0.258132 0.736951 0.0534005 0.0881624
0 0.312764 0.404144 0.0377781 0.0615244
0 0.375935 0.402036 0.0357832 0.060571
0 0.0940929 0.737924 0.0566499 0.0848243
0 0.533656 0.285985 0.0268404 0.0568096
0 0.300122 0.734286 0.0530885 0.080834
0 0.613956 0.391614 0.0350601 0.0652584
0 0.289738 0.466156 0.037007 0.0807857
0 0.779505 0.463846 0.039455 0.0731792
0 0.176907 0.739676 0.0593404 0.0883804
0 0.490006 0.469206 0.032086 0.0731472
0 0.429708 0.741834 0.0495356 0.0811161
0 0.1885 0.619347 0.0449933 0.0792789
0 0.764412 0.625867 0.0409485 0.0901386
0 0.338064 0.616485 0.0402251 0.0801398
0 0.584256 0.466353 0.031874 0.0705257
0 0.372537 0.620282 0.0492193 0.0867833
0 0.312111 0.289632 0.0373361 0.0658229
0 0.838523 0.624849 0.0411995 0.0888603
0 0.387347 0.746335 0.0511374 0.0830742
0 0.643819 0.282338 0.026144 0.0550044
0 0.224459 0.400236 0.0400687 0.0618996
0 0.578921 0.622138 0.0361771 0.0856297
0 0.542462 0.62248 0.036692 0.0826443
0 0.813529 0.466132 0.0355589 0.0685129
0 0.681342 0.466663 0.0311054 0.0709127
1 0.471652 0.622157 0.0377285 0.0813683
0 0.218897 0.736615 0.0556387 0.0934868
0 0.710529 0.3899 0.0353939 0.0728189
0 0.651281 0.62558 0.0367565 0.0823516
0 0.727847 0.62598 0.0418062 0.0836174
0 0.746956 0.466643 0.0332994 0.0723296
0 0.428362 0.464098 0.0372271 0.0830154
0 0.470629 0.744016 0.0427511 0.0848112
1 0.405486 0.621513 0.0411556 0.0787802
0 0.344796 0.739429 0.0526514 0.0793909
0 0.456182 0.470062 0.0304673 0.0754978
0 0.506523 0.624418 0.0365072 0.0871827
0 0.153002 0.619252 0.0465825 0.0796423
0 0.740632 0.390869 0.0332663 0.071184
0 0.806402 0.390202 0.0334545 0.0714787
0 0.690075 0.628781 0.0414577 0.0854123
0 0.647297 0.389137 0.0305104 0.0718282
0 0.802852 0.629166 0.0452608 0.0943025
0 0.647462 0.466288 0.0312635 0.0725155
0 0.408526 0.396514 0.0336542 0.058842
0 0.436163 0.396706 0.0342066 0.0594306
1 0.252291 0.621447 0.0443551 0.0781199
0 0.5198 0.467685 0.0333815 0.0723558
0 0.839046 0.391667 0.0364174 0.065966
0 0.731063 0.280824 0.0298643 0.0572795
0 0.615314 0.621469 0.0356747 0.0840325
0 0.876296 0.623699 0.0493855 0.0874256
0 0.712234 0.466548 0.0357685 0.0688977
0 0.33668 0.469185 0.0319831 0.0843213
0 0.260411 0.290585 0.0352322 0.0653992
0 0.850005 0.459762 0.0427452 0.0754761
0 0.336551 0.290876 0.0347741 0.063821
0 0.466408 0.396743 0.0341362 0.0639031
0 0.561298 0.282687 0.0245338 0.0542602
0 0.395999 0.468438 0.0372979 0.0782877
0 0.0586743 0.734529 0.0551476 0.0792347
0 0.496211 0.396676 0.0325048 0.0609316
0 0.198825 0.401249 0.0410404 0.0575796
0 0.510823 0.747703 0.0462075 0.0863826
0 0.218862 0.61618 0.0414608 0.0789073
0 0.404237 0.290005 0.0270862 0.0605608
0 0.788348 0.27751 0.0320399 0.0545232
0 0.368487 0.467292 0.0420179 0.0819099
0 0.506194 0.287664 0.0260814 0.05423
0 0.583227 0.396444 0.0297605 0.0615367
0 0.232287 0.4591 0.0395632 0.0874064
0 0.236187 0.288358 0.0369213 0.0617278
0 0.285986 0.29047 0.0342985 0.0658972
0 0.122781 0.616021 0.0455768 0.0861617
0 0.673482 0.281724 0.0277952 0.0535997
0 0.554125 0.395564 0.0295074 0.0678361
0 0.680026 0.393401 0.0317877 0.0745553
0 0.817416 0.275743 0.0365088 0.062146
0 0.260775 0.467035 0.0407209 0.0815193
0 0.614869 0.466857 0.0285917 0.0706911
0 0.376874 0.288843 0.0316712 0.0639304
0 0.439844 0.622515 0.0411615 0.0796454
0 0.761343 0.279645 0.0285419 0.0620069
1 0.303361 0.618528 0.0409874 0.0716963
0 0.280595 0.401636 0.0392869 0.0608215
0 0.4811 0.288825 0.0279112 0.0593938
0 0.589807 0.283386 0.0297452 0.0583303
0 0.701667 0.281008 0.0280493 0.052582
0 0.522172 0.396176 0.0310802 0.0609753
0 0.204682 0.460989 0.042506 0.0813099
0 0.552701 0.465605 0.0271708 0.0681599
0 0.430058 0.289969 0.0267053 0.0626759
0 0.455556 0.288532 0.0267553 0.0638753
0 0.351007 0.402174 0.0356806 0.0582974
1 0.177276 0.459742 0.0372343 0.0800214
0 0.618966 0.282896 0.0245445 0.057721
0 0.252046 0.401245 0.0382179 0.0636664
0 0.0262179 0.733651 0.0489892 0.0750769
