1 0.337249 0.620173 0.0444378 0.0734307
1 0.334979 0.293254 0.0310183 0.0629746
1 0.61664 0.468449 0.0350842 0.0716858
1 0.370577 0.621269 0.0400471 0.0740667
1 0.310041 0.292521 0.0353647 0.0625912
1 0.758373 0.283187 0.0329714 0.0564884
1 0.814584 0.464166 0.0390297 0.0689725
1 0.306392 0.619737 0.0427412 0.0725608
1 0.185894 0.619811 0.0476346 0.077031
1 0.13625 0.741619 0.0520178 0.0790586
1 0.489818 0.468486 0.0359805 0.0732408
1 0.479208 0.289697 0.0304798 0.0578535
1 0.838023 0.392831 0.0385401 0.0671458
1 0.216898 0.619714 0.0443721 0.0761315
1 0.405715 0.62235 0.0421772 0.0789762
1 0.617024 0.396707 0.0328735 0.0609991
1 0.438689 0.623174 0.0413468 0.0797218
1 0.648252 0.396833 0.0286015 0.060005
1 0.740659 0.396078 0.0337651 0.0654675
1 0.25945 0.2907 0.039951 0.0611283
1 0.560343 0.287781 0.030898 0.0568978
1 0.375493 0.291371 0.0284047 0.0597406
1 0.541268 0.623562 0.0350694 0.0790011
1 0.534917 0.288608 0.0305008 0.0572081
1 0.367383 0.469326 0.0387638 0.0827607
1 0.284849 0.291432 0.0373302 0.061663
1 0.648633 0.468716 0.0286778 0.0722562
1 0.5228 0.468162 0.0287655 0.0725787
1 0.453305 0.28989 0.0294271 0.0580802
