1 0.495689 0.398771 0.0302409 0.0600162
1 0.742814 0.395607 0.0342447 0.0658183
1 0.336784 0.621124 0.044688 0.0735539
1 0.36998 0.621084 0.0409661 0.0743946
1 0.353195 0.406831 0.0326929 0.0556063
1 0.439971 0.622115 0.0411551 0.079306
1 0.378915 0.406489 0.031848 0.0569529
1 0.188406 0.619862 0.044073 0.07537
1 0.713775 0.46914 0.0373933 0.0727993
1 0.678954 0.396097 0.0332219 0.0639228
1 0.217925 0.620228 0.0424113 0.0730168
1 0.407045 0.405887 0.0355212 0.0579419
1 0.284441 0.291737 0.0351082 0.0625194
1 0.3106 0.292018 0.0359985 0.0625371
1 0.467065 0.39975 0.0311904 0.0593459
1 0.779101 0.466622 0.0330052 0.0693244
1 0.709605 0.395812 0.0370322 0.064826
1 0.837616 0.394501 0.0380569 0.0665283
1 0.70092 0.28658 0.0270978 0.0559525
1 0.759038 0.28322 0.032622 0.0571947
1 0.407313 0.621296 0.0445007 0.078737
1 0.521339 0.469487 0.0305459 0.0750421
1 0.334413 0.292855 0.0330186 0.063301
1 0.505763 0.289315 0.0283008 0.0563438
1 0.56065 0.287735 0.0313204 0.0564411
1 0.510513 0.748764 0.0441825 0.079499
1 0.427468 0.290927 0.0279995 0.0574089
1 0.366246 0.469464 0.0382771 0.0820214
1 0.260528 0.291719 0.0360891 0.0632889
1 0.614278 0.624302 0.039103 0.0802991
1 0.648502 0.470085 0.0280807 0.0727691
1 0.728708 0.285095 0.0297621 0.0561534
1 0.376179 0.292779 0.0278504 0.0604812
1 0.304338 0.621609 0.0403242 0.0705748
1 0.648312 0.396827 0.0304475 0.0631629
1 0.211019 0.290901 0.0374998 0.0646312
1 0.401916 0.292067 0.0285222 0.0586748
1 0.532449 0.288558 0.0295392 0.0567685
1 0.262158 0.467546 0.0415229 0.0812201
1 0.789249 0.282229 0.03384 0.0575354
1 0.473334 0.623093 0.034535 0.0794381
1 0.235293 0.291257 0.0373249 0.0637561
1 0.136542 0.741616 0.0509072 0.0789052
1 0.489939 0.469341 0.0370283 0.075559
1 0.554152 0.396067 0.0307348 0.0607495
