0 0.138212 0.739264 0.0546338 0.0870759
0 0.258152 0.73676 0.0528602 0.0873998
0 0.312822 0.403971 0.0376923 0.0616959
0 0.375424 0.402569 0.0362735 0.0608259
0 0.779404 0.46364 0.0391195 0.0723616
0 0.176871 0.739731 0.0598418 0.0909618
0 0.774273 0.392485 0.0382811 0.07587
0 0.299939 0.734093 0.0534439 0.080201
0 0.219071 0.736296 0.055213 0.0932329
0 0.542407 0.621645 0.0366817 0.0800058
0 0.337484 0.616357 0.0399596 0.078591
0 0.533376 0.286028 0.0266773 0.0571827
0 0.578993 0.623521 0.0365763 0.0863703
0 0.372613 0.620309 0.0497057 0.0863068
0 0.489957 0.469236 0.0319424 0.074032
0 0.094477 0.737379 0.0563004 0.0854807
1 0.471335 0.622429 0.0368639 0.0815311
0 0.405011 0.621271 0.0414514 0.0801864
0 0.614245 0.390949 0.0346956 0.0668643
0 0.764454 0.626162 0.040784 0.0897026
0 0.223948 0.400626 0.0400306 0.0627635
0 0.386953 0.747222 0.0515772 0.0845663
0 0.644143 0.282498 0.0261887 0.0553648
0 0.435919 0.396921 0.0344831 0.0592887
0 0.647421 0.388955 0.0303593 0.07214
0 0.290509 0.466123 0.0380285 0.0809779
0 0.336271 0.469299 0.0313569 0.0830226
0 0.584183 0.466393 0.031105 0.070233
0 0.813223 0.465299 0.0358829 0.0679668
0 0.876384 0.622502 0.049464 0.0900486
0 0.42827 0.464219 0.0378922 0.083638
0 0.218707 0.616293 0.0414554 0.0797554
0 0.456261 0.469521 0.0308144 0.0754898
0 0.429969 0.741621 0.0497796 0.0813799
0 0.344235 0.739457 0.0524468 0.079298
0 0.204688 0.46158 0.0430116 0.0810195
0 0.395542 0.469509 0.0372059 0.078194
0 0.188122 0.619062 0.0457527 0.0798458
0 0.506319 0.625463 0.0370304 0.088105
0 0.681473 0.466833 0.0316069 0.0703262
0 0.710205 0.389356 0.0356747 0.072326
0 0.740879 0.391074 0.0329979 0.0704203
0 0.689836 0.62912 0.041831 0.0854614
0 0.72802 0.626245 0.0418599 0.0828594
0 0.806609 0.389783 0.0331579 0.0720773
0 0.520137 0.467861 0.0338146 0.0732771
0 0.746878 0.466726 0.0326624 0.0711195
0 0.647898 0.466352 0.0311417 0.0727549
0 0.614885 0.621417 0.0349058 0.0827618
0 0.651379 0.625307 0.0372225 0.0819075
0 0.43978 0.62216 0.0410139 0.0798205
0 0.761754 0.278841 0.0278265 0.0639736
0 0.122216 0.616506 0.0458146 0.083519
1 0.252874 0.621379 0.0442584 0.0773027
0 0.496146 0.395746 0.0327717 0.0622197
0 0.850032 0.458944 0.0428335 0.0759567
0 0.614843 0.466529 0.0290901 0.070673
0 0.838528 0.624592 0.0412672 0.0893684
0 0.788486 0.276854 0.0314901 0.0543768
0 0.839267 0.390774 0.0363281 0.0672405
0 0.152029 0.618786 0.0465745 0.0795988
0 0.336458 0.29058 0.0346946 0.0640424
0 0.312195 0.289218 0.0374617 0.0660495
0 0.465898 0.396657 0.0343821 0.0636255
0 0.553824 0.395635 0.0299507 0.0681081
0 0.510908 0.748748 0.0465675 0.0871849
0 0.817675 0.274585 0.0369162 0.0622283
0 0.470646 0.744525 0.0425831 0.084613
0 0.803001 0.629435 0.0449923 0.0939861
0 0.285628 0.290378 0.0331676 0.0664863
0 0.367655 0.46727 0.0421338 0.0832632
0 0.561322 0.283311 0.0250865 0.0541888
0 0.059128 0.734703 0.0551051 0.0780958
0 0.590231 0.283604 0.0300888 0.0596391
0 0.260052 0.290106 0.0354052 0.0654026
0 0.583417 0.396553 0.0301872 0.0615025
0 0.731771 0.280953 0.029946 0.0596019
0 0.232295 0.459617 0.039312 0.0866891
0 0.712318 0.46646 0.0360402 0.0687565
0 0.679883 0.393354 0.0317341 0.074518
0 0.250116 0.401376 0.0378214 0.0638682
0 0.280746 0.401205 0.0392809 0.0596116
0 0.198641 0.401812 0.0418136 0.0578218
0 0.40864 0.397074 0.0339356 0.0589839
0 0.260795 0.466875 0.0406614 0.0810931
0 0.235897 0.28826 0.0367942 0.0619213
0 0.37755 0.287824 0.0331241 0.0618427
0 0.673677 0.281828 0.0278779 0.0538234
0 0.702122 0.280966 0.0279852 0.0529975
0 0.481074 0.288504 0.0285189 0.0597257
0 0.522001 0.395672 0.0313823 0.0614934
0 0.506183 0.287356 0.0261234 0.0544962
1 0.303941 0.618295 0.0406102 0.0717173
0 0.404793 0.290388 0.0277068 0.0586463
0 0.552545 0.465443 0.0276052 0.067396
1 0.176283 0.46062 0.0363266 0.0772732
0 0.430375 0.28984 0.0261911 0.0639347
0 0.350925 0.401413 0.0347401 0.0590997
0 0.455933 0.289108 0.0266166 0.065801
0 0.618903 0.283068 0.0251015 0.0598286
0 0.0260142 0.732948 0.0493349 0.0726743
