1 0.137502 0.73999 0.0569952 0.0892266
1 0.299047 0.737501 0.0525246 0.0809435
0 0.259919 0.28998 0.0358052 0.0637744
1 0.175947 0.740094 0.0577737 0.0924708
0 0.093885 0.738496 0.0574133 0.0869506
1 0.22001 0.617562 0.0430094 0.0779531
1 0.372862 0.620609 0.0493482 0.0845116
1 0.505775 0.627617 0.0367288 0.0897844
1 0.680565 0.393651 0.0312412 0.0739401
0 0.77486 0.391937 0.0373467 0.0764488
1 0.256742 0.739739 0.055806 0.0886883
1 0.579399 0.623375 0.037156 0.0851236
0 0.344181 0.740203 0.0522982 0.0798799
1 0.376714 0.401798 0.0346602 0.0628817
0 0.46873 0.746006 0.0395706 0.0848164
1 0.337556 0.61872 0.0403037 0.0777673
1 0.187329 0.619229 0.0454881 0.0799058
1 0.368357 0.46895 0.0418474 0.0810955
0 0.839323 0.62542 0.0419529 0.0895858
0 0.542238 0.62321 0.0373718 0.082132
1 0.689755 0.629 0.0410191 0.0850273
0 0.386762 0.747371 0.0517578 0.0835814
0 0.584414 0.396135 0.0309059 0.0620139
0 0.710622 0.389649 0.0362323 0.0712938
1 0.849494 0.460096 0.0430826 0.075029
0 0.742037 0.389829 0.0323906 0.070223
1 0.0573745 0.736558 0.0549798 0.0837315
0 0.219183 0.737835 0.0543489 0.090486
1 0.121451 0.616163 0.0455016 0.0789438
1 0.533411 0.285749 0.027289 0.0586706
1 0.615203 0.392054 0.0340267 0.0638441
1 0.223496 0.400736 0.0415233 0.0627203
0 0.807082 0.389339 0.0333057 0.0706863
0 0.840279 0.390188 0.0365009 0.0665226
1 0.727692 0.62622 0.0418655 0.0838401
0 0.644478 0.281211 0.0260983 0.0570919
1 0.584277 0.466926 0.0318018 0.0734324
0 0.647476 0.389709 0.0302513 0.070164
1 0.681943 0.466611 0.0319313 0.0715757
1 0.428496 0.46713 0.0350563 0.0817075
1 0.405282 0.622865 0.0408355 0.0790491
0 0.249777 0.402214 0.0394677 0.0642091
0 0.436274 0.396659 0.0348114 0.0595593
0 0.46522 0.397433 0.0344334 0.0630479
1 0.351293 0.402738 0.0353745 0.0595603
1 0.312996 0.404928 0.0386106 0.0641777
1 0.813156 0.465997 0.0350599 0.0691101
1 0.780193 0.463631 0.0397487 0.0747702
1 0.80232 0.630716 0.0458054 0.0943835
0 0.407865 0.397761 0.0334559 0.0598457
1 0.311815 0.289702 0.0373024 0.0665843
1 0.51011 0.749591 0.0472385 0.0876724
1 0.64749 0.465463 0.0305644 0.0729478
0 0.429631 0.742643 0.0500547 0.0806215
1 0.651148 0.625386 0.0362438 0.0834097
1 0.746964 0.466564 0.0327154 0.0728884
0 0.561783 0.282488 0.0243226 0.0547053
0 0.285048 0.290697 0.0341218 0.0668115
1 0.439604 0.623438 0.0408976 0.0809293
0 0.554521 0.395348 0.0295898 0.0671254
1 0.818426 0.274773 0.036133 0.0620821
0 0.480215 0.288261 0.0284554 0.0605996
1 0.335959 0.471617 0.0314266 0.0837799
0 0.17537 0.461899 0.0383504 0.0768681
1 0.614986 0.62199 0.0349657 0.0830254
1 0.712982 0.46628 0.0357231 0.0704404
1 0.455526 0.470986 0.0307172 0.075518
1 0.394828 0.469989 0.0358784 0.0773824
1 0.253594 0.623024 0.0430658 0.0737955
1 0.764275 0.626781 0.0405358 0.0909847
1 0.260791 0.468266 0.0420252 0.0795759
1 0.48932 0.470098 0.030792 0.0749685
0 0.67369 0.279984 0.0285368 0.0561514
0 0.589434 0.283312 0.0289364 0.0585012
1 0.203602 0.462768 0.0454907 0.0814152
0 0.788866 0.276297 0.0312082 0.0554041
0 0.495839 0.395569 0.0324411 0.0629094
1 0.45506 0.288675 0.0256203 0.064623
1 0.519743 0.468214 0.0328881 0.0740747
1 0.471384 0.624618 0.0362343 0.0818977
1 0.404313 0.290799 0.0271751 0.060525
1 0.877069 0.623615 0.0508392 0.0890186
1 0.290467 0.466899 0.0374921 0.0786444
1 0.196779 0.400944 0.0424236 0.0601736
1 0.702459 0.279269 0.0263421 0.0531883
1 0.506002 0.286121 0.0266535 0.0568914
1 0.429879 0.290395 0.0258165 0.0643337
1 0.302202 0.619372 0.0393938 0.0714378
1 0.762079 0.278325 0.028794 0.0649013
1 0.376986 0.287352 0.0312127 0.0656273
1 0.615607 0.467648 0.0293795 0.0738441
1 0.281153 0.401585 0.0416029 0.0613149
1 0.52249 0.396086 0.0315887 0.0629838
1 0.730836 0.279234 0.0293861 0.0565004
0 0.619303 0.28208 0.0249012 0.0606655
1 0.336677 0.289449 0.0347795 0.0661198
0 0.55188 0.466198 0.0278 0.070925
1 0.15203 0.619337 0.0439346 0.0785062
1 0.231911 0.462045 0.0416223 0.0830922
0 0.235272 0.287306 0.0334959 0.0604792
1 0.02053 0.735555 0.0402708 0.0849649
