0 0.138147 0.738841 0.0539359 0.0856462
0 0.257425 0.737646 0.053712 0.0880388
0 0.337847 0.616223 0.0408902 0.0790367
0 0.779041 0.463418 0.0388226 0.0722487
0 0.176858 0.738972 0.0582703 0.0877539
0 0.312866 0.403668 0.0378276 0.0620152
0 0.372325 0.621108 0.0495996 0.0849916
0 0.0950326 0.736826 0.0553026 0.0853883
0 0.219017 0.61701 0.0420058 0.0796651
0 0.299579 0.734996 0.0534274 0.0811171
0 0.218577 0.737257 0.0557269 0.0932642
0 0.614218 0.391387 0.0349483 0.0658375
0 0.875389 0.620821 0.0491331 0.0898645
0 0.578594 0.62259 0.0366476 0.0851036
0 0.289983 0.466245 0.0380608 0.0811752
0 0.773684 0.393133 0.0379982 0.0749936
0 0.386648 0.747508 0.0518634 0.0854273
0 0.375538 0.401978 0.0362331 0.0613816
0 0.64371 0.282294 0.025684 0.0549507
0 0.187984 0.619552 0.0455617 0.0781503
0 0.764232 0.62536 0.0411593 0.088958
0 0.838302 0.624129 0.0417454 0.0904284
0 0.849586 0.459425 0.0433781 0.0749538
0 0.428323 0.464255 0.0373751 0.0826603
0 0.48991 0.469381 0.0319253 0.0735029
0 0.344152 0.739478 0.0522576 0.078803
0 0.506355 0.625746 0.037425 0.0878903
0 0.542114 0.621803 0.0364382 0.0802104
0 0.404651 0.620908 0.0408484 0.079431
0 0.647394 0.389334 0.0308683 0.0720973
0 0.20541 0.46243 0.0452079 0.0816969
0 0.198323 0.402343 0.0417564 0.0576376
0 0.533054 0.285885 0.0267391 0.0569882
0 0.395711 0.469071 0.0372879 0.0779436
0 0.740872 0.390725 0.0325732 0.0703037
0 0.45604 0.469628 0.0307782 0.0754587
0 0.336336 0.469761 0.0322814 0.0841358
0 0.710551 0.389837 0.0363566 0.0724843
0 0.435887 0.396795 0.0342812 0.0594808
0 0.471192 0.62218 0.0356518 0.0816309
0 0.81258 0.464815 0.0361856 0.0672073
0 0.367677 0.46723 0.042282 0.0831848
0 0.68943 0.62803 0.0411035 0.0837099
0 0.495976 0.39609 0.0323498 0.0618672
0 0.788042 0.277035 0.0313541 0.0549652
0 0.582913 0.466815 0.0304154 0.0706473
0 0.651145 0.625511 0.0367033 0.0830607
0 0.466092 0.396571 0.0344449 0.0642216
0 0.553782 0.395712 0.0301815 0.0682585
0 0.727527 0.625673 0.0416702 0.082569
0 0.439455 0.622246 0.0408954 0.0806095
0 0.252743 0.623084 0.0426474 0.0774265
0 0.647013 0.466107 0.0311331 0.0718433
0 0.746627 0.466438 0.0327023 0.0705223
0 0.510666 0.748664 0.0468002 0.0875216
0 0.280584 0.40134 0.0397037 0.0605454
0 0.712134 0.466066 0.0361414 0.0681648
0 0.519877 0.468003 0.0338488 0.0725264
0 0.259839 0.290288 0.0360669 0.0650749
0 0.224033 0.40086 0.0408218 0.0631182
0 0.673432 0.281718 0.0283196 0.0542723
0 0.311924 0.289312 0.0373626 0.065432
0 0.805838 0.39077 0.03336 0.0715056
0 0.838448 0.391646 0.0375603 0.0672645
0 0.802258 0.628421 0.0445963 0.0942607
0 0.470498 0.745611 0.0428354 0.0856436
0 0.408601 0.396543 0.0339135 0.0593283
0 0.12376 0.616127 0.0446405 0.0829699
0 0.614916 0.621063 0.0351248 0.0824026
0 0.681022 0.466838 0.0311626 0.0707123
0 0.731072 0.280793 0.0301229 0.0596202
0 0.816594 0.274205 0.0369522 0.0619174
0 0.0592936 0.734277 0.0545168 0.0790232
1 0.302472 0.617985 0.0406728 0.0731157
0 0.232268 0.459085 0.0392391 0.0874254
0 0.583314 0.396074 0.0303278 0.0622725
0 0.679963 0.39385 0.0313509 0.0740356
0 0.152708 0.618412 0.0451155 0.078635
0 0.42954 0.741173 0.0487579 0.0815904
0 0.285294 0.290888 0.0335494 0.0662698
0 0.560822 0.282782 0.0247334 0.0539558
0 0.521846 0.395891 0.0313018 0.0617138
0 0.761438 0.27847 0.0286764 0.0656426
0 0.590039 0.283175 0.0294157 0.0589302
0 0.61414 0.467161 0.0292226 0.0715635
0 0.250691 0.401159 0.0384046 0.0631723
0 0.235565 0.288067 0.0372618 0.0618025
0 0.335306 0.290672 0.0332755 0.0631541
0 0.260614 0.466833 0.0399599 0.0808591
0 0.176526 0.460035 0.0369518 0.0778056
0 0.701489 0.280161 0.0266322 0.0520321
0 0.378069 0.287977 0.0326697 0.0635361
0 0.404565 0.289902 0.027474 0.059399
0 0.480746 0.288402 0.0285553 0.0597481
0 0.506164 0.287136 0.025819 0.0546241
0 0.350362 0.402066 0.0362843 0.059057
0 0.430154 0.289911 0.0261522 0.0638124
0 0.455693 0.288968 0.0260254 0.0644443
0 0.618665 0.282899 0.0255776 0.0601968
0 0.551892 0.465483 0.0273069 0.0670501
0 0.0258539 0.732013 0.0488726 0.0727739
