1 0.495921 0.395225 0.0291693 0.0620976
1 0.615444 0.393159 0.0353499 0.0655407
1 0.337216 0.619839 0.0435865 0.073492
1 0.401751 0.287976 0.0292603 0.0564112
1 0.369986 0.619932 0.039894 0.0736577
1 0.439976 0.621186 0.0399153 0.0777283
1 0.428425 0.287914 0.0297311 0.0560221
1 0.741561 0.396029 0.0344237 0.0656285
1 0.61418 0.623103 0.0393046 0.0802311
1 0.218726 0.619679 0.0431717 0.0733123
1 0.18735 0.619315 0.0450789 0.0745802
1 0.136126 0.740248 0.05193 0.079163
1 0.838305 0.394091 0.0376935 0.0651774
1 0.26058 0.288854 0.0370683 0.0598367
1 0.156484 0.618637 0.0488555 0.074894
1 0.255111 0.620031 0.0405953 0.0725815
1 0.540191 0.622825 0.0379509 0.0795788
1 0.310946 0.288865 0.0351067 0.0567834
1 0.4668 0.396159 0.0316677 0.0605065
1 0.71254 0.46676 0.0363225 0.068423
1 0.55429 0.39345 0.0323312 0.0632501
1 0.64671 0.466816 0.0306941 0.0703704
1 0.365789 0.467085 0.0368783 0.0765428
1 0.473568 0.622132 0.0319367 0.0784827
1 0.406922 0.620246 0.041901 0.0769122
1 0.454046 0.28765 0.0298925 0.0555075
1 0.521592 0.467406 0.0301531 0.0718826
1 0.284737 0.288754 0.0355034 0.0583365
1 0.331749 0.289657 0.0296649 0.0558995
1 0.304615 0.620207 0.0415735 0.0717775
1 0.532896 0.284704 0.0300948 0.0545681
1 0.778959 0.465694 0.0324901 0.0682675
1 0.80806 0.394117 0.039572 0.0663618
1 0.407115 0.399325 0.0311282 0.0561049
1 0.708188 0.395611 0.0361825 0.0650349
1 0.21475 0.741022 0.046303 0.0793258
1 0.480543 0.286734 0.0306905 0.0548559
1 0.776187 0.394827 0.0332882 0.0658799
1 0.507394 0.285486 0.029767 0.0543597
1 0.788545 0.282033 0.0338632 0.0569939
1 0.353274 0.405388 0.0339292 0.0580364
1 0.560636 0.284443 0.0303715 0.0542731
1 0.757798 0.283142 0.0308391 0.0555418
1 0.67837 0.395388 0.0313556 0.0648357
1 0.380691 0.404792 0.0319364 0.0581066
1 0.489837 0.466871 0.0361169 0.0721912
1 0.644941 0.284269 0.0294325 0.0550213
1 0.458479 0.466351 0.0359655 0.0724779
1 0.375592 0.289033 0.0274675 0.0558719
1 0.58237 0.467017 0.0335597 0.0692221
