1 0.260008 0.739036 0.0527287 0.0817396
1 0.33003 0.290579 0.0293764 0.0602613
1 0.308353 0.290621 0.0345497 0.0602118
1 0.217638 0.618274 0.0388214 0.0765653
1 0.335891 0.619158 0.0447488 0.0747904
1 0.739644 0.394494 0.035618 0.0638626
1 0.615817 0.394274 0.0333518 0.0620079
1 0.46467 0.743717 0.0393421 0.0758453
1 0.408342 0.620093 0.0451241 0.0795216
1 0.439453 0.620898 0.0418804 0.0797915
1 0.678956 0.39486 0.0317675 0.0639219
1 0.712351 0.469173 0.0355597 0.0700061
1 0.837837 0.393409 0.0403514 0.0668603
1 0.553171 0.39489 0.0316847 0.0612205
1 0.370372 0.619671 0.0393166 0.0757516
1 0.50768 0.621104 0.0386389 0.0791078
1 0.375596 0.289965 0.0276627 0.0597758
1 0.614001 0.467767 0.0353624 0.0702014
1 0.283244 0.290351 0.0348478 0.0611728
1 0.770539 0.393959 0.0340714 0.0639034
1 0.506211 0.287864 0.0311798 0.057697
1 0.495555 0.39979 0.0302717 0.0545587
1 0.689902 0.624585 0.0386652 0.0802447
1 0.803457 0.393375 0.0356542 0.0660652
1 0.479183 0.288565 0.0301111 0.057926
1 0.0592815 0.738596 0.0532664 0.0767726
1 0.754814 0.282414 0.0303169 0.054422
1 0.5614 0.286077 0.0304309 0.0543578
1 0.302735 0.61895 0.0405357 0.0727441
1 0.708589 0.394906 0.0336399 0.0634367
1 0.426577 0.289428 0.0278744 0.0586649
1 0.583454 0.394258 0.0334544 0.0617449
1 0.258922 0.289829 0.0371893 0.0624389
1 0.543363 0.621308 0.0359046 0.0788504
1 0.813648 0.465424 0.0384097 0.0720119
1 0.400853 0.289732 0.027651 0.0594024
1 0.644002 0.284785 0.0298121 0.0537509
1 0.452909 0.289081 0.0282882 0.0581541
1 0.23333 0.289103 0.0378613 0.0637902
1 0.588263 0.2854 0.0296602 0.0537436
1 0.363595 0.468007 0.0383915 0.081264
1 0.510363 0.746157 0.04459 0.0773602
1 0.578967 0.621509 0.0356738 0.0801297
1 0.465507 0.400206 0.0308554 0.0549782
1 0.488613 0.468911 0.0352654 0.0711147
1 0.186301 0.617736 0.046962 0.0770426
1 0.765261 0.625969 0.0415022 0.0832205
1 0.615108 0.622651 0.0377386 0.0804626
