1 0.25893 0.742715 0.0521824 0.0793688
1 0.338008 0.291805 0.0362631 0.0651229
1 0.678663 0.395012 0.0316653 0.0649097
1 0.218282 0.62125 0.0441414 0.0775899
1 0.714207 0.467638 0.0367814 0.0726967
1 0.436668 0.624306 0.0417655 0.077875
1 0.402254 0.29103 0.0302484 0.0619028
1 0.542003 0.625185 0.0371405 0.0773723
1 0.134785 0.742893 0.0499772 0.0774573
1 0.404733 0.623587 0.0395172 0.0780164
1 0.336144 0.623653 0.0453496 0.0760708
1 0.680825 0.467695 0.0344062 0.0720973
1 0.370773 0.624232 0.0412334 0.0776671
1 0.814252 0.465401 0.0390292 0.0706042
1 0.616849 0.46772 0.0346214 0.0728857
1 0.377235 0.291531 0.0317004 0.0635474
1 0.310998 0.292064 0.0379021 0.0648668
1 0.506375 0.288207 0.0313586 0.0578606
1 0.586492 0.396079 0.0302804 0.0582189
1 0.618214 0.623607 0.0348024 0.0820933
1 0.556627 0.396729 0.0322566 0.0581957
1 0.578533 0.623942 0.0359352 0.0787599
1 0.260195 0.291965 0.0380882 0.0635422
1 0.583693 0.467677 0.034148 0.0729911
1 0.46717 0.747144 0.0389944 0.071513
1 0.552342 0.468065 0.0328216 0.0720505
