1 0.259455 0.740897 0.052926 0.0798138
1 0.338435 0.290798 0.0351705 0.0628225
1 0.712937 0.467944 0.0384485 0.0726183
1 0.616542 0.393768 0.0333784 0.062659
1 0.188656 0.618655 0.0436945 0.0768739
1 0.583447 0.394393 0.0332431 0.0611368
1 0.403567 0.620292 0.0388148 0.0764192
1 0.375082 0.289596 0.029394 0.0594018
1 0.335801 0.619265 0.0438489 0.0759152
1 0.157122 0.618462 0.0470147 0.0759761
1 0.219131 0.618786 0.0413315 0.0773722
1 0.817141 0.465134 0.03808 0.0743537
1 0.708293 0.393327 0.0362988 0.0667451
1 0.435292 0.620428 0.0431137 0.0762239
1 0.461967 0.397835 0.0323464 0.056571
1 0.615157 0.622036 0.0399272 0.0820699
1 0.543024 0.62245 0.0360305 0.0793779
1 0.492723 0.39789 0.0323807 0.0575294
1 0.842119 0.624919 0.0443949 0.0828338
1 0.532284 0.286417 0.0290136 0.0547425
1 0.352738 0.405793 0.0332639 0.0565559
1 0.303786 0.619197 0.0415097 0.0739763
1 0.367885 0.62014 0.0416383 0.0781806
1 0.509099 0.621899 0.0399566 0.0788994
1 0.578543 0.621921 0.0350135 0.0796935
1 0.136792 0.740944 0.0502748 0.0764702
1 0.678892 0.467622 0.032829 0.0710013
1 0.614253 0.466743 0.034928 0.0695184
1 0.380219 0.40489 0.0313454 0.0571216
1 0.783353 0.466228 0.040571 0.0732179
1 0.757458 0.281106 0.030907 0.0575696
1 0.283874 0.289786 0.0381795 0.0621352
