1 0.17757 0.740088 0.0588484 0.090804
0 0.779207 0.463987 0.039526 0.0734182
0 0.257727 0.737765 0.0536761 0.0886541
0 0.299374 0.735603 0.0537265 0.0820683
1 0.138234 0.739988 0.0562773 0.0866995
0 0.286103 0.291956 0.0350253 0.0657367
1 0.68949 0.629516 0.0413933 0.0827182
0 0.312607 0.403364 0.037861 0.0633565
0 0.335757 0.291719 0.0334351 0.0639594
1 0.310859 0.291716 0.0368096 0.0661777
0 0.520256 0.468061 0.0328695 0.0722275
1 0.406756 0.624059 0.0419523 0.0806143
0 0.614016 0.392936 0.034606 0.0638043
0 0.386239 0.746651 0.0523283 0.0841864
1 0.373528 0.623407 0.0511587 0.0864263
0 0.218953 0.73703 0.0544748 0.0926978
1 0.0958242 0.738708 0.0553156 0.0842094
0 0.763623 0.62637 0.0408716 0.0880333
1 0.646702 0.465364 0.0305347 0.0709058
0 0.589732 0.284218 0.0294195 0.0591944
0 0.838779 0.625579 0.0404388 0.0876849
0 0.805375 0.390823 0.0336252 0.0697942
0 0.429231 0.742631 0.0495515 0.0812778
1 0.507178 0.626828 0.037203 0.0882574
0 0.435984 0.397557 0.0336006 0.0591218
0 0.838227 0.391911 0.0376698 0.0668754
0 0.73087 0.281518 0.030154 0.058045
0 0.644007 0.282976 0.025964 0.0557882
1 0.252047 0.622902 0.0428979 0.0748557
1 0.395459 0.470215 0.0380907 0.0790971
1 0.466306 0.397945 0.034758 0.064411
0 0.553577 0.395472 0.029798 0.0688352
1 0.711827 0.467067 0.0361465 0.0697234
0 0.280651 0.400334 0.0395234 0.0607458
0 0.344325 0.738819 0.0525072 0.0791558
1 0.579285 0.622845 0.0362463 0.0837526
0 0.647265 0.391031 0.0311978 0.0702878
0 0.496769 0.397031 0.0320282 0.0604341
0 0.510701 0.74884 0.0461945 0.0864546
0 0.740829 0.392039 0.031938 0.068237
1 0.350924 0.401502 0.0366171 0.0596085
1 0.802259 0.629614 0.0451906 0.0933986
0 0.680715 0.467684 0.031819 0.0736704
0 0.470412 0.744778 0.043038 0.0841592
1 0.773065 0.393907 0.0373213 0.0744187
0 0.874754 0.623561 0.0490061 0.0884287
1 0.206004 0.462198 0.0423918 0.0819136
0 0.72716 0.627614 0.0413049 0.0822569
1 0.680006 0.395154 0.0303671 0.0737626
1 0.560174 0.283562 0.0254911 0.0545897
0 0.376655 0.402209 0.0357949 0.0621102
0 0.0594957 0.735049 0.0552625 0.0771402
1 0.368388 0.46802 0.0414271 0.0859484
1 0.542828 0.623478 0.0367892 0.0807244
1 0.302928 0.618806 0.0401114 0.0699059
0 0.673315 0.28245 0.0278739 0.0543266
1 0.848431 0.460039 0.0422878 0.0763895
0 0.40834 0.397278 0.0340526 0.0585647
1 0.456551 0.470908 0.0300701 0.0748759
0 0.78804 0.278184 0.0308792 0.0542406
1 0.583417 0.467035 0.0301196 0.071685
1 0.219007 0.617755 0.0422343 0.0776891
1 0.812245 0.466545 0.0358471 0.0699244
1 0.440553 0.623244 0.0422485 0.0807329
0 0.746645 0.466768 0.0320728 0.0698717
1 0.187854 0.619882 0.0437361 0.0779767
1 0.261446 0.46701 0.0403551 0.0784851
0 0.761501 0.280142 0.0276491 0.0639096
0 0.583504 0.396766 0.0303741 0.0611703
1 0.337719 0.469957 0.0300361 0.0860127
1 0.490209 0.470036 0.0305939 0.0729166
1 0.249948 0.401749 0.0386879 0.0633719
0 0.153749 0.619937 0.0426776 0.0781864
0 0.532474 0.28699 0.0263159 0.0569003
1 0.816236 0.276294 0.0363113 0.0595271
1 0.614695 0.467353 0.0284515 0.0710716
1 0.289407 0.466028 0.0360528 0.0796625
1 0.472256 0.623766 0.0356321 0.0805716
0 0.223893 0.40063 0.0399776 0.0611606
0 0.506235 0.288213 0.0257704 0.0542494
0 0.480802 0.28957 0.0285379 0.0595012
1 0.260098 0.291566 0.035771 0.0644687
1 0.404469 0.291135 0.025433 0.0600807
1 0.428849 0.465219 0.0376549 0.0824447
1 0.233621 0.45892 0.0401075 0.0883444
1 0.338404 0.617856 0.0402984 0.0798595
1 0.125697 0.616967 0.0450932 0.0820393
0 0.521849 0.396775 0.0307027 0.0606593
1 0.615473 0.621905 0.0356483 0.0821811
0 0.710164 0.391169 0.0366203 0.0715178
1 0.378266 0.288713 0.0331742 0.0641033
0 0.454869 0.289618 0.0267103 0.0642294
1 0.651379 0.62611 0.0357021 0.0807209
0 0.198149 0.400117 0.0419648 0.0589356
0 0.551743 0.466136 0.0274775 0.0673832
1 0.236247 0.289568 0.0361412 0.0607514
1 0.177655 0.46078 0.0382783 0.0797508
0 0.701267 0.280847 0.0259077 0.0512866
0 0.618716 0.283324 0.0255083 0.0604828
0 0.429729 0.290971 0.025946 0.0629171
