1 0.217098 0.61964 0.041658 0.0744407
1 0.815371 0.466857 0.038266 0.0735068
1 0.337441 0.620569 0.0426584 0.0729723
1 0.30569 0.620218 0.0403646 0.0715489
1 0.186669 0.619682 0.0449019 0.0751843
1 0.311962 0.291889 0.0383754 0.0656442
1 0.544209 0.625239 0.0357938 0.0786861
1 0.713771 0.467618 0.036392 0.0711776
1 0.559534 0.288041 0.0299279 0.054608
1 0.340064 0.469355 0.0368835 0.0769215
1 0.680445 0.46788 0.0335886 0.0704219
1 0.786607 0.281791 0.0331562 0.0557506
1 0.510776 0.625115 0.0401696 0.077944
1 0.579927 0.623263 0.0372269 0.0815115
1 0.135891 0.74145 0.0524358 0.078596
1 0.374866 0.29145 0.0299669 0.06196
