1 0.339408 0.29137 0.0348339 0.0620624
1 0.336226 0.620946 0.0460557 0.0764274
1 0.645142 0.392308 0.0335954 0.0673115
1 0.716214 0.46772 0.0343797 0.0718088
1 0.186667 0.617967 0.0451097 0.0785023
1 0.440115 0.622005 0.0413427 0.0818835
1 0.370042 0.621247 0.0414719 0.0774065
1 0.376003 0.290523 0.0299033 0.0620357
1 0.542633 0.623988 0.036955 0.0795393
1 0.510011 0.623423 0.0399038 0.0792453
1 0.427616 0.290157 0.0296591 0.0599727
1 0.58144 0.62281 0.0383258 0.0818039
1 0.83816 0.393621 0.0365967 0.0645695
1 0.312698 0.291685 0.036252 0.0619896
1 0.614995 0.394564 0.0329766 0.0634812
1 0.401432 0.290502 0.0294322 0.0612845
1 0.556645 0.397303 0.0318779 0.0592641
1 0.453715 0.289662 0.0290922 0.058387
1 0.306764 0.406232 0.0403727 0.0579012
1 0.217734 0.61849 0.0455885 0.0774562
1 0.135898 0.743364 0.0513367 0.0768939
1 0.215117 0.747709 0.0480273 0.0870726
1 0.818559 0.466302 0.0342533 0.0739097
1 0.437879 0.398285 0.0342829 0.0568735
1 0.262646 0.291149 0.0369189 0.0612625
