0 0.37215 0.620938 0.048119 0.0849175
1 0.136016 0.740484 0.0543666 0.0884045
1 0.33668 0.617974 0.0408921 0.0785944
0 0.25662 0.738419 0.0547756 0.0877676
1 0.174588 0.740786 0.0590639 0.0923374
1 0.185439 0.618051 0.0453396 0.0804159
0 0.298603 0.737277 0.0545272 0.08219
1 0.375718 0.40065 0.035627 0.0635642
0 0.394963 0.468822 0.0367641 0.0773501
0 0.614311 0.392863 0.0338598 0.0633243
1 0.404779 0.621263 0.0405297 0.0803284
0 0.427247 0.466032 0.0363022 0.0802399
1 0.849007 0.459997 0.041415 0.0749475
0 0.203345 0.462841 0.0428979 0.0831675
1 0.21922 0.617314 0.0433342 0.0784249
0 0.344599 0.739848 0.0524536 0.0800352
1 0.689243 0.627685 0.0418053 0.085174
1 0.505262 0.6265 0.0366594 0.0876788
0 0.377581 0.286977 0.0317751 0.0641033
0 0.541896 0.623393 0.0378855 0.0818981
0 0.093534 0.737845 0.0554793 0.0862532
0 0.149734 0.617299 0.0450651 0.0792496
1 0.36835 0.467041 0.0404906 0.0820663
0 0.57897 0.624439 0.0363881 0.0868743
0 0.38667 0.745848 0.052455 0.0838642
0 0.710148 0.389205 0.0365992 0.071924
0 0.21776 0.736875 0.0534891 0.0906563
0 0.120226 0.614478 0.0484445 0.0834186
0 0.465322 0.396148 0.0336674 0.0624006
1 0.778866 0.464237 0.0402988 0.0758876
1 0.489337 0.469197 0.0316495 0.0751772
0 0.741366 0.389848 0.032796 0.0704562
0 0.223223 0.399949 0.0405991 0.0625302
0 0.774522 0.391169 0.0375542 0.0766949
0 0.510826 0.749309 0.0456218 0.0871523
0 0.673133 0.279575 0.0283688 0.0556811
1 0.259623 0.467402 0.0418238 0.0822531
0 0.407646 0.396619 0.0340184 0.0598217
0 0.838927 0.624875 0.0411366 0.0888629
0 0.711282 0.465025 0.0347027 0.0676018
0 0.803115 0.628985 0.0435909 0.0932408
1 0.47051 0.622806 0.0362684 0.0815096
1 0.553713 0.394598 0.030897 0.0709093
0 0.72707 0.624461 0.0416664 0.0814951
0 0.806863 0.389118 0.0328215 0.0714668
1 0.813136 0.465643 0.0354474 0.0698567
1 0.650701 0.62571 0.0370317 0.0850287
0 0.42925 0.741908 0.0497955 0.0808855
0 0.764545 0.626957 0.0414663 0.0908257
1 0.533606 0.285278 0.0273296 0.0586515
1 0.455026 0.288742 0.0254017 0.0650477
0 0.83961 0.390081 0.0358202 0.0659817
1 0.249367 0.401307 0.0391724 0.0636609
0 0.438989 0.622462 0.04158 0.0799017
0 0.644001 0.281127 0.0258596 0.0568763
0 0.31222 0.288617 0.0372132 0.066071
0 0.436053 0.396351 0.0342318 0.0596392
1 0.0579523 0.736151 0.0541166 0.0797995
0 0.455719 0.468967 0.0303768 0.0755615
1 0.280636 0.400317 0.0402903 0.0600978
0 0.470556 0.745216 0.0413486 0.0845045
0 0.817611 0.273482 0.0351601 0.0612012
1 0.681949 0.466764 0.0307627 0.070709
0 0.196916 0.400161 0.0425926 0.0605601
0 0.506173 0.286166 0.0262095 0.0557423
1 0.745475 0.465982 0.0334483 0.0730928
0 0.311117 0.403079 0.0374955 0.063283
0 0.231059 0.460108 0.0395831 0.0858425
0 0.495592 0.395038 0.0318619 0.0628666
0 0.647783 0.465781 0.0304678 0.0742574
1 0.731764 0.278222 0.0298578 0.0577685
0 0.519543 0.467179 0.0339962 0.0717594
1 0.258953 0.289723 0.0362446 0.0648523
1 0.350556 0.40104 0.0360353 0.0601847
1 0.614808 0.621263 0.0351859 0.081218
1 0.876944 0.622866 0.0499733 0.0881381
0 0.285147 0.290047 0.0346321 0.0670449
1 0.253263 0.622962 0.0430412 0.0739517
1 0.335871 0.469722 0.0325704 0.0863724
1 0.583721 0.466608 0.0320367 0.0728674
0 0.562214 0.282781 0.0252301 0.0557075
1 0.680098 0.393526 0.0312105 0.073876
1 0.589638 0.282359 0.0291984 0.0576275
0 0.615262 0.467193 0.0292478 0.0731064
1 0.702259 0.278592 0.0265898 0.0530858
1 0.174935 0.461337 0.0390291 0.0779986
0 0.336096 0.289332 0.0337297 0.0629603
0 0.404224 0.289763 0.0269619 0.05974
1 0.789457 0.276538 0.0311224 0.0562143
0 0.480419 0.287958 0.028999 0.0605098
1 0.761957 0.277154 0.0280004 0.0638207
0 0.584437 0.395752 0.0297034 0.0612659
0 0.619113 0.281632 0.0248333 0.0599139
1 0.289844 0.466252 0.0382387 0.0805611
1 0.646546 0.389686 0.0308464 0.0693468
1 0.302071 0.618745 0.0397745 0.0718979
0 0.429558 0.289136 0.0257495 0.0651727
1 0.521615 0.394608 0.0312826 0.0623655
0 0.234675 0.287856 0.0352799 0.0615161
0 0.551966 0.466199 0.0257462 0.070244
1 0.0213256 0.735081 0.0416407 0.0806763
