1 0.139427 0.739155 0.0546505 0.0852653
0 0.613692 0.39204 0.0353888 0.0659251
0 0.096755 0.73794 0.0567785 0.0861759
1 0.15643 0.618365 0.0438143 0.0805928
0 0.258224 0.738768 0.0538277 0.087978
1 0.338471 0.617518 0.0410139 0.0789036
1 0.303803 0.618418 0.0397748 0.073082
0 0.299869 0.736469 0.0529181 0.0807648
1 0.372709 0.621525 0.049659 0.0843109
0 0.223751 0.401417 0.0411014 0.063215
0 0.177651 0.738933 0.0580532 0.0888264
1 0.42964 0.74261 0.0516378 0.0813412
0 0.533221 0.2863 0.0271648 0.0578085
0 0.219207 0.737525 0.0547444 0.0915978
0 0.387214 0.746245 0.0534135 0.0843521
1 0.220918 0.617472 0.0433062 0.0787024
0 0.344258 0.740168 0.0528632 0.081155
1 0.741995 0.391205 0.0328192 0.0715609
0 0.511161 0.748348 0.0466621 0.0872021
1 0.729018 0.28121 0.0305847 0.0563748
0 0.286262 0.290479 0.0339232 0.0642455
1 0.850096 0.461704 0.0427074 0.0755267
1 0.690809 0.629039 0.0422502 0.0862637
1 0.435845 0.395791 0.033402 0.0595155
1 0.254449 0.621993 0.0420168 0.0760086
1 0.405772 0.621335 0.0414895 0.0800674
0 0.260844 0.291156 0.0349849 0.0643691
0 0.837794 0.391875 0.0369394 0.066679
1 0.506591 0.626416 0.0375229 0.0911837
1 0.188832 0.618549 0.0442661 0.0814856
1 0.466435 0.395565 0.0365179 0.0661782
1 0.353839 0.401595 0.0360468 0.0601378
0 0.644239 0.282616 0.0257998 0.0559799
1 0.282927 0.40145 0.0413971 0.0616017
1 0.4397 0.622582 0.0415928 0.0829921
1 0.291765 0.465416 0.0387825 0.081678
1 0.775054 0.393629 0.0383535 0.075776
1 0.333349 0.290555 0.0326843 0.0627128
1 0.710686 0.39093 0.0359576 0.0718143
1 0.542118 0.623004 0.0369602 0.082688
0 0.31068 0.289385 0.0337189 0.0645656
0 0.455535 0.289405 0.0268734 0.0635783
0 0.251758 0.402173 0.0406444 0.0636074
1 0.456152 0.469637 0.0308443 0.0748774
1 0.369184 0.468451 0.0429009 0.0849374
0 0.560862 0.283622 0.0248211 0.0537604
1 0.579137 0.622812 0.0373283 0.0854464
1 0.763578 0.626059 0.0406443 0.087796
1 0.315562 0.404333 0.0385868 0.0626874
1 0.746585 0.466367 0.0310184 0.0694662
1 0.728362 0.626133 0.0414541 0.0808955
0 0.198214 0.401403 0.0421412 0.0597182
0 0.0593293 0.734037 0.0551869 0.0769251
1 0.786242 0.278739 0.0303326 0.0554495
1 0.377746 0.401406 0.0346933 0.062529
0 0.480783 0.288897 0.028541 0.0579439
1 0.812989 0.466733 0.0354691 0.0684507
1 0.489023 0.469964 0.0312651 0.0727356
1 0.614678 0.622202 0.0361398 0.0871752
1 0.33675 0.469483 0.0303467 0.0851906
1 0.377359 0.288814 0.0339033 0.0633831
0 0.506015 0.287316 0.0260769 0.0541831
1 0.759861 0.279749 0.0275341 0.0640227
1 0.875848 0.624206 0.0501087 0.0892585
0 0.236485 0.290292 0.0362164 0.0615831
1 0.520928 0.394874 0.0308779 0.064771
1 0.42794 0.464437 0.037417 0.0820452
0 0.589076 0.28318 0.0288027 0.058021
1 0.806703 0.390495 0.0318615 0.0681595
1 0.583032 0.396332 0.0307905 0.0640125
1 0.681252 0.392828 0.0306686 0.0730513
0 0.471414 0.745571 0.0420343 0.0855526
1 0.815748 0.27617 0.0364364 0.0607587
1 0.26246 0.468809 0.0398589 0.0765339
1 0.778283 0.4653 0.0412581 0.0738884
1 0.583023 0.465681 0.0323381 0.070031
1 0.648808 0.39018 0.031725 0.0744094
1 0.395854 0.469456 0.0376938 0.0764647
1 0.552824 0.394065 0.0294563 0.0718774
1 0.649009 0.464542 0.0299939 0.0704508
1 0.837416 0.626811 0.0415451 0.0909046
0 0.673207 0.282091 0.0277107 0.0548281
1 0.23352 0.462969 0.0395208 0.0811314
1 0.206928 0.462651 0.043538 0.0822453
1 0.68204 0.465711 0.0303633 0.0693066
1 0.801469 0.627805 0.0443855 0.0922205
0 0.618572 0.28224 0.025954 0.0602413
0 0.429859 0.290159 0.026107 0.0635364
1 0.713239 0.465574 0.0350989 0.0669182
1 0.519687 0.466685 0.0331747 0.0718205
1 0.404002 0.290947 0.0268482 0.0585369
1 0.471563 0.623693 0.0367064 0.085552
1 0.650937 0.624203 0.035696 0.0839457
0 0.496539 0.394938 0.0309977 0.0619786
0 0.70048 0.280562 0.0262018 0.0522563
1 0.122173 0.616099 0.0503695 0.0844194
1 0.17751 0.461162 0.0399241 0.0795745
1 0.616576 0.465722 0.0277468 0.0705588
1 0.551964 0.465325 0.0268095 0.0682322
0 0.409431 0.396615 0.0326575 0.0573403
