1 0.25932 0.7429 0.0536202 0.0804173
1 0.335099 0.620631 0.0452355 0.0738415
1 0.427501 0.288575 0.0301963 0.0579514
1 0.335652 0.291026 0.037259 0.0617599
1 0.308157 0.290845 0.0368616 0.0620401
1 0.367584 0.62138 0.0393887 0.0742427
1 0.817765 0.464205 0.0374578 0.0700826
1 0.135738 0.741736 0.0527298 0.0793622
1 0.401213 0.289259 0.0292815 0.0583854
1 0.435915 0.623968 0.041396 0.0742699
1 0.183872 0.619879 0.047403 0.0765083
1 0.470593 0.62433 0.0394662 0.073211
1 0.61383 0.623677 0.0384232 0.0795515
1 0.153094 0.619688 0.0444406 0.0761652
1 0.57894 0.622577 0.0360632 0.0797959
1 0.543423 0.62319 0.0356615 0.0792652
1 0.616382 0.46689 0.0345937 0.0716108
1 0.506204 0.286013 0.0307649 0.0569565
1 0.11754 0.619454 0.0450866 0.0762029
1 0.25992 0.289398 0.0344836 0.0597675
1 0.533973 0.285004 0.0311153 0.0561245
