1 0.176502 0.739796 0.0603375 0.0914766
1 0.136822 0.739402 0.0553016 0.0867411
1 0.300031 0.734722 0.0523874 0.0793867
0 0.408097 0.396881 0.0332615 0.0579961
1 0.312953 0.403422 0.0381145 0.0614284
1 0.095188 0.738395 0.0550811 0.0845955
0 0.386435 0.746569 0.051259 0.0820978
1 0.219533 0.616701 0.042035 0.0790665
1 0.186442 0.61911 0.0476177 0.0802559
0 0.429378 0.741636 0.0507816 0.0813307
1 0.253411 0.621857 0.0426449 0.0764439
1 0.377048 0.400213 0.0344983 0.0622127
1 0.258516 0.73746 0.0538607 0.0880007
1 0.764885 0.626786 0.041157 0.0891537
1 0.520104 0.467406 0.0315916 0.0714643
0 0.711507 0.466855 0.0361013 0.0677734
0 0.561206 0.283943 0.0247656 0.0540844
1 0.647248 0.466598 0.0309841 0.0726578
0 0.806035 0.391368 0.0332926 0.0700255
0 0.219799 0.737021 0.0544281 0.0921551
1 0.584201 0.467323 0.0320439 0.0709824
0 0.773752 0.393331 0.0376941 0.0751407
0 0.0583076 0.735715 0.0542209 0.0792919
0 0.344007 0.739241 0.0520983 0.0771603
1 0.123374 0.615708 0.0461153 0.0833542
0 0.689622 0.630455 0.0409656 0.0837757
1 0.466684 0.397173 0.0350632 0.0651737
1 0.50586 0.625555 0.0364632 0.0875181
1 0.614891 0.621744 0.0355377 0.0809577
1 0.471506 0.743791 0.0433413 0.08489
1 0.367535 0.467684 0.0420882 0.0817562
1 0.337885 0.617246 0.0428135 0.0801122
0 0.232444 0.462827 0.0413456 0.0820759
1 0.439972 0.622184 0.0408293 0.0796309
0 0.741007 0.391587 0.0323626 0.069983
1 0.223706 0.400504 0.0422641 0.0641928
1 0.373923 0.620652 0.0488622 0.0844517
1 0.457614 0.469902 0.0305423 0.0738222
1 0.745913 0.467585 0.0334713 0.0732893
1 0.405986 0.622087 0.041818 0.0802491
0 0.838327 0.39247 0.0363428 0.0657164
0 0.579525 0.623923 0.0362173 0.0869732
1 0.496782 0.396903 0.031937 0.062013
1 0.281368 0.401919 0.0399131 0.0623892
1 0.31158 0.29066 0.0369949 0.0666537
1 0.847801 0.460745 0.0427532 0.0759512
1 0.511666 0.74854 0.0448828 0.0840956
1 0.876324 0.62334 0.0508266 0.0926771
1 0.709423 0.390972 0.0363472 0.0720083
1 0.284878 0.292321 0.035706 0.0677383
1 0.681208 0.468228 0.0318663 0.0717995
1 0.614246 0.392695 0.035121 0.0636183
1 0.762073 0.279959 0.0275233 0.0639763
1 0.542246 0.621169 0.0368139 0.0796928
1 0.650776 0.625504 0.037138 0.080426
1 0.837862 0.625778 0.040995 0.0889292
1 0.396063 0.468489 0.0368818 0.0775649
1 0.482396 0.289366 0.0278341 0.0608251
1 0.435812 0.396984 0.0337345 0.0593678
1 0.26204 0.468165 0.0425909 0.0795471
0 0.801717 0.628177 0.0440218 0.0921143
1 0.701069 0.280736 0.0274233 0.0518854
1 0.456183 0.289991 0.0279472 0.0655172
1 0.37811 0.288626 0.0349412 0.0640374
1 0.646638 0.388794 0.0302164 0.0723383
1 0.259485 0.291563 0.0359147 0.0666065
1 0.471123 0.622167 0.0363602 0.081848
1 0.590587 0.284308 0.0297741 0.0603827
1 0.788315 0.278913 0.031619 0.0565166
1 0.727759 0.627098 0.0424452 0.0825888
1 0.812219 0.466211 0.0342365 0.0680401
1 0.152262 0.617818 0.0442927 0.0814908
1 0.81712 0.275805 0.0358393 0.0634042
1 0.672799 0.282651 0.0274357 0.0536566
1 0.614551 0.46735 0.0280285 0.0714562
1 0.302632 0.619136 0.0402723 0.0725345
1 0.584123 0.396915 0.0296434 0.0613388
1 0.291629 0.465704 0.0376522 0.0803108
1 0.778342 0.465274 0.0401331 0.0746708
1 0.490421 0.469147 0.032021 0.0726097
0 0.731512 0.281912 0.0318704 0.0563033
1 0.643477 0.282573 0.0255207 0.0550312
1 0.2517 0.402258 0.0394539 0.0647061
1 0.430783 0.290912 0.0259111 0.0619324
1 0.680514 0.395107 0.0309114 0.0737497
1 0.523018 0.396869 0.0312484 0.0608414
0 0.234414 0.290248 0.0359632 0.0624283
1 0.335108 0.46853 0.0308105 0.0858335
1 0.428297 0.464631 0.0362708 0.0830666
1 0.533258 0.286817 0.0264964 0.0564241
1 0.350316 0.402069 0.0364758 0.0609072
1 0.555035 0.39771 0.0290316 0.0657717
1 0.552358 0.465782 0.0275214 0.0685215
1 0.335797 0.291068 0.0340676 0.0647287
1 0.405423 0.290962 0.027923 0.0560342
1 0.507173 0.287328 0.0248043 0.0534465
1 0.204359 0.462865 0.0412909 0.0803607
0 0.6193 0.283643 0.0243605 0.0581352
1 0.196357 0.401335 0.0432764 0.0617202
1 0.176171 0.461565 0.0371946 0.0761424
1 0.0255604 0.734671 0.0478233 0.0744762
