1 0.259663 0.739322 0.0506955 0.0815186
1 0.36936 0.61939 0.0391898 0.0752894
1 0.336143 0.61976 0.0434069 0.0741753
1 0.616825 0.396576 0.0324431 0.0598497
1 0.427862 0.289277 0.0286076 0.0566311
1 0.260278 0.289878 0.0378759 0.0624085
1 0.453491 0.288161 0.0296078 0.0572873
1 0.741097 0.39248 0.0359298 0.0641934
1 0.51023 0.61951 0.0402242 0.0768204
1 0.509347 0.744654 0.0443949 0.0751834
1 0.677852 0.390888 0.0340454 0.0639187
1 0.715035 0.468271 0.0364663 0.071744
1 0.187753 0.6188 0.0456578 0.0752609
1 0.286475 0.289067 0.0368463 0.0618446
1 0.47988 0.287599 0.0307133 0.0579134
1 0.582541 0.619256 0.0381225 0.0801194
1 0.401276 0.290304 0.0278987 0.0563577
1 0.545654 0.619387 0.0341489 0.0769745
1 0.313178 0.288793 0.035002 0.0607623
1 0.615203 0.469888 0.0335682 0.0675889
1 0.648178 0.393495 0.0296052 0.0595363
1 0.303497 0.620399 0.0362595 0.0718826
1 0.507987 0.2871 0.0323794 0.0584035
1 0.617795 0.619932 0.0357986 0.0822827
1 0.439582 0.621292 0.0385787 0.077714
1 0.492236 0.399562 0.0311275 0.0587014
1 0.138672 0.74017 0.0468073 0.0783854
1 0.219781 0.61946 0.0399201 0.0743769
1 0.33896 0.289192 0.0332629 0.0598985
1 0.157407 0.618366 0.0454125 0.075878
1 0.779666 0.464638 0.035973 0.0698106
1 0.522347 0.468856 0.0290682 0.0721786
1 0.584088 0.397635 0.0321095 0.0582985
1 0.368217 0.468789 0.0358722 0.074916
1 0.731366 0.285184 0.0318424 0.0567314
1 0.253196 0.620764 0.038181 0.072794
1 0.339483 0.469012 0.0359461 0.0758228
1 0.378581 0.405621 0.0330579 0.0584599
1 0.489811 0.468945 0.0349169 0.0716991
1 0.58406 0.46889 0.0324626 0.0677546
1 0.20195 0.465202 0.0365963 0.0731212
1 0.710262 0.391793 0.0380263 0.0643612
1 0.554604 0.398593 0.0306063 0.0564267
1 0.679901 0.469143 0.033388 0.070261
