1 0.299606 0.73495 0.0525374 0.081938
0 0.137615 0.738655 0.0543484 0.0848914
1 0.188973 0.618254 0.0438997 0.0795994
0 0.094658 0.736724 0.0554984 0.0839436
0 0.259899 0.29024 0.0356901 0.0647458
1 0.152214 0.619189 0.0469532 0.080077
0 0.613244 0.391516 0.0351501 0.0640964
0 0.470209 0.743111 0.0421781 0.0840702
1 0.679173 0.393872 0.0310483 0.0745069
1 0.176557 0.741209 0.0607912 0.0907017
1 0.220342 0.617375 0.042181 0.0776087
0 0.386457 0.745804 0.0520113 0.0834499
1 0.76329 0.625865 0.0405203 0.0889351
1 0.336964 0.617531 0.0405308 0.0790058
0 0.772715 0.391863 0.0370439 0.0764862
1 0.257408 0.737296 0.0542098 0.0887325
1 0.394749 0.469203 0.0349802 0.0759481
0 0.739821 0.389644 0.0327225 0.071279
1 0.368694 0.468074 0.0419198 0.0805599
0 0.344126 0.737832 0.0526875 0.0786927
0 0.672815 0.28063 0.0269693 0.0545795
0 0.837629 0.391081 0.0375467 0.0675309
1 0.253847 0.622243 0.0417729 0.0745193
0 0.805095 0.389552 0.0336784 0.071438
0 0.429278 0.74128 0.0504263 0.0808061
1 0.584119 0.466369 0.0328749 0.0718256
0 0.219409 0.736467 0.0545115 0.0941315
0 0.285916 0.290923 0.0356821 0.0675531
1 0.489173 0.469947 0.0319819 0.0745089
1 0.727297 0.625224 0.0421827 0.0805936
0 0.4653 0.396871 0.0332583 0.0624568
1 0.251451 0.400555 0.0416353 0.0637197
0 0.495064 0.396708 0.0328549 0.0609318
1 0.812698 0.466189 0.035174 0.0690097
1 0.590335 0.283218 0.0303686 0.0591443
1 0.849052 0.45839 0.0425991 0.0771996
1 0.197435 0.399949 0.0421695 0.061137
1 0.688335 0.629322 0.0412275 0.0864635
0 0.532726 0.286305 0.026573 0.0572987
0 0.0602725 0.733325 0.0536483 0.0754676
1 0.649931 0.624585 0.0369892 0.0825111
1 0.372095 0.619893 0.0485585 0.0849936
1 0.376106 0.400857 0.0350628 0.0632851
1 0.505448 0.624509 0.0367489 0.087103
1 0.778167 0.464821 0.0394382 0.0735109
1 0.64623 0.465138 0.0310676 0.0741968
1 0.518723 0.467755 0.0323139 0.0720574
1 0.405029 0.620401 0.0417745 0.0801391
1 0.700478 0.279543 0.0276321 0.0521399
1 0.311773 0.289947 0.0379728 0.0669605
0 0.505936 0.287399 0.0262504 0.0536338
1 0.541625 0.621736 0.0369957 0.0806927
1 0.578176 0.623323 0.0369186 0.0844662
0 0.554035 0.395666 0.0289317 0.066418
0 0.561116 0.282903 0.0255851 0.0547119
1 0.745742 0.466156 0.0339853 0.0753437
1 0.510592 0.748255 0.0467606 0.0855754
1 0.837206 0.625049 0.0417898 0.0891541
1 0.290621 0.465702 0.0353239 0.077444
1 0.30221 0.617191 0.0396398 0.0714454
1 0.119554 0.614961 0.0490018 0.0823387
0 0.456564 0.468317 0.030812 0.0752558
1 0.439417 0.621838 0.0407301 0.0819747
1 0.730692 0.279496 0.0296371 0.0593226
1 0.711581 0.465851 0.0356563 0.0702303
0 0.436827 0.397324 0.0345479 0.061516
1 0.313735 0.403492 0.0388283 0.0642938
1 0.801192 0.6286 0.0448793 0.0935677
1 0.376517 0.288503 0.03305 0.065187
1 0.613851 0.621223 0.0352247 0.084004
0 0.646244 0.390184 0.0306585 0.0714799
0 0.480619 0.288818 0.0277657 0.0613359
1 0.408353 0.397075 0.0337571 0.0610199
1 0.614884 0.466221 0.0270754 0.0715546
1 0.335962 0.470724 0.031757 0.0837692
1 0.470725 0.621995 0.0360981 0.0829212
1 0.873838 0.622061 0.0482197 0.0892109
1 0.351417 0.401324 0.0369866 0.0603409
1 0.816059 0.274566 0.0368799 0.063304
0 0.70889 0.38929 0.0351912 0.0716892
1 0.176302 0.462093 0.0402659 0.0779833
1 0.28295 0.39971 0.0411488 0.062026
1 0.261922 0.467479 0.0414777 0.0776966
1 0.61886 0.282277 0.0236417 0.0583527
1 0.233646 0.462909 0.041059 0.0807789
1 0.681168 0.466386 0.0324434 0.0715507
1 0.643743 0.281678 0.025774 0.0569201
1 0.42786 0.466833 0.0351086 0.0794793
1 0.429476 0.290155 0.0262179 0.0639621
1 0.75977 0.278181 0.027276 0.0615032
1 0.551697 0.465218 0.0278688 0.0703183
1 0.786203 0.276285 0.0309732 0.0553096
0 0.235975 0.287709 0.0349422 0.0606258
1 0.583211 0.396379 0.0301564 0.0616834
0 0.223686 0.400023 0.0393143 0.0617841
1 0.521213 0.396383 0.0312202 0.0614409
1 0.404029 0.291198 0.0259035 0.0616229
1 0.206997 0.462295 0.0450971 0.0806687
1 0.33736 0.28995 0.0330884 0.0641629
0 0.454708 0.289492 0.0259153 0.0645327
1 0.222927 0.399806 0.0416456 0.0614678
