0 0.779069 0.463033 0.0390791 0.0731609
0 0.258632 0.737472 0.054451 0.087985
0 0.138917 0.738719 0.0539252 0.0848995
0 0.177309 0.739854 0.0583695 0.0897396
0 0.773626 0.391785 0.0381244 0.0754309
0 0.219112 0.736941 0.0555289 0.0914035
0 0.647416 0.388114 0.03039 0.0731457
0 0.614494 0.390402 0.0351143 0.066896
0 0.440534 0.62223 0.0416807 0.0809921
1 0.220596 0.616235 0.0421781 0.0790283
0 0.396018 0.469192 0.0372087 0.0779696
0 0.490194 0.468786 0.0317284 0.0734507
0 0.848653 0.458474 0.0417244 0.0758884
0 0.578823 0.623509 0.0367482 0.0855719
0 0.764408 0.625418 0.0407017 0.0893219
1 0.337445 0.616892 0.0415752 0.0794525
1 0.15405 0.61831 0.0458586 0.0805412
1 0.505927 0.625659 0.0371935 0.0881266
0 0.0970382 0.736363 0.0568668 0.0844587
0 0.34573 0.73847 0.0522941 0.0794019
0 0.261036 0.29061 0.0358335 0.0637994
1 0.367993 0.467574 0.0431252 0.0825758
1 0.373778 0.619368 0.0484068 0.0852214
0 0.282547 0.400796 0.0391682 0.0599338
0 0.299985 0.734668 0.0530966 0.0814217
0 0.644175 0.281956 0.0258543 0.0560214
0 0.838255 0.623962 0.0416969 0.0889028
0 0.542351 0.62319 0.0371855 0.0814408
0 0.533331 0.285054 0.0260542 0.05578
0 0.802407 0.627573 0.045145 0.0919697
1 0.375702 0.402218 0.0362953 0.0613668
0 0.386843 0.746463 0.0516592 0.0854813
0 0.747076 0.466079 0.0333583 0.0730728
0 0.408991 0.397022 0.0336839 0.0583807
0 0.816339 0.27482 0.0360785 0.0619853
0 0.709821 0.389441 0.0359931 0.0718151
0 0.614969 0.620801 0.0348642 0.0827454
0 0.520032 0.46721 0.0333053 0.0729086
0 0.46649 0.396743 0.0343754 0.0634631
1 0.253543 0.622065 0.0418322 0.0760257
0 0.177205 0.461981 0.0388122 0.077859
0 0.337208 0.290659 0.0335098 0.0615538
0 0.730863 0.280207 0.0301735 0.0577282
1 0.45664 0.469494 0.0303034 0.074833
0 0.511285 0.747958 0.0450438 0.0880489
0 0.689909 0.627877 0.0409063 0.0835892
0 0.805954 0.389235 0.0330379 0.0712273
0 0.727318 0.624738 0.0421659 0.0811596
0 0.812687 0.464719 0.0362911 0.069137
0 0.0596399 0.73214 0.0528256 0.0752941
0 0.313741 0.403923 0.0373872 0.062166
0 0.838427 0.390705 0.0368507 0.0653566
0 0.681166 0.466381 0.0314808 0.0710464
0 0.787959 0.276857 0.0308305 0.0540276
0 0.205899 0.462098 0.0440543 0.0826653
0 0.553861 0.394242 0.0298769 0.0692279
0 0.740486 0.39067 0.0321043 0.0693559
0 0.679799 0.393363 0.0305341 0.0747952
0 0.651312 0.624631 0.0363394 0.0822147
0 0.761664 0.27781 0.0283045 0.0643457
1 0.313057 0.289492 0.0363399 0.0650612
0 0.429363 0.741889 0.0500404 0.0819223
0 0.711918 0.465474 0.0351786 0.0672916
1 0.406721 0.62126 0.040584 0.0800919
1 0.377767 0.288251 0.0328235 0.0626111
0 0.471327 0.74483 0.0423997 0.0856838
1 0.286594 0.290448 0.0357777 0.0666191
0 0.615152 0.466598 0.0284508 0.072167
0 0.496624 0.395882 0.0322083 0.0606415
0 0.522148 0.395538 0.0305177 0.0610584
0 0.647617 0.465538 0.0306564 0.0720903
0 0.123979 0.615609 0.0467097 0.0823816
0 0.428597 0.46482 0.0382761 0.0825617
0 0.584078 0.465749 0.0309805 0.0715839
0 0.589508 0.283232 0.0291261 0.0589368
1 0.335005 0.470277 0.0313494 0.0857107
0 0.436378 0.396613 0.0339955 0.0581836
0 0.40477 0.290228 0.0270611 0.0590852
1 0.189111 0.617947 0.0453103 0.0805922
0 0.56082 0.282521 0.0252686 0.0544605
1 0.234331 0.462711 0.0397773 0.0844532
0 0.673326 0.280757 0.0282148 0.054129
1 0.471543 0.62176 0.0355114 0.0803024
0 0.351252 0.401477 0.0361707 0.0588072
1 0.876283 0.620758 0.0492054 0.0889132
1 0.262553 0.466811 0.0420178 0.0816212
0 0.583765 0.395244 0.030086 0.0627469
1 0.302373 0.61759 0.0402782 0.0725481
1 0.199179 0.401668 0.0433523 0.0601253
0 0.455492 0.288332 0.0265139 0.0632837
0 0.430241 0.290254 0.0260315 0.0639552
0 0.506831 0.285057 0.0251995 0.0530206
0 0.481269 0.288164 0.0279976 0.060302
0 0.618675 0.282025 0.0253744 0.0606296
1 0.225536 0.400524 0.0425083 0.0616388
1 0.291399 0.46582 0.0367915 0.0807117
1 0.252572 0.401121 0.0392364 0.0627433
0 0.701412 0.279656 0.0255548 0.0515945
1 0.552748 0.465301 0.0267916 0.0716846
0 0.236862 0.288473 0.0349882 0.0594255
