1 0.259968 0.738985 0.0519691 0.0852301
1 0.43898 0.62335 0.0397743 0.0750636
1 0.337364 0.291061 0.0343366 0.0632419
1 0.468058 0.743679 0.0411825 0.0760884
1 0.554883 0.396637 0.0316204 0.0599411
1 0.542918 0.620922 0.0369143 0.0780866
1 0.454037 0.288755 0.0301049 0.0571707
1 0.742541 0.395677 0.0359756 0.0646498
1 0.378094 0.405435 0.0328226 0.0591221
1 0.468027 0.398954 0.031082 0.0593271
1 0.336202 0.621124 0.0442382 0.075721
1 0.497612 0.398971 0.028092 0.0582397
1 0.5092 0.620874 0.0417646 0.0766522
1 0.50736 0.288285 0.031664 0.0571054
1 0.40146 0.290378 0.0279505 0.0577119
1 0.713734 0.468514 0.0365345 0.0713914
1 0.618656 0.395646 0.0308988 0.0614886
1 0.42767 0.289447 0.0285067 0.0572688
1 0.616536 0.468111 0.0343164 0.0715886
1 0.83886 0.393764 0.0366582 0.0672235
1 0.406342 0.623322 0.0402722 0.074164
1 0.370807 0.622061 0.0400609 0.0761151
1 0.37628 0.291016 0.0281959 0.0591662
1 0.815725 0.465341 0.0389421 0.0718041
1 0.809056 0.393771 0.0385325 0.0683136
1 0.779462 0.465921 0.0379633 0.0705505
1 0.510628 0.746226 0.043253 0.0739346
1 0.236298 0.28873 0.0373184 0.0616494
1 0.220131 0.620775 0.0439444 0.0726847
1 0.279888 0.406013 0.0368262 0.0589517
1 0.18648 0.61981 0.0467981 0.0734528
1 0.489623 0.468377 0.0366193 0.0732427
1 0.304422 0.621237 0.0396391 0.0727755
1 0.58581 0.395562 0.0331344 0.0609776
1 0.473143 0.62262 0.0343839 0.0758829
1 0.136335 0.738441 0.0509778 0.0837032
1 0.261864 0.289118 0.0366304 0.0612819
1 0.310357 0.405864 0.0411933 0.0585972
1 0.522196 0.468649 0.0294207 0.071926
1 0.437297 0.399359 0.032399 0.0594492
1 0.262862 0.467186 0.0384212 0.0763198
1 0.407431 0.404086 0.0344912 0.0607832
1 0.211111 0.288539 0.0388069 0.0629014
1 0.72924 0.28405 0.0282158 0.0543545
1 0.255617 0.621614 0.0420598 0.0714348
1 0.479865 0.288684 0.0301983 0.0573094
1 0.534398 0.288224 0.0314449 0.0561869
1 0.578617 0.62157 0.0358735 0.0806873
1 0.776778 0.394626 0.0342005 0.0669635
1 0.791592 0.282242 0.0332164 0.0569033
1 0.708564 0.395805 0.0380958 0.0635921
1 0.745282 0.467779 0.0342507 0.0723276
