1 0.259691 0.742105 0.0498172 0.080794
1 0.336722 0.291405 0.0325778 0.0623284
1 0.400893 0.291297 0.0274228 0.0597934
1 0.777227 0.390526 0.0334983 0.0668705
1 0.218736 0.619255 0.0419387 0.0744382
1 0.495937 0.399778 0.0307743 0.0588176
1 0.615471 0.623362 0.0374693 0.0781983
1 0.427096 0.291128 0.0283208 0.0592744
1 0.506391 0.288688 0.0306272 0.0579354
1 0.743897 0.39159 0.0355307 0.0682001
1 0.337282 0.620038 0.0444052 0.07456
1 0.533153 0.287181 0.0316824 0.0575319
1 0.371234 0.619732 0.0387628 0.0744279
1 0.617746 0.396301 0.0318222 0.0607536
1 0.312451 0.29112 0.0350932 0.0632938
1 0.453069 0.290905 0.0281547 0.0582856
1 0.466307 0.399878 0.0327593 0.059978
1 0.479374 0.29033 0.0297503 0.0580205
1 0.186112 0.618705 0.0445189 0.0752975
1 0.364858 0.469576 0.0379688 0.0825665
1 0.156957 0.61829 0.0434933 0.0759605
1 0.210047 0.289369 0.0376009 0.0627602
1 0.281421 0.406256 0.0353197 0.0566883
1 0.375809 0.291513 0.0276137 0.0601402
1 0.439883 0.61938 0.0393867 0.0761569
1 0.541911 0.621922 0.0349215 0.0740139
1 0.491 0.471632 0.0365967 0.0782847
1 0.303791 0.620377 0.0384736 0.0730926
1 0.256389 0.620442 0.0441586 0.0737346
1 0.615195 0.470076 0.0344954 0.071611
1 0.136987 0.741022 0.0491001 0.0785362
1 0.353903 0.291647 0.0265925 0.0610592
1 0.508387 0.620941 0.0372056 0.073524
1 0.782435 0.466833 0.0370859 0.0726625
1 0.312227 0.406532 0.0359799 0.0554265
1 0.405333 0.6194 0.0391783 0.0759145
1 0.287262 0.290616 0.036447 0.062501
1 0.252797 0.406331 0.0325879 0.0570245
1 0.55403 0.468608 0.0298306 0.0709178
1 0.23448 0.289229 0.0391416 0.0615541
