1 0.17722 0.740657 0.0584807 0.0907346
0 0.25775 0.737941 0.0538754 0.0888968
0 0.779389 0.464481 0.0396737 0.0739532
1 0.137508 0.740634 0.0557229 0.0861637
0 0.299272 0.735487 0.0535189 0.0818418
0 0.285859 0.291982 0.0348063 0.0651586
1 0.37309 0.622699 0.0504527 0.0853477
0 0.336401 0.29127 0.0343794 0.0621052
1 0.689237 0.628952 0.0414137 0.0837389
0 0.506303 0.62769 0.0374276 0.0891996
0 0.613857 0.39231 0.0344999 0.06541
0 0.218959 0.737317 0.0555485 0.0923551
0 0.312575 0.404377 0.038109 0.0627154
0 0.680961 0.467183 0.0314981 0.0733206
0 0.281059 0.400793 0.0392085 0.0599344
1 0.406175 0.623688 0.0417197 0.0802713
0 0.805548 0.390603 0.0334139 0.0703548
1 0.542095 0.623039 0.0372986 0.0813047
0 0.838445 0.625039 0.0411362 0.0884091
1 0.471319 0.624594 0.0362209 0.0794411
1 0.0952827 0.739402 0.0550907 0.083955
1 0.647161 0.465493 0.0302327 0.0707104
0 0.456881 0.469101 0.0309814 0.075038
1 0.847849 0.460718 0.0415888 0.0764835
0 0.344335 0.73907 0.0524786 0.0796124
0 0.763836 0.626293 0.0406956 0.0884058
0 0.386674 0.746626 0.0521182 0.0837659
0 0.205909 0.463018 0.0443072 0.0840078
1 0.578725 0.622676 0.0365034 0.083775
0 0.435905 0.397703 0.0342323 0.0602777
0 0.838296 0.39173 0.0374632 0.0667125
1 0.489876 0.469061 0.0316705 0.0723294
1 0.428732 0.464822 0.036269 0.0829758
1 0.252593 0.622293 0.0425393 0.0753799
0 0.589337 0.283985 0.0283366 0.0577236
0 0.646678 0.39027 0.0312778 0.0711515
1 0.465822 0.398095 0.034456 0.0644776
1 0.812267 0.466856 0.0353783 0.0698723
1 0.71217 0.466868 0.0358585 0.0687896
0 0.520739 0.46735 0.0326923 0.0711899
1 0.560671 0.283705 0.0253994 0.0544834
0 0.496539 0.396685 0.0323086 0.0614112
0 0.510728 0.749925 0.0470541 0.0875776
0 0.644 0.282957 0.0257848 0.055778
0 0.74107 0.392069 0.0318781 0.0683733
0 0.0597472 0.734555 0.0550242 0.0750813
0 0.614708 0.621311 0.0351275 0.0842564
0 0.533418 0.286875 0.0255377 0.0580058
0 0.223944 0.399956 0.0408583 0.0618899
0 0.429446 0.742571 0.0491012 0.0806702
0 0.727283 0.626749 0.0417467 0.0828624
1 0.395309 0.470898 0.0375103 0.0783943
0 0.730931 0.281654 0.03031 0.057615
0 0.470486 0.745763 0.0429955 0.0850052
1 0.801973 0.629546 0.043686 0.0932074
1 0.773431 0.394403 0.0378603 0.0751586
1 0.679829 0.394662 0.031303 0.0749376
1 0.651064 0.625898 0.0362741 0.0818078
0 0.554166 0.395506 0.0293924 0.0689889
1 0.583319 0.467377 0.0308517 0.071722
1 0.219373 0.61765 0.0416592 0.0780202
1 0.368356 0.46805 0.0414531 0.0862047
1 0.302658 0.618014 0.0407935 0.071638
1 0.351266 0.401729 0.0361571 0.0594121
1 0.188443 0.619832 0.0443712 0.0784755
1 0.260043 0.292078 0.0358083 0.0645761
0 0.154046 0.62 0.0429576 0.078509
1 0.439536 0.623945 0.041655 0.0798664
0 0.614669 0.467101 0.0288464 0.0708246
0 0.875148 0.622346 0.0486383 0.0895863
1 0.311715 0.290843 0.0368896 0.0651511
0 0.376286 0.402087 0.0361461 0.0627813
0 0.788376 0.278105 0.031113 0.0542871
0 0.673474 0.282535 0.0280988 0.0547401
0 0.481079 0.289654 0.0284773 0.0595334
0 0.746541 0.466664 0.0321507 0.0692266
1 0.250398 0.401386 0.0384367 0.0626865
1 0.233722 0.462862 0.0402864 0.0844269
0 0.58351 0.39658 0.0300037 0.0622287
0 0.761985 0.278801 0.0279713 0.0639421
1 0.337917 0.46981 0.030174 0.0857395
0 0.198312 0.400074 0.0426689 0.0595036
1 0.261436 0.467532 0.0405416 0.0786377
1 0.338536 0.617344 0.0398873 0.0775097
1 0.378172 0.28838 0.032332 0.0640467
0 0.7103 0.391254 0.0363658 0.0716667
0 0.408448 0.396536 0.0339865 0.0580182
1 0.816558 0.275304 0.0369551 0.0616057
0 0.618724 0.283298 0.025733 0.0604166
1 0.404581 0.290833 0.0265837 0.0601706
0 0.522296 0.396127 0.0311745 0.0618766
0 0.455265 0.290039 0.0263371 0.0638681
1 0.235608 0.289881 0.0363579 0.0615469
1 0.177314 0.461651 0.0378801 0.0805477
1 0.506464 0.28805 0.0261484 0.0539725
0 0.430211 0.291059 0.0257139 0.0623841
1 0.125259 0.617404 0.0453558 0.0840731
0 0.551674 0.4663 0.0269229 0.0696678
1 0.289299 0.466706 0.036838 0.079764
0 0.701322 0.2807 0.0257076 0.0506701
1 0.408666 0.396719 0.0338656 0.0577254
