0 0.773694 0.392195 0.0377815 0.0753058
0 0.375856 0.401366 0.0357894 0.0619865
0 0.258282 0.73717 0.0526183 0.0878014
0 0.312867 0.403061 0.0368472 0.0612918
0 0.219972 0.616461 0.0422548 0.0792427
0 0.138085 0.73921 0.0552093 0.0854673
0 0.0946779 0.738416 0.057259 0.0855113
0 0.290288 0.465998 0.0373044 0.0815042
0 0.647072 0.38899 0.0307152 0.0712088
0 0.177036 0.73933 0.058902 0.089263
0 0.372796 0.620866 0.0490712 0.0851063
0 0.779574 0.463181 0.0394969 0.0729678
0 0.613771 0.391522 0.0351065 0.065464
0 0.489868 0.469827 0.0320108 0.0735403
0 0.299776 0.73535 0.0527801 0.0804321
0 0.344502 0.739973 0.0523054 0.0799637
0 0.405105 0.620838 0.0413687 0.0795665
1 0.253086 0.62098 0.0445612 0.0772756
0 0.218874 0.737719 0.0553922 0.093881
0 0.20509 0.462192 0.0450772 0.0819139
0 0.428216 0.464041 0.0373322 0.0836092
0 0.584328 0.466337 0.0316403 0.0710122
0 0.520189 0.468029 0.0340662 0.0728632
0 0.76465 0.624835 0.0409895 0.0903819
0 0.436462 0.396479 0.0343393 0.0592631
0 0.533686 0.285784 0.0265722 0.0568029
0 0.223894 0.40026 0.0404965 0.0632326
0 0.471595 0.621656 0.0367785 0.0820339
0 0.747004 0.466194 0.0331006 0.0720168
0 0.456263 0.470083 0.0310568 0.075187
0 0.42944 0.743367 0.0495227 0.0836559
0 0.466275 0.396691 0.0339045 0.063116
0 0.579084 0.621857 0.0365934 0.0855001
0 0.741037 0.390458 0.032635 0.0705171
0 0.387261 0.745619 0.0511195 0.0838871
0 0.710198 0.389228 0.03598 0.0726708
0 0.68139 0.466312 0.0315882 0.0705786
0 0.788121 0.276777 0.0307238 0.0547484
0 0.876594 0.621589 0.0494442 0.0908506
0 0.188039 0.619042 0.045028 0.0782787
0 0.409047 0.396397 0.0340944 0.0594091
0 0.506036 0.625395 0.0372214 0.0888893
0 0.542425 0.622325 0.0368004 0.0822377
0 0.614936 0.620379 0.0349282 0.0839573
0 0.813457 0.465551 0.0358227 0.0686518
0 0.816373 0.274437 0.0361676 0.0610238
0 0.368234 0.466912 0.0419404 0.0829879
0 0.647312 0.465641 0.0309262 0.0722473
0 0.496393 0.395744 0.0327002 0.0618903
0 0.761652 0.278843 0.0281537 0.0649982
0 0.651015 0.624 0.0366126 0.0830086
0 0.689666 0.628123 0.0410786 0.0870705
0 0.727848 0.624816 0.0423314 0.0827114
0 0.336463 0.468734 0.0320824 0.0849282
0 0.838511 0.62403 0.0421352 0.0906952
0 0.838493 0.390449 0.0368052 0.0667169
0 0.802792 0.627989 0.0450481 0.0943932
0 0.644366 0.281567 0.0260168 0.0557844
0 0.470645 0.74425 0.0434044 0.0851925
0 0.511526 0.747836 0.0457613 0.0873449
0 0.338413 0.616651 0.0396645 0.0787327
0 0.439566 0.622027 0.0413658 0.0805467
0 0.590391 0.282419 0.0296301 0.0589499
0 0.232217 0.45851 0.0394451 0.0879897
0 0.805667 0.389417 0.0335094 0.0722161
0 0.614959 0.466696 0.0288841 0.0713909
0 0.712157 0.46531 0.0348789 0.067411
0 0.849518 0.458806 0.0429474 0.075567
0 0.679827 0.393251 0.0317036 0.0744584
0 0.26023 0.289715 0.0356799 0.0638618
0 0.336358 0.290388 0.0344565 0.0633884
0 0.280912 0.40067 0.0386505 0.0591814
0 0.731357 0.280108 0.0298491 0.0578514
0 0.235801 0.288378 0.0358412 0.0603609
0 0.311937 0.288947 0.0375049 0.0657084
0 0.561171 0.282371 0.0245626 0.0543901
0 0.198722 0.401212 0.0419909 0.0585033
1 0.30478 0.617433 0.0406931 0.0713975
0 0.522355 0.395104 0.031344 0.0619068
0 0.0586303 0.735175 0.0536527 0.0770596
0 0.378201 0.287702 0.0329826 0.0612647
0 0.554247 0.39482 0.0296274 0.0681384
0 0.260974 0.467679 0.0405657 0.0813371
0 0.351241 0.400412 0.0345282 0.0589758
0 0.250681 0.400679 0.0382218 0.0631506
0 0.285386 0.290215 0.0332474 0.0652129
0 0.673387 0.281175 0.0281622 0.0546954
0 0.618859 0.2819 0.0250275 0.0595284
0 0.583286 0.396124 0.0295029 0.0618994
0 0.481019 0.288142 0.0286339 0.0597526
0 0.153011 0.618546 0.0454823 0.0786839
0 0.404882 0.289512 0.026971 0.0594788
0 0.430322 0.289708 0.0260903 0.0634623
0 0.702011 0.280012 0.0269703 0.0521162
0 0.552672 0.465371 0.0273007 0.0675663
0 0.506256 0.286738 0.0259624 0.0546866
1 0.395606 0.46959 0.0365451 0.0759124
0 0.455515 0.288266 0.026161 0.0635085
0 0.17649 0.45936 0.0358217 0.0773491
0 0.121294 0.615826 0.0469039 0.0827193
0 0.0259805 0.732465 0.0483568 0.0706483
