0 0.138302 0.737893 0.0543517 0.0858164
0 0.258467 0.737065 0.0532701 0.0869651
0 0.177153 0.738517 0.0572825 0.0872702
0 0.773813 0.392361 0.0376358 0.0749287
0 0.875518 0.623179 0.048283 0.0853874
0 0.313241 0.402963 0.0387639 0.0611394
0 0.779066 0.462486 0.0383408 0.0730988
0 0.375948 0.401749 0.0359115 0.0607574
0 0.489594 0.468578 0.0331076 0.0741474
0 0.219096 0.616316 0.0423361 0.0802961
0 0.299969 0.735274 0.0520217 0.0809645
0 0.429768 0.742524 0.0500496 0.0830521
0 0.57904 0.622702 0.0370583 0.0866887
0 0.408601 0.396871 0.0342741 0.0590907
0 0.436171 0.396416 0.0343355 0.059667
0 0.533516 0.285158 0.0258272 0.0565625
0 0.218647 0.736354 0.0562765 0.0916849
0 0.838115 0.624574 0.0409353 0.089159
0 0.289222 0.465668 0.0371832 0.0806114
0 0.386955 0.745529 0.0518866 0.0840154
0 0.205236 0.462291 0.0442377 0.0806967
0 0.223795 0.400864 0.0401114 0.0625979
0 0.764098 0.624993 0.0411582 0.0888838
0 0.0950337 0.736695 0.0561982 0.0846481
0 0.673497 0.280328 0.027912 0.0525961
0 0.280468 0.401053 0.0399195 0.0603788
0 0.614471 0.390887 0.0347288 0.0664727
0 0.812528 0.464567 0.0349915 0.0674658
0 0.0589873 0.734219 0.0532921 0.079731
0 0.746637 0.46526 0.0329535 0.0705958
0 0.740844 0.390007 0.0337113 0.0715533
0 0.61486 0.620011 0.0355375 0.0827083
0 0.3726 0.619446 0.0495236 0.0836575
0 0.643873 0.281255 0.0257647 0.0550159
0 0.405196 0.621095 0.0416271 0.0790331
0 0.344779 0.73964 0.0523798 0.0777658
0 0.647187 0.464627 0.0308399 0.0705376
0 0.689506 0.626732 0.0409225 0.0863594
0 0.253086 0.620867 0.0434721 0.0784946
0 0.506255 0.623358 0.0374243 0.0863832
0 0.730863 0.279946 0.0302825 0.0600559
0 0.188052 0.618741 0.0455678 0.0783289
0 0.727395 0.625191 0.0414519 0.0828083
0 0.439534 0.621618 0.0415637 0.0792653
0 0.33793 0.615668 0.0409927 0.0785576
0 0.232832 0.458827 0.0393106 0.0882647
0 0.42816 0.464148 0.0371389 0.0822153
0 0.542526 0.621021 0.0370346 0.0813538
0 0.49593 0.395778 0.0322889 0.0609318
0 0.198224 0.402035 0.0409477 0.0581705
0 0.520133 0.467213 0.031954 0.0719109
0 0.805527 0.388845 0.0329094 0.0701071
0 0.802635 0.628638 0.0454214 0.0934242
0 0.471942 0.621376 0.036208 0.0805195
0 0.614529 0.465472 0.0289816 0.0701077
0 0.650989 0.623233 0.0366198 0.0826288
0 0.378546 0.286684 0.0322642 0.0616961
0 0.71188 0.465657 0.0357101 0.0677298
0 0.76196 0.276211 0.0284801 0.0653004
0 0.710424 0.389797 0.0348177 0.0723969
0 0.816908 0.273877 0.0371531 0.0630919
1 0.302351 0.616392 0.0407102 0.0713099
0 0.554645 0.395339 0.0288857 0.0668389
0 0.285221 0.290003 0.0338507 0.0660171
0 0.466518 0.395168 0.0345598 0.0641593
0 0.511653 0.74676 0.0450321 0.0861595
0 0.367958 0.466296 0.0413788 0.0816261
0 0.647098 0.388347 0.030499 0.0712711
0 0.58333 0.466043 0.0307964 0.0706013
0 0.396837 0.467991 0.0373225 0.0778415
0 0.788169 0.276403 0.0324347 0.0544894
0 0.47078 0.745205 0.0432627 0.0866575
0 0.680739 0.465443 0.0308241 0.0695965
0 0.456279 0.469099 0.0303085 0.0759766
0 0.259919 0.289724 0.0349796 0.0648816
0 0.121559 0.614315 0.0470523 0.0857344
0 0.455504 0.28771 0.0268515 0.0622828
0 0.583573 0.39597 0.0302847 0.0631185
0 0.590312 0.282907 0.0300581 0.0591746
0 0.152433 0.617069 0.0463161 0.0804586
0 0.680241 0.393506 0.0312182 0.0729391
0 0.176406 0.460075 0.0363613 0.0757086
0 0.337025 0.468979 0.0301758 0.0851031
0 0.261402 0.465869 0.0392016 0.0809249
0 0.480897 0.287886 0.0278198 0.0592464
0 0.311682 0.288856 0.0366857 0.065511
0 0.250126 0.401518 0.0383316 0.0630839
0 0.23574 0.288139 0.0361178 0.0621943
0 0.50614 0.286353 0.0258653 0.0549084
0 0.335715 0.289031 0.0335885 0.0627531
0 0.404668 0.288945 0.0267914 0.0591347
0 0.350484 0.401707 0.0371809 0.0595911
0 0.560585 0.282154 0.024805 0.0545119
0 0.522054 0.395623 0.031142 0.0617754
0 0.837582 0.390227 0.0367956 0.0667371
0 0.700901 0.279597 0.0270063 0.0511582
0 0.43004 0.288772 0.0262043 0.0627219
0 0.552012 0.465133 0.0267088 0.0686129
0 0.618838 0.281602 0.0246729 0.058836
0 0.0268609 0.732456 0.0500742 0.0754875
0 0.848544 0.459561 0.0414446 0.0755077
0 0.212257 0.285534 0.0352463 0.0579622
