1 0.187646 0.619382 0.0458615 0.0773481
1 0.33628 0.619409 0.0439516 0.0761549
1 0.259155 0.741989 0.0522746 0.0784875
1 0.218926 0.619113 0.0418501 0.0775674
1 0.307646 0.406207 0.0356493 0.0581649
1 0.36861 0.619575 0.0408515 0.0776499
1 0.490097 0.468036 0.0361496 0.0736844
1 0.714536 0.467717 0.0359813 0.0722735
1 0.510691 0.621553 0.0408871 0.0784767
1 0.522862 0.468116 0.0287036 0.0724517
1 0.136352 0.741607 0.0521314 0.0801321
1 0.816151 0.466108 0.03907 0.07566
1 0.304641 0.619761 0.041291 0.074045
1 0.54446 0.621909 0.0340155 0.0782859
