1 0.137435 0.740266 0.05633 0.085834
0 0.258784 0.735548 0.0525616 0.0892391
1 0.0951101 0.738193 0.0558292 0.0850306
0 0.386828 0.743888 0.0516067 0.0835861
0 0.300065 0.733535 0.0522568 0.0811424
0 0.344541 0.73818 0.0523279 0.0786239
1 0.155928 0.618871 0.0460874 0.0791595
1 0.372195 0.621362 0.0493363 0.0844397
1 0.429026 0.741447 0.0490101 0.0839904
1 0.219021 0.616841 0.0422931 0.079629
0 0.176662 0.740714 0.0589248 0.0916472
1 0.874913 0.622436 0.0491707 0.090773
1 0.583844 0.466583 0.0324048 0.0728585
1 0.337257 0.616497 0.0405703 0.0788075
1 0.187497 0.618244 0.043445 0.0800772
0 0.812006 0.464654 0.0364494 0.0719712
1 0.47051 0.744255 0.0446577 0.0870396
0 0.771975 0.389493 0.035566 0.0744481
1 0.690671 0.62874 0.0418257 0.0836297
1 0.542731 0.623217 0.0360414 0.0822874
1 0.311653 0.289655 0.0375666 0.0670262
0 0.590007 0.283165 0.0304676 0.0593701
1 0.646745 0.464838 0.0306912 0.0740217
1 0.395813 0.466643 0.0371302 0.0808319
1 0.507343 0.626154 0.0373858 0.0878973
1 0.22445 0.400988 0.0408046 0.0628706
0 0.51069 0.748181 0.0459729 0.0863343
1 0.579093 0.621931 0.0373239 0.0844923
1 0.263053 0.466702 0.0417902 0.0796706
1 0.260056 0.290961 0.0359218 0.0658891
1 0.458175 0.46815 0.0305588 0.0774477
1 0.204242 0.46152 0.0446195 0.0816552
1 0.761456 0.280188 0.0280952 0.0645698
1 0.439619 0.621728 0.0415078 0.0810146
1 0.220296 0.735339 0.0531666 0.0912474
1 0.560453 0.282698 0.0248621 0.0562336
1 0.350347 0.401601 0.0368693 0.0591178
1 0.612821 0.391052 0.033574 0.0632
1 0.252964 0.621541 0.042815 0.0764168
1 0.778199 0.463782 0.0394576 0.0776596
1 0.802016 0.627362 0.0451263 0.0921797
1 0.293451 0.464782 0.0388165 0.0820803
0 0.0579743 0.735043 0.0538583 0.082225
1 0.405421 0.621319 0.0421091 0.0816906
1 0.314592 0.402804 0.0404273 0.0619824
1 0.848435 0.459589 0.042135 0.0770579
1 0.816386 0.275651 0.0370174 0.0633971
0 0.787947 0.278293 0.030378 0.0542864
0 0.532744 0.285725 0.0263391 0.0565135
1 0.614813 0.467585 0.0282049 0.0734123
0 0.673355 0.2816 0.0276833 0.0535777
1 0.472199 0.62259 0.0369045 0.0818151
1 0.497072 0.394106 0.0323096 0.0607017
1 0.838046 0.625065 0.041964 0.0904334
1 0.727574 0.625378 0.0415218 0.0837164
1 0.367126 0.467443 0.0417449 0.0840384
1 0.681579 0.466583 0.0317558 0.0734998
1 0.764243 0.626504 0.0407311 0.0891867
1 0.746163 0.466364 0.031785 0.0711429
1 0.615939 0.621079 0.0354895 0.0839996
1 0.518662 0.467375 0.0323185 0.0732554
1 0.302696 0.617135 0.0398169 0.0715947
0 0.286222 0.291342 0.033669 0.0661004
0 0.678859 0.3931 0.0331861 0.0748588
1 0.436825 0.395921 0.0346014 0.0594547
0 0.25216 0.401261 0.039721 0.0640944
1 0.652563 0.625184 0.0371492 0.0827101
1 0.377841 0.287871 0.033124 0.0653701
1 0.709419 0.388358 0.0357042 0.0699646
1 0.281364 0.401569 0.0391228 0.0621465
1 0.408404 0.397033 0.0336221 0.0576831
1 0.712517 0.466533 0.0361265 0.0683182
0 0.236541 0.288727 0.0361986 0.0603427
1 0.404036 0.291253 0.0282278 0.0592895
1 0.489008 0.469799 0.0304897 0.0736685
1 0.803475 0.387603 0.0339373 0.0688748
1 0.336032 0.29063 0.0344846 0.0639189
1 0.583192 0.395142 0.0279762 0.0601018
1 0.455341 0.289484 0.0265718 0.0655951
0 0.701163 0.280532 0.026281 0.0516757
0 0.730401 0.280857 0.0298201 0.0554889
0 0.466852 0.396473 0.0338152 0.0631986
1 0.481429 0.288781 0.0271883 0.0625608
1 0.428322 0.465068 0.0364838 0.0823192
1 0.554944 0.394384 0.0272961 0.0692138
1 0.644507 0.387877 0.0292505 0.0698677
0 0.740619 0.388247 0.0317397 0.0690804
1 0.429661 0.290542 0.0269522 0.0642365
1 0.232323 0.461253 0.0423669 0.0825008
0 0.643881 0.282154 0.0267374 0.0550424
1 0.336925 0.469286 0.0321588 0.0874372
1 0.837018 0.38652 0.0369801 0.0645299
0 0.551375 0.466286 0.0282963 0.0727282
1 0.620021 0.282018 0.0236122 0.0591516
1 0.505944 0.286937 0.0262188 0.0549182
1 0.177115 0.460742 0.0379356 0.0789209
0 0.198321 0.401419 0.040807 0.0609602
0 0.127128 0.614731 0.0444446 0.0836501
0 0.376453 0.40011 0.0338989 0.0597255
1 0.19802 0.401894 0.040439 0.0601138
0 0.522849 0.39474 0.0313372 0.0630872
0 0.0263373 0.734175 0.0504851 0.076902
