1 0.18888 0.618467 0.0442613 0.0763216
1 0.33301 0.291494 0.0361361 0.0640024
1 0.744786 0.391813 0.0330939 0.0624601
1 0.61611 0.391465 0.0340941 0.062604
1 0.438894 0.622105 0.0402301 0.0776503
1 0.370412 0.620375 0.0410331 0.0748164
1 0.816114 0.466188 0.0383665 0.070668
1 0.337041 0.620323 0.0424422 0.0743271
1 0.262247 0.467069 0.0397785 0.0774586
1 0.375592 0.290548 0.0286419 0.0606709
1 0.710942 0.393392 0.0340761 0.0626035
1 0.509479 0.622576 0.0413816 0.0805829
1 0.713693 0.469962 0.0361966 0.0646388
1 0.136288 0.741455 0.0515247 0.0773723
1 0.405633 0.621398 0.0394889 0.0769887
1 0.780331 0.467189 0.036948 0.0701111
1 0.681179 0.392975 0.0325973 0.062341
1 0.756981 0.282014 0.0298668 0.0561409
1 0.552034 0.394042 0.0285267 0.0614331
1 0.466969 0.399563 0.033369 0.0597139
1 0.304811 0.620167 0.0401258 0.0726029
1 0.220656 0.618846 0.0442381 0.0743406
1 0.542723 0.623267 0.0366394 0.081042
