0 0.138482 0.739788 0.0548592 0.0855293
0 0.614641 0.391088 0.0341427 0.0646299
0 0.779512 0.463239 0.0389112 0.0726935
0 0.25836 0.736851 0.0529989 0.0868164
1 0.673516 0.28046 0.0282074 0.0544961
0 0.0959846 0.737969 0.0556006 0.0835964
0 0.299794 0.735451 0.0526216 0.0819593
0 0.177616 0.739787 0.0573862 0.0858755
0 0.429813 0.740774 0.0492787 0.0806817
0 0.218942 0.736727 0.054989 0.0911918
0 0.0593597 0.734312 0.0525811 0.0782228
0 0.387546 0.745875 0.051569 0.0838679
1 0.377205 0.401333 0.0353511 0.0616711
0 0.773393 0.392412 0.0374762 0.0749744
1 0.849221 0.459376 0.0424294 0.0751537
1 0.31291 0.289699 0.0365922 0.0670568
1 0.578706 0.621764 0.0363626 0.0836596
0 0.746975 0.46621 0.0329515 0.0727133
1 0.36884 0.468091 0.0423984 0.081352
0 0.710464 0.390651 0.0348999 0.0710812
0 0.805728 0.389187 0.0335666 0.0719127
0 0.764077 0.625214 0.0408146 0.0906884
1 0.647849 0.464766 0.0313787 0.0726855
1 0.224445 0.399945 0.0407291 0.0622079
1 0.339029 0.616386 0.0405312 0.0777741
0 0.838024 0.624246 0.0417801 0.0909251
0 0.651156 0.624008 0.0361741 0.0830162
0 0.817155 0.275082 0.0363419 0.0631725
1 0.689361 0.626535 0.0412523 0.0826449
1 0.496083 0.3959 0.0323359 0.0602007
0 0.542417 0.621378 0.0364998 0.0820398
1 0.584204 0.466216 0.031707 0.0710873
0 0.813133 0.465086 0.035976 0.0683916
1 0.681823 0.465856 0.030887 0.0699184
1 0.506078 0.623791 0.0368089 0.0871128
1 0.313097 0.402739 0.037783 0.0617075
0 0.837766 0.389821 0.0371067 0.067331
0 0.802056 0.628091 0.0452341 0.0948708
1 0.350995 0.401372 0.0350646 0.0586876
0 0.647025 0.388958 0.0307423 0.0704047
1 0.262539 0.46691 0.0400608 0.0796886
0 0.344957 0.738913 0.052497 0.0786134
1 0.489385 0.469179 0.0318132 0.0745825
1 0.436295 0.396824 0.0342984 0.0589401
1 0.40904 0.396751 0.0327841 0.0573073
0 0.740588 0.390758 0.0330156 0.0699533
1 0.519509 0.46761 0.0331744 0.0732264
1 0.466234 0.396335 0.0336108 0.0616704
1 0.614857 0.619835 0.0364561 0.0843554
1 0.428116 0.465131 0.0365032 0.0814014
1 0.643559 0.281846 0.0275461 0.0560823
1 0.405801 0.620707 0.0408642 0.0790479
1 0.221641 0.616411 0.0428382 0.079931
1 0.373055 0.619517 0.0472542 0.0838074
1 0.19002 0.617898 0.0442083 0.0817777
0 0.788104 0.276795 0.03159 0.0546921
0 0.727271 0.624081 0.0419827 0.0811912
0 0.511548 0.746585 0.0462093 0.0876209
0 0.76125 0.277162 0.0283369 0.0631614
1 0.439469 0.62158 0.0399738 0.0806692
0 0.730952 0.280119 0.0301033 0.0605973
1 0.456612 0.469062 0.0311515 0.0759882
1 0.303464 0.617187 0.0404294 0.0714947
1 0.396748 0.468672 0.0377159 0.0783003
1 0.176769 0.461645 0.0369967 0.0795
1 0.590413 0.282845 0.0299133 0.0609104
0 0.712503 0.466332 0.0358444 0.066827
0 0.700928 0.280043 0.027396 0.0526039
1 0.876384 0.621258 0.0489477 0.0906568
1 0.155647 0.617843 0.0458525 0.0820337
1 0.253716 0.621714 0.0420392 0.0763643
0 0.614757 0.466529 0.0282974 0.0715399
1 0.584074 0.395654 0.0307969 0.0620598
1 0.286601 0.29077 0.0350929 0.0680244
1 0.532685 0.287213 0.0260262 0.0572172
0 0.470727 0.743136 0.0423535 0.0843956
0 0.680174 0.393704 0.0309053 0.0733869
1 0.471488 0.621764 0.0368868 0.0825338
1 0.337221 0.469591 0.0327402 0.0848183
1 0.481912 0.289416 0.0289175 0.0625788
1 0.335778 0.291121 0.0338819 0.064605
1 0.506636 0.287542 0.0254488 0.0537388
1 0.198049 0.400473 0.0440965 0.0605123
1 0.236534 0.289026 0.0366218 0.0605474
1 0.281531 0.400119 0.0388055 0.0598871
1 0.37831 0.288574 0.0336227 0.0650257
1 0.430697 0.291432 0.0255473 0.0621326
1 0.233151 0.462065 0.0413539 0.0839458
1 0.292089 0.465172 0.0374135 0.0793739
1 0.522366 0.395173 0.0313755 0.0619268
1 0.40549 0.291466 0.0280583 0.0590426
1 0.560603 0.282762 0.0252363 0.0573906
1 0.260395 0.290336 0.0363723 0.065738
1 0.554521 0.396342 0.0292784 0.0672975
1 0.207359 0.461238 0.04453 0.0827879
1 0.251977 0.400926 0.0381776 0.062693
1 0.619234 0.28243 0.023605 0.0605454
1 0.552057 0.465456 0.0278903 0.069351
1 0.455649 0.289461 0.0267108 0.0650236
1 0.125584 0.616108 0.0466584 0.0816842
0 0.0273257 0.732266 0.0497891 0.0743435
