0 0.138877 0.739075 0.0544449 0.0853628
0 0.258089 0.737884 0.0535414 0.0880053
0 0.337782 0.615979 0.0405786 0.0775404
0 0.778959 0.462939 0.038979 0.0721605
0 0.773488 0.392314 0.0381822 0.0747912
0 0.299489 0.735517 0.053101 0.0820587
0 0.614186 0.391873 0.0345043 0.0658638
0 0.218956 0.737616 0.0564833 0.0937197
0 0.17693 0.739439 0.0584888 0.0884792
0 0.533042 0.286059 0.0268711 0.0575216
0 0.219903 0.615971 0.0421724 0.0798846
0 0.709941 0.389801 0.0352924 0.0721189
0 0.0958019 0.736998 0.0557925 0.0845278
0 0.874744 0.620328 0.0486168 0.0881891
0 0.312749 0.403408 0.0360875 0.0618183
0 0.490131 0.468572 0.0327082 0.0745684
0 0.764163 0.625458 0.0413092 0.0899662
1 0.372155 0.61919 0.0485017 0.0852943
1 0.428077 0.4639 0.0368755 0.083951
0 0.387037 0.745999 0.051248 0.0839417
0 0.746581 0.465957 0.0332493 0.0723373
0 0.647035 0.388827 0.0304815 0.0722465
0 0.059839 0.73232 0.0520395 0.0750652
0 0.816302 0.274382 0.0366165 0.0628403
0 0.849415 0.458796 0.042811 0.0763912
1 0.578316 0.622568 0.0375816 0.0862909
0 0.644097 0.282125 0.0259167 0.0553933
0 0.68946 0.628049 0.0411898 0.0842116
0 0.344745 0.738572 0.0527531 0.0792104
0 0.541857 0.622045 0.0367218 0.0821835
0 0.439591 0.621503 0.0414192 0.0802412
0 0.471462 0.621737 0.0359941 0.080632
0 0.812684 0.464838 0.0358715 0.068549
0 0.20479 0.462724 0.0433316 0.0816009
0 0.376244 0.401751 0.0346944 0.0605892
0 0.505769 0.625581 0.0369284 0.0881966
0 0.805959 0.390083 0.0330365 0.0715183
0 0.727491 0.625445 0.041651 0.081296
0 0.121708 0.614824 0.0474123 0.08486
0 0.740263 0.39038 0.0328947 0.0703283
0 0.395495 0.469146 0.0368336 0.0773378
0 0.18876 0.618396 0.0465968 0.080054
0 0.405026 0.619477 0.0412864 0.0812805
0 0.435768 0.395922 0.0344624 0.059294
0 0.730881 0.280072 0.0302019 0.0587154
0 0.65091 0.624528 0.0368267 0.0816742
0 0.838541 0.391095 0.0367254 0.066327
0 0.614514 0.465982 0.0290684 0.0704473
0 0.429977 0.7411 0.0497666 0.0803975
0 0.368212 0.466266 0.0418137 0.0825227
0 0.788057 0.276743 0.0310955 0.0541672
0 0.510764 0.748485 0.0463921 0.0869944
0 0.837827 0.623476 0.0415352 0.0912245
0 0.761672 0.278128 0.0283598 0.0653799
0 0.712049 0.465501 0.0362172 0.0676106
0 0.261767 0.467107 0.0404601 0.0813318
0 0.224215 0.400663 0.0407085 0.063792
0 0.377904 0.287439 0.0328884 0.0646713
0 0.176958 0.46143 0.0388763 0.0800703
0 0.198719 0.401318 0.042462 0.059813
0 0.554524 0.394388 0.0291891 0.0681476
0 0.281588 0.400969 0.0387338 0.058794
0 0.647429 0.465015 0.0308599 0.0712938
0 0.471181 0.745267 0.0422066 0.0855563
0 0.583615 0.466344 0.0302198 0.0712198
0 0.58356 0.395408 0.0299191 0.0619806
0 0.302804 0.617792 0.0402119 0.0723404
1 0.291686 0.465222 0.038348 0.0821218
0 0.408694 0.395567 0.0334373 0.0583807
0 0.679713 0.393415 0.0316278 0.0741355
1 0.253643 0.621798 0.0436696 0.0775099
0 0.673565 0.281358 0.0280806 0.0537728
0 0.802523 0.627718 0.0449939 0.0935944
0 0.260145 0.291329 0.0363092 0.0665645
0 0.465909 0.396146 0.0338901 0.0637077
0 0.589492 0.283077 0.0290653 0.0579731
0 0.312097 0.289837 0.0377502 0.0667369
0 0.455845 0.469436 0.0318415 0.0772345
0 0.28561 0.291157 0.0336505 0.0670508
0 0.61495 0.620769 0.0352154 0.0844305
0 0.56081 0.282471 0.0247406 0.0541506
0 0.680995 0.466005 0.0312031 0.0702466
0 0.232505 0.460336 0.0394791 0.0870087
0 0.336205 0.2905 0.0349927 0.0650848
0 0.152486 0.617806 0.0456415 0.0801277
0 0.351664 0.400777 0.0346587 0.0584723
1 0.234857 0.288756 0.0380695 0.062659
1 0.520643 0.466732 0.0330433 0.0720507
0 0.481181 0.287898 0.0282482 0.0618443
0 0.251053 0.401272 0.0385338 0.0633359
0 0.404982 0.289783 0.0272293 0.0583819
0 0.505961 0.286661 0.0257071 0.0543253
0 0.43037 0.289668 0.0257139 0.0634149
0 0.496611 0.395474 0.0325066 0.0618364
1 0.336375 0.468624 0.0298737 0.0850219
0 0.618705 0.282408 0.0252264 0.0603699
0 0.701293 0.280089 0.0260063 0.052037
0 0.455262 0.287973 0.0261234 0.0635194
1 0.522002 0.396425 0.0312851 0.0625518
1 0.552044 0.465159 0.0273876 0.0700615
0 0.0272608 0.731037 0.0497904 0.0706976
