1 0.218698 0.618264 0.0376256 0.0761335
1 0.616852 0.394471 0.0335146 0.0622397
1 0.739963 0.393357 0.0365945 0.0675303
1 0.713551 0.468377 0.0366161 0.0700506
1 0.308723 0.291156 0.0331731 0.0614254
1 0.336467 0.619556 0.0451596 0.0755627
1 0.330446 0.291481 0.0285901 0.0612559
1 0.259887 0.740063 0.0527817 0.0817187
1 0.510843 0.744992 0.0451434 0.0774594
1 0.480289 0.289488 0.0305077 0.0574402
1 0.409164 0.62115 0.0434862 0.079266
1 0.303915 0.619123 0.0409685 0.0738567
1 0.507295 0.288723 0.0307919 0.0570666
1 0.544343 0.622551 0.035956 0.079093
1 0.615176 0.468015 0.0348292 0.0689605
1 0.508505 0.622494 0.0397919 0.0788413
1 0.28395 0.290915 0.0347719 0.0622107
1 0.584258 0.394514 0.0337932 0.0617459
1 0.690158 0.624543 0.0398607 0.0811454
1 0.25952 0.290775 0.0368455 0.0625537
1 0.187427 0.617927 0.0459977 0.0771221
1 0.709476 0.394974 0.0363065 0.0654219
1 0.562137 0.28617 0.0303885 0.0540834
1 0.553761 0.395438 0.0306495 0.0605705
1 0.489914 0.469365 0.0359289 0.0719304
1 0.371363 0.620295 0.039946 0.0765107
1 0.441394 0.622389 0.03839 0.0778854
1 0.401189 0.29106 0.027708 0.0592438
1 0.234253 0.290594 0.0375633 0.0622023
1 0.496661 0.400232 0.030245 0.054842
1 0.363869 0.468724 0.039057 0.0820366
1 0.533716 0.287706 0.029532 0.0558919
1 0.427353 0.290463 0.0274686 0.0582345
1 0.45375 0.290013 0.0293877 0.057818
1 0.459266 0.468496 0.0358168 0.0738373
1 0.644811 0.284426 0.0280623 0.0540064
1 0.378292 0.405208 0.0326236 0.0568169
1 0.61616 0.622932 0.0376515 0.0814131
1 0.679443 0.468211 0.0320856 0.0702125
1 0.466427 0.400319 0.0311675 0.0555391
