0 0.387311 0.745565 0.0517964 0.0849324
1 0.139574 0.737465 0.0569573 0.0869545
0 0.219722 0.737775 0.0538305 0.0920854
1 0.376132 0.40135 0.0366331 0.0614821
0 0.0612204 0.732336 0.0526107 0.0762585
0 0.344427 0.739284 0.0531458 0.0788303
1 0.849244 0.460027 0.043137 0.0751268
1 0.219813 0.616703 0.0423275 0.0781481
1 0.467435 0.741846 0.0440648 0.0859148
1 0.25881 0.736877 0.0539419 0.0877369
1 0.314366 0.4024 0.0378283 0.0624423
1 0.253704 0.621148 0.0425227 0.0747736
1 0.337495 0.616555 0.0407833 0.0794336
1 0.709921 0.390431 0.03641 0.0715965
1 0.303123 0.61721 0.0402338 0.0721169
1 0.39453 0.466224 0.0398253 0.0821028
1 0.282692 0.401176 0.0392732 0.0625017
1 0.802621 0.627952 0.0462681 0.0932665
1 0.687844 0.629319 0.0413786 0.0847429
1 0.429217 0.741536 0.0494698 0.0845076
1 0.177634 0.740585 0.059918 0.0903252
1 0.741574 0.390693 0.03319 0.0716084
1 0.372299 0.619879 0.0493106 0.085656
1 0.350389 0.401278 0.0367004 0.0590614
1 0.496697 0.395325 0.0322842 0.0619842
1 0.579145 0.623347 0.0373703 0.0842974
1 0.506972 0.746356 0.0480001 0.0869209
1 0.260609 0.290251 0.0351244 0.0645482
1 0.312299 0.289949 0.0360188 0.0662694
1 0.711464 0.466571 0.0359324 0.0698777
1 0.0972898 0.735756 0.0552911 0.0829586
1 0.765046 0.625386 0.0428284 0.0897903
1 0.290188 0.465778 0.0379197 0.0789667
1 0.440341 0.622055 0.0420335 0.0824305
1 0.746062 0.466937 0.0337516 0.0714917
1 0.672429 0.281115 0.0269402 0.0524235
1 0.232841 0.461426 0.0411459 0.0819923
1 0.489809 0.469066 0.0326921 0.0736731
1 0.286237 0.291277 0.0350703 0.0669833
1 0.726912 0.624244 0.0434941 0.0834606
1 0.405545 0.620524 0.0410154 0.0798054
1 0.366712 0.467262 0.0410201 0.0834475
1 0.649897 0.625182 0.0365507 0.0826424
1 0.542486 0.621449 0.0368795 0.0805717
1 0.780658 0.464552 0.0400908 0.0767437
1 0.466407 0.395346 0.0352799 0.0655892
1 0.560978 0.28357 0.0251323 0.0561535
1 0.838314 0.624995 0.0403053 0.0912358
1 0.646707 0.389329 0.0295799 0.0719252
1 0.615058 0.392025 0.034458 0.06379
1 0.430102 0.291119 0.0266707 0.0633997
1 0.187572 0.619193 0.0464572 0.0804394
1 0.456819 0.468062 0.0332041 0.0764488
1 0.59001 0.283646 0.0290592 0.0577337
1 0.260937 0.466307 0.0408484 0.0797601
1 0.64544 0.465386 0.0304574 0.0711636
1 0.876034 0.622864 0.0482613 0.0904427
1 0.806176 0.390548 0.0319447 0.0698817
1 0.481194 0.289175 0.0281029 0.0623226
1 0.455755 0.289888 0.0262534 0.0657642
1 0.337383 0.289485 0.0333104 0.0655372
1 0.774747 0.392808 0.0382422 0.0749291
1 0.813715 0.466266 0.0337662 0.0672457
1 0.644155 0.282277 0.0260513 0.0554911
1 0.377884 0.28793 0.0335045 0.0630327
1 0.816926 0.275001 0.0355362 0.0611291
1 0.506618 0.624239 0.0366755 0.0874887
1 0.68 0.466316 0.0321787 0.0717629
1 0.760539 0.277454 0.0301615 0.0633072
1 0.25227 0.401041 0.0404112 0.0657465
1 0.614379 0.466099 0.0281063 0.07027
1 0.614607 0.623149 0.0344936 0.0828232
1 0.679967 0.393481 0.0307043 0.0747703
1 0.298685 0.733878 0.0529625 0.0783946
1 0.838136 0.390394 0.0373121 0.067468
1 0.554593 0.466079 0.0269211 0.0710454
1 0.532966 0.285387 0.0267893 0.0573992
1 0.154969 0.61778 0.0436887 0.0805226
1 0.335437 0.467875 0.0306599 0.0852104
1 0.23493 0.288986 0.0358206 0.0596742
1 0.729528 0.279942 0.0304893 0.0566682
1 0.521745 0.468488 0.0333147 0.0735606
1 0.404194 0.290126 0.0259214 0.061035
1 0.225249 0.400266 0.0415895 0.0643808
1 0.436622 0.39633 0.0339991 0.059248
1 0.205231 0.461681 0.0421526 0.0813788
1 0.427423 0.464758 0.0374834 0.0821003
1 0.700285 0.280246 0.026968 0.0504241
1 0.583847 0.46609 0.0292893 0.070866
1 0.197885 0.400335 0.044005 0.0620481
1 0.582897 0.396709 0.0299567 0.0593328
1 0.177303 0.461043 0.0377962 0.0789431
1 0.553151 0.394609 0.0283527 0.0671882
1 0.618555 0.282268 0.0246925 0.0583964
1 0.522611 0.396614 0.0305651 0.0612401
1 0.472485 0.622549 0.036249 0.0815271
1 0.787887 0.276761 0.0303029 0.0538562
1 0.506012 0.286868 0.0254383 0.0561085
1 0.126124 0.614353 0.0455347 0.0834061
1 0.408428 0.397022 0.033342 0.0588149
1 0.0261528 0.734806 0.049079 0.0792442
