1 0.337577 0.290775 0.0336301 0.0623471
1 0.312481 0.29135 0.0354588 0.0649226
1 0.777261 0.389711 0.0334733 0.0648438
1 0.337414 0.620041 0.0440904 0.074083
1 0.496233 0.398648 0.0308527 0.0597644
1 0.400582 0.28983 0.0272043 0.0579221
1 0.743685 0.39154 0.0359697 0.0674023
1 0.615369 0.622459 0.0374454 0.0804115
1 0.219333 0.618343 0.040799 0.0744601
1 0.426473 0.289426 0.0276896 0.0568373
1 0.479237 0.289291 0.0295597 0.05758
1 0.157133 0.617694 0.0437976 0.0754542
1 0.371506 0.619839 0.0384388 0.0738864
1 0.186534 0.617821 0.0439052 0.075175
1 0.509713 0.744884 0.0412287 0.0752326
1 0.617937 0.396878 0.0314299 0.0592616
1 0.440048 0.619367 0.0392675 0.076223
1 0.466806 0.399413 0.0327082 0.0594199
1 0.452834 0.289466 0.0283062 0.0566743
1 0.506519 0.288441 0.0311359 0.0585053
1 0.25734 0.62014 0.0457292 0.0736298
1 0.137014 0.741451 0.0497317 0.0794282
1 0.364699 0.470034 0.0373977 0.0835865
1 0.615182 0.469753 0.0351367 0.0728573
1 0.25272 0.406492 0.0327297 0.0569809
1 0.542154 0.621395 0.0351624 0.0754786
1 0.509238 0.620266 0.0379894 0.0750334
1 0.281682 0.406482 0.0356754 0.0567115
1 0.405374 0.619612 0.0385941 0.0753629
1 0.491384 0.471648 0.0360435 0.0784805
1 0.533709 0.28787 0.0322158 0.0588013
1 0.287117 0.291973 0.036007 0.0659609
1 0.677558 0.393687 0.0321006 0.06314
1 0.312408 0.406867 0.0357602 0.0553076
1 0.303874 0.620256 0.0388436 0.0728043
1 0.287835 0.467857 0.0379045 0.0811583
