0 0.136809 0.739879 0.0547477 0.084914
0 0.0940314 0.738765 0.0559215 0.0845874
0 0.257713 0.738384 0.0535338 0.087545
0 0.647858 0.388468 0.030667 0.0703932
1 0.311356 0.404643 0.0370873 0.0608945
0 0.367758 0.466787 0.0421615 0.0820009
0 0.299149 0.736107 0.0534337 0.080412
1 0.371562 0.619554 0.0483593 0.0855605
0 0.22318 0.400093 0.0411397 0.0625414
0 0.774922 0.391942 0.0381392 0.0766995
0 0.61492 0.392352 0.0343136 0.0639004
0 0.175551 0.740072 0.0588289 0.0895405
0 0.289316 0.466451 0.0366817 0.079377
0 0.490143 0.469277 0.0321402 0.0739262
0 0.120009 0.616588 0.0481483 0.082053
0 0.711312 0.388994 0.0356195 0.0741159
0 0.344209 0.740329 0.0523748 0.0806087
0 0.579211 0.624179 0.0368867 0.0859144
0 0.615399 0.621858 0.0348362 0.0820093
0 0.818021 0.273625 0.0354195 0.0603418
1 0.218968 0.618104 0.0415036 0.0778277
0 0.375319 0.401525 0.0356947 0.0623189
0 0.217499 0.738501 0.0549384 0.0918449
0 0.395389 0.469168 0.037328 0.0784626
0 0.533657 0.285253 0.0265779 0.0582187
0 0.85127 0.459743 0.0418949 0.0736681
0 0.258986 0.289537 0.0362677 0.066004
0 0.427757 0.465178 0.0369952 0.0818094
1 0.336534 0.617041 0.040275 0.0793546
0 0.471329 0.622365 0.0366228 0.0817591
0 0.187085 0.619856 0.0464702 0.0795485
0 0.780716 0.463582 0.0386681 0.0726183
0 0.2031 0.462884 0.0446796 0.0803999
0 0.542368 0.623207 0.0362251 0.0807617
0 0.456437 0.469464 0.0302263 0.0754
0 0.249249 0.401124 0.0395099 0.0641918
0 0.506307 0.626061 0.0373583 0.0880454
1 0.252153 0.623702 0.0428629 0.0759855
0 0.762325 0.276894 0.0282821 0.0641199
0 0.435919 0.396014 0.0349527 0.0595472
0 0.439359 0.622449 0.0419987 0.0821691
0 0.682302 0.466159 0.0312465 0.0703219
0 0.742453 0.3902 0.0324409 0.0713704
0 0.69071 0.628924 0.0404602 0.0842857
0 0.839362 0.624448 0.0411617 0.0903984
0 0.511636 0.750088 0.0462523 0.0879551
0 0.644875 0.281047 0.0260888 0.056483
0 0.386432 0.746782 0.0520003 0.0832217
0 0.584765 0.466155 0.0316866 0.0714116
0 0.260161 0.467178 0.0405973 0.0804754
0 0.748099 0.466477 0.0327658 0.071982
0 0.279624 0.400792 0.0400725 0.0602552
0 0.404266 0.620518 0.0415741 0.0811983
0 0.807696 0.389371 0.0342337 0.0733699
0 0.765094 0.626324 0.0413955 0.0899816
0 0.47124 0.746437 0.0430215 0.0860624
0 0.466548 0.395954 0.034144 0.0634812
0 0.789478 0.275251 0.0304415 0.0556429
0 0.652125 0.626328 0.0371218 0.0840717
0 0.0585693 0.73341 0.052473 0.0744044
0 0.731799 0.277977 0.0300342 0.0575501
0 0.803744 0.628915 0.04389 0.0946301
0 0.496181 0.395463 0.0325094 0.0616682
0 0.814529 0.465509 0.0352028 0.0688249
0 0.151312 0.61934 0.0465805 0.0794251
0 0.429478 0.743154 0.0499857 0.0821212
1 0.195274 0.400769 0.0439872 0.0594972
0 0.84036 0.390731 0.0358788 0.0671986
0 0.590214 0.282415 0.0292351 0.058571
0 0.311908 0.288734 0.0369972 0.066716
0 0.727897 0.624506 0.0416388 0.0833694
0 0.520414 0.467477 0.033581 0.0724197
1 0.87659 0.621365 0.0480194 0.0875889
0 0.68069 0.392949 0.0307025 0.0739908
1 0.378985 0.286259 0.0331738 0.0646256
0 0.231254 0.459977 0.0394127 0.0871217
0 0.554756 0.394181 0.0294085 0.0682057
0 0.615867 0.467129 0.0290085 0.0730367
1 0.284566 0.289522 0.0345346 0.0673352
0 0.408271 0.396013 0.0334813 0.0593297
0 0.713041 0.465536 0.0353465 0.0663771
0 0.648393 0.465348 0.0306214 0.0721562
1 0.335721 0.469705 0.0315179 0.0846323
0 0.506514 0.285449 0.025914 0.0544018
0 0.234275 0.287542 0.0361357 0.0623409
0 0.552974 0.465042 0.0271593 0.0672161
0 0.522186 0.395211 0.0309642 0.0617643
0 0.481573 0.287534 0.0278784 0.0619063
0 0.40486 0.289241 0.0267092 0.0580084
0 0.561306 0.28189 0.0251806 0.0547218
1 0.302067 0.61891 0.0391325 0.0716228
0 0.33512 0.289471 0.033363 0.0633909
0 0.673975 0.279864 0.0283047 0.0554295
0 0.455249 0.287573 0.0271868 0.0641725
0 0.58451 0.395521 0.0309813 0.0618419
0 0.429846 0.289078 0.0265566 0.0640691
0 0.702615 0.278445 0.0275358 0.0525731
0 0.619847 0.281606 0.0249661 0.0608302
0 0.350728 0.401007 0.0361499 0.0593354
0 0.175527 0.460551 0.0366634 0.075618
