1 0.152641 0.618554 0.0476299 0.0822723
0 0.0959949 0.737976 0.0575498 0.0846483
1 0.22085 0.618032 0.0420162 0.0774536
1 0.258293 0.737565 0.0540446 0.0877771
1 0.18921 0.618505 0.0436435 0.0798552
0 0.139534 0.73969 0.0537274 0.0843298
1 0.37263 0.62083 0.0499661 0.0849504
1 0.299177 0.735138 0.0533223 0.0818159
0 0.805678 0.391171 0.0329975 0.0707073
0 0.38719 0.746905 0.0522738 0.0847486
0 0.673148 0.281614 0.0282446 0.0546859
1 0.337448 0.617648 0.0395882 0.0777269
1 0.176998 0.74089 0.0591059 0.086601
1 0.253042 0.622896 0.0420533 0.07572
0 0.260975 0.289863 0.0342791 0.0642927
1 0.763894 0.626716 0.0403416 0.0888193
0 0.740332 0.390817 0.0328716 0.0703165
0 0.42994 0.7419 0.0506474 0.0815085
0 0.533093 0.287108 0.0261091 0.0571948
1 0.678539 0.394091 0.0308199 0.0737432
0 0.838266 0.392212 0.0365164 0.0670693
0 0.773628 0.393001 0.0373155 0.0758491
1 0.81347 0.466609 0.0349296 0.0674339
0 0.471317 0.746222 0.0419876 0.0859474
0 0.219611 0.738178 0.054434 0.091951
0 0.345224 0.739075 0.0528731 0.0790262
1 0.368969 0.469084 0.0407084 0.0817854
0 0.286415 0.289969 0.0350564 0.0658224
1 0.688681 0.62948 0.040677 0.0849339
1 0.849713 0.460628 0.0437643 0.0744897
1 0.250029 0.402082 0.0406863 0.0646348
1 0.578337 0.624648 0.0375471 0.0863395
1 0.727323 0.625907 0.0423326 0.0826636
1 0.646685 0.465258 0.031706 0.0738956
1 0.541548 0.622778 0.0357022 0.0809298
0 0.561036 0.284165 0.0249758 0.0543737
1 0.465641 0.398174 0.0332086 0.0634133
1 0.650727 0.625281 0.0366 0.0822222
1 0.405192 0.621068 0.0415674 0.0805658
1 0.376888 0.402165 0.0346943 0.0621717
1 0.614194 0.391779 0.0341745 0.0639081
1 0.779543 0.464926 0.0406408 0.0761915
1 0.31334 0.404005 0.0382198 0.0639768
1 0.590284 0.283969 0.0301167 0.0595307
1 0.583512 0.396883 0.0297501 0.0594678
1 0.816635 0.274716 0.0368396 0.0637205
1 0.292405 0.466546 0.0355006 0.0771198
0 0.643779 0.282913 0.0258459 0.0566865
1 0.614564 0.621346 0.0348903 0.0833463
0 0.506454 0.288068 0.0264561 0.0558449
1 0.505816 0.625274 0.0358175 0.0868292
1 0.701585 0.279779 0.0268679 0.0527399
1 0.583295 0.467007 0.0316486 0.071777
0 0.645356 0.389528 0.0297397 0.0704255
1 0.30321 0.617349 0.0395471 0.0712895
1 0.312549 0.28992 0.0379487 0.0659143
0 0.495578 0.396931 0.0318298 0.0611497
0 0.709258 0.389276 0.0356701 0.0722936
1 0.282196 0.401487 0.0417093 0.0630181
1 0.510798 0.748004 0.0458422 0.0848412
1 0.518788 0.468169 0.0319908 0.0717739
1 0.837122 0.625489 0.0420078 0.0892522
1 0.874932 0.623914 0.0490261 0.0886608
1 0.801765 0.62878 0.0443003 0.0932108
1 0.352951 0.40235 0.036949 0.0586246
0 0.23705 0.28849 0.0350732 0.0602083
1 0.731647 0.280197 0.0300196 0.0585589
1 0.439508 0.622228 0.0411474 0.0819665
1 0.71139 0.465771 0.0358095 0.0692729
1 0.471299 0.622602 0.035954 0.0822928
1 0.336487 0.471886 0.0310889 0.083494
1 0.120312 0.615577 0.0479194 0.0842483
1 0.745818 0.466591 0.0329146 0.0721264
0 0.554386 0.396512 0.0289352 0.0659679
1 0.481309 0.290088 0.0273577 0.0631167
1 0.614726 0.466477 0.0277761 0.0718048
1 0.760973 0.278437 0.0273666 0.0621176
1 0.377101 0.288917 0.0319395 0.0644087
1 0.68116 0.466707 0.031287 0.0711186
1 0.395016 0.469475 0.0362185 0.0765261
1 0.786863 0.276926 0.0311289 0.0563146
1 0.197675 0.40201 0.0431765 0.0615141
1 0.336838 0.291012 0.0335205 0.064648
0 0.0607071 0.734734 0.0537849 0.0767031
1 0.619562 0.282845 0.023439 0.0585178
0 0.437262 0.397804 0.0333329 0.0591681
1 0.409942 0.397222 0.0346791 0.0576714
1 0.263608 0.467893 0.0398301 0.0764404
1 0.52138 0.397464 0.0309942 0.0594868
1 0.490036 0.469783 0.0300734 0.0725608
1 0.429115 0.465823 0.0366356 0.0823789
1 0.42929 0.291099 0.0272455 0.0631006
1 0.175599 0.462702 0.038762 0.0774313
1 0.456871 0.470282 0.0302883 0.0735925
1 0.207166 0.462268 0.0447738 0.082715
1 0.55136 0.465698 0.0277631 0.0700046
1 0.23523 0.464466 0.0418378 0.0804503
1 0.403634 0.291654 0.0260019 0.0606136
0 0.455171 0.289386 0.0268293 0.0646269
0 0.223549 0.401398 0.0389059 0.061952
1 0.215855 0.400922 0.048288 0.0621257
