0 0.177002 0.738034 0.0582644 0.0888359
0 0.137686 0.73846 0.0555581 0.0861197
0 0.258386 0.736677 0.0520762 0.0869927
1 0.337448 0.614886 0.0396869 0.077565
0 0.0951029 0.737489 0.0564488 0.0854692
1 0.202438 0.462089 0.0430555 0.0810878
1 0.220038 0.616419 0.040896 0.0799578
0 0.219868 0.736661 0.0538623 0.0907634
1 0.371864 0.617847 0.0486716 0.0843897
0 0.298548 0.733484 0.0512289 0.0793442
1 0.440547 0.621838 0.0410542 0.0819891
1 0.281767 0.402008 0.0398638 0.0628184
1 0.428575 0.46347 0.0385671 0.0839057
0 0.532444 0.286397 0.0270403 0.0591943
1 0.314407 0.402852 0.0398603 0.063213
1 0.15566 0.618031 0.0433801 0.0791227
0 0.428432 0.744092 0.0499737 0.0851318
1 0.49617 0.394948 0.0321761 0.0611654
0 0.385667 0.743943 0.0532264 0.0833243
1 0.252757 0.622799 0.0443504 0.0776032
1 0.367938 0.468774 0.0421074 0.0823707
0 0.470243 0.743276 0.0431953 0.0836975
1 0.763951 0.627199 0.0407628 0.0870646
0 0.059276 0.733238 0.0526481 0.0765804
1 0.740146 0.391812 0.0327848 0.0716104
1 0.378218 0.287263 0.0336887 0.0638122
1 0.772263 0.392772 0.0369394 0.0757345
1 0.691624 0.628792 0.0416305 0.0847042
1 0.251448 0.401483 0.0405404 0.0648596
1 0.466042 0.395239 0.0356129 0.0649495
1 0.407088 0.39773 0.0341049 0.0598255
1 0.506111 0.624862 0.036055 0.0888298
1 0.848891 0.461338 0.0444672 0.0757267
1 0.480767 0.288435 0.0280701 0.0623623
1 0.645109 0.38997 0.0295866 0.0713502
0 0.510401 0.746753 0.0449522 0.0878691
1 0.560634 0.28335 0.0257469 0.0573283
1 0.711607 0.466499 0.0351984 0.0691645
1 0.350247 0.401555 0.0363257 0.0608188
1 0.31205 0.28942 0.0370051 0.0655426
1 0.779309 0.465222 0.0407423 0.0762013
1 0.188356 0.618776 0.0432981 0.0813179
1 0.54146 0.622116 0.0364429 0.0827497
1 0.284745 0.291081 0.0350894 0.0670335
1 0.259729 0.290017 0.0347847 0.0655446
1 0.614513 0.622368 0.0366293 0.082921
1 0.647558 0.465018 0.0306257 0.0718674
1 0.395377 0.469314 0.0373874 0.0791436
1 0.816561 0.27458 0.0362694 0.0623702
1 0.677871 0.393475 0.0313616 0.074589
1 0.759449 0.278491 0.0269552 0.0624619
1 0.405802 0.620641 0.0421577 0.0814464
1 0.404551 0.289647 0.0271557 0.0580447
1 0.652744 0.624814 0.0374834 0.0806616
1 0.375637 0.400923 0.0349511 0.061775
1 0.707953 0.389822 0.036861 0.0743872
1 0.802413 0.628247 0.0462114 0.094694
1 0.612965 0.39287 0.0335508 0.0647171
1 0.582201 0.396522 0.0297739 0.0624535
1 0.335842 0.290212 0.0352373 0.0635187
1 0.430246 0.289872 0.0259523 0.0633649
1 0.55343 0.464916 0.027504 0.0701373
1 0.173912 0.460632 0.0374556 0.0779157
1 0.728421 0.626808 0.0408711 0.0824329
1 0.342492 0.737603 0.052858 0.0789605
1 0.804449 0.390383 0.0342794 0.0719491
1 0.644298 0.281519 0.0264863 0.0560428
1 0.301616 0.618397 0.0405778 0.0733524
1 0.590125 0.284072 0.0303892 0.0599738
1 0.521052 0.46664 0.0325902 0.0713207
1 0.838138 0.625562 0.0406593 0.0920827
1 0.123058 0.614857 0.0470171 0.0838802
1 0.455419 0.28852 0.0256535 0.0635769
1 0.874885 0.621885 0.0493206 0.0911562
1 0.577994 0.621494 0.0364899 0.0836993
1 0.615713 0.465778 0.0271573 0.0707644
1 0.457572 0.468265 0.0324198 0.0752066
1 0.745279 0.466864 0.0342524 0.0730805
1 0.812711 0.467394 0.0347328 0.0693668
1 0.26101 0.466575 0.0424932 0.079103
1 0.490814 0.468195 0.0321651 0.0744968
1 0.291035 0.465482 0.0382889 0.0800102
1 0.231099 0.461364 0.0413704 0.0825161
0 0.553639 0.395125 0.0274033 0.0657323
1 0.472475 0.622212 0.0362684 0.0824803
1 0.198279 0.401038 0.0453646 0.0616835
1 0.618808 0.281778 0.0245386 0.0582267
1 0.673817 0.280593 0.0281609 0.05322
1 0.43504 0.395659 0.0337182 0.060072
1 0.838144 0.390882 0.0392067 0.0708705
1 0.680996 0.467037 0.0321409 0.0706244
1 0.58404 0.465856 0.0307339 0.0704912
1 0.787092 0.277239 0.0315023 0.0549123
0 0.22501 0.400558 0.0414415 0.0639036
1 0.731579 0.279957 0.0285355 0.0589792
1 0.337373 0.469509 0.0300529 0.0827753
1 0.505652 0.287122 0.0265878 0.0551181
1 0.521788 0.395254 0.0313772 0.0618316
1 0.23445 0.288892 0.036957 0.0632296
1 0.702088 0.279527 0.02775 0.0522788
0 0.0263764 0.730824 0.0484606 0.0708218
