0 0.257922 0.738225 0.0533944 0.0876192
0 0.137761 0.740538 0.0554464 0.0853912
0 0.0948083 0.738904 0.0563275 0.0845705
0 0.375776 0.403654 0.0356496 0.0601238
0 0.177011 0.740764 0.058241 0.0896055
0 0.299733 0.73651 0.0530303 0.0808266
0 0.774024 0.393132 0.0377653 0.0750502
0 0.614608 0.39297 0.0342033 0.0642029
0 0.218249 0.738423 0.0547671 0.0914717
0 0.219965 0.616796 0.0427088 0.0797358
0 0.779277 0.463834 0.0391438 0.0729657
0 0.64754 0.389564 0.0302578 0.0708336
0 0.57882 0.624875 0.0365827 0.0853862
0 0.615071 0.623739 0.0348969 0.084262
0 0.31316 0.404456 0.0365893 0.0619816
0 0.850077 0.461079 0.0431557 0.0760519
0 0.50614 0.62671 0.0372129 0.0886809
0 0.533124 0.287137 0.0268089 0.0574184
0 0.290036 0.466356 0.036746 0.081333
0 0.20567 0.462833 0.0452468 0.0820659
0 0.372636 0.621859 0.04954 0.0863047
0 0.429763 0.742962 0.049814 0.0802881
0 0.386894 0.747655 0.0514386 0.08331
0 0.42824 0.464669 0.0376604 0.0832085
0 0.584201 0.46742 0.031328 0.0713471
0 0.344823 0.740302 0.0526122 0.0788301
0 0.405277 0.622097 0.0408455 0.0801743
0 0.436252 0.397882 0.0342056 0.0591579
0 0.875672 0.62272 0.0488071 0.0882727
0 0.651444 0.627 0.036427 0.0812661
0 0.520523 0.468533 0.0342307 0.0732117
0 0.465578 0.397211 0.0345474 0.063278
0 0.471819 0.623401 0.036778 0.0826452
0 0.681345 0.467583 0.0314486 0.0712508
0 0.490083 0.469992 0.0316383 0.0737812
0 0.72805 0.626524 0.0419746 0.082646
0 0.336318 0.469781 0.0315503 0.0837294
0 0.644192 0.282601 0.0266249 0.0558782
1 0.253507 0.622065 0.0426698 0.0752644
0 0.764639 0.626264 0.041098 0.0903671
0 0.710288 0.390824 0.0358381 0.0714746
0 0.439869 0.623246 0.0420104 0.081468
0 0.541936 0.623576 0.0365307 0.0812334
0 0.187556 0.619321 0.0457377 0.0790197
0 0.788105 0.278067 0.0312721 0.0547482
0 0.740951 0.391544 0.0332279 0.0705169
0 0.746921 0.466827 0.0327932 0.0721678
0 0.224313 0.401397 0.0410377 0.063559
0 0.510973 0.750277 0.046269 0.0884707
0 0.456112 0.470701 0.031208 0.0756845
0 0.838711 0.624869 0.0414867 0.0899907
0 0.838825 0.391339 0.0373098 0.0672257
0 0.806101 0.390467 0.0331657 0.0715622
0 0.813135 0.466376 0.0360344 0.0690428
0 0.731314 0.281343 0.0302633 0.0592287
0 0.260578 0.290522 0.0362196 0.0651725
0 0.589896 0.283886 0.0294009 0.0584097
0 0.673772 0.281873 0.0278879 0.0545112
0 0.690055 0.629294 0.0409675 0.0847161
0 0.120987 0.615889 0.0471359 0.0857443
0 0.33673 0.291295 0.0347704 0.0637792
0 0.470934 0.747931 0.0427447 0.0872797
0 0.496568 0.396154 0.0330524 0.0620342
0 0.647557 0.466907 0.0311104 0.0724566
0 0.680072 0.394019 0.0316653 0.0739333
0 0.312125 0.289621 0.0377256 0.0654786
0 0.561215 0.283823 0.0250814 0.0545629
0 0.761565 0.280377 0.0277002 0.0657369
0 0.367987 0.467663 0.041581 0.0838421
0 0.554261 0.39618 0.0299046 0.066724
0 0.199018 0.402939 0.0417264 0.058012
0 0.802828 0.62891 0.0449837 0.0940939
0 0.58401 0.396771 0.0299692 0.0610562
0 0.232581 0.459299 0.0391006 0.0878252
0 0.614997 0.467357 0.0285006 0.0710379
0 0.337224 0.617197 0.0406802 0.0795942
0 0.377639 0.288423 0.0332042 0.0655634
0 0.712124 0.4664 0.0351816 0.067577
0 0.236239 0.288302 0.0371682 0.0616448
0 0.151974 0.618456 0.0464389 0.080415
0 0.618453 0.282972 0.0254778 0.06007
0 0.261039 0.468151 0.040778 0.0790598
0 0.408623 0.398334 0.0341882 0.0599798
0 0.48133 0.28877 0.0282528 0.0596706
0 0.281985 0.400909 0.0395917 0.0598973
1 0.395188 0.47044 0.0363943 0.0770819
0 0.251228 0.401977 0.0388084 0.0632123
0 0.0590194 0.735361 0.0535491 0.0758659
1 0.302928 0.619472 0.0398588 0.0712168
0 0.350939 0.402451 0.0356237 0.0582639
0 0.285627 0.290795 0.0333787 0.0655007
0 0.430302 0.290389 0.0260765 0.0631994
0 0.506402 0.287851 0.0261357 0.0545345
0 0.701665 0.280781 0.0274391 0.0521158
0 0.52259 0.39651 0.0315807 0.0595911
0 0.816667 0.276365 0.0361141 0.0601768
0 0.552394 0.466419 0.0276407 0.068255
0 0.404608 0.289795 0.0278429 0.0596475
0 0.455835 0.289725 0.0259666 0.0643639
0 0.176628 0.460341 0.036131 0.0782709
0 0.0270342 0.732474 0.0495549 0.0705587
