1 0.312038 0.402747 0.0375479 0.0623427
0 0.772935 0.391911 0.0367081 0.0764272
1 0.709747 0.389594 0.0372253 0.0726713
1 0.138164 0.74018 0.0586233 0.0866259
1 0.259743 0.737482 0.0532523 0.0857597
0 0.22066 0.73828 0.0543517 0.0917435
0 0.289799 0.466371 0.0361586 0.0788235
1 0.220896 0.617046 0.0423159 0.0803683
0 0.386761 0.746474 0.0527422 0.0846123
0 0.344452 0.739121 0.0513657 0.0780472
1 0.337825 0.61638 0.0408297 0.0812246
1 0.679993 0.393199 0.0317681 0.074985
1 0.0959636 0.738331 0.055371 0.0846758
0 0.470756 0.744034 0.0437559 0.0848558
1 0.368527 0.467632 0.0431825 0.0850648
1 0.87774 0.622608 0.0495848 0.0871551
0 0.429043 0.743482 0.0491797 0.0826946
1 0.252994 0.622771 0.0426872 0.0782711
0 0.741002 0.390081 0.0319047 0.0710021
1 0.84845 0.458783 0.0427563 0.0745663
1 0.690165 0.62815 0.0441946 0.0857224
1 0.816193 0.274695 0.0363804 0.0604408
1 0.778083 0.462904 0.0406656 0.0742594
1 0.72924 0.623916 0.0419764 0.0829454
1 0.496178 0.395519 0.0324673 0.0615526
1 0.430495 0.291176 0.0247605 0.0621848
0 0.177263 0.73974 0.0597277 0.0899178
1 0.543201 0.621219 0.035075 0.0792523
0 0.300248 0.734635 0.0524287 0.0788463
1 0.302708 0.618242 0.0394975 0.0740852
1 0.371983 0.620117 0.0496324 0.0862232
1 0.672301 0.280974 0.0281355 0.0529714
1 0.786937 0.276664 0.0302601 0.0575144
0 0.225087 0.400511 0.0424284 0.0642059
1 0.491099 0.469628 0.0324217 0.0728457
1 0.614147 0.39298 0.035561 0.0651732
1 0.376323 0.4017 0.0360106 0.0639126
0 0.351696 0.40154 0.0350722 0.0593512
1 0.197067 0.401081 0.0438786 0.0613352
1 0.508501 0.625589 0.0362978 0.0908169
1 0.766348 0.626557 0.0421795 0.0919407
1 0.252427 0.401337 0.0411519 0.0651299
1 0.336983 0.469311 0.03184 0.0842886
1 0.48167 0.289363 0.029331 0.0598424
1 0.260469 0.467023 0.0405406 0.0796465
1 0.805131 0.627515 0.0460175 0.093646
1 0.812102 0.465182 0.0342825 0.0682139
1 0.805136 0.390956 0.0337903 0.0715458
1 0.155112 0.618124 0.0445896 0.0823826
1 0.46523 0.396361 0.0340042 0.0647032
1 0.404751 0.620718 0.0429331 0.082603
1 0.521079 0.46693 0.0326879 0.0718441
1 0.312981 0.289992 0.0366834 0.0658788
1 0.234548 0.288609 0.0357549 0.0609275
1 0.579574 0.622018 0.0372707 0.0841667
1 0.760827 0.276595 0.0278539 0.0647767
1 0.731686 0.279439 0.0298203 0.0578356
1 0.647731 0.464681 0.0304651 0.0720779
1 0.440098 0.622464 0.0420919 0.0832841
1 0.410118 0.39707 0.0337126 0.0594557
1 0.584092 0.397176 0.0302227 0.0629992
1 0.841203 0.624173 0.0428295 0.090167
1 0.18874 0.619678 0.0446017 0.0825178
0 0.64688 0.388393 0.0302336 0.0740649
1 0.123793 0.616135 0.0474522 0.0859173
1 0.712334 0.465976 0.0346685 0.067573
0 0.0591893 0.734288 0.0542358 0.0776382
1 0.404863 0.289894 0.0274806 0.0600997
1 0.510138 0.747216 0.0436371 0.0859102
1 0.53425 0.285834 0.0259876 0.0562005
1 0.59082 0.283349 0.0284043 0.0588237
1 0.681558 0.466696 0.0324404 0.0691957
1 0.745935 0.466603 0.0325962 0.0714796
1 0.562348 0.28257 0.0252605 0.0557438
1 0.436414 0.396418 0.0332722 0.0591292
1 0.616412 0.466368 0.02677 0.0688487
1 0.339566 0.289564 0.0338079 0.064205
1 0.231169 0.461767 0.0399879 0.0809889
1 0.285452 0.290946 0.0352468 0.0661144
1 0.473156 0.621123 0.0373651 0.0818514
1 0.585558 0.466429 0.0318502 0.0690752
1 0.457574 0.469144 0.0301172 0.0748672
1 0.650118 0.624569 0.0358664 0.0834799
1 0.430019 0.463543 0.0362904 0.0828147
1 0.396913 0.468716 0.0375772 0.0774262
1 0.25995 0.290547 0.0357593 0.0658391
1 0.554146 0.465663 0.0276742 0.0695934
1 0.281647 0.400969 0.0382939 0.0618246
1 0.555082 0.396838 0.0282339 0.0653848
1 0.377186 0.287552 0.0344833 0.0630096
1 0.175853 0.460988 0.0415052 0.0791185
1 0.619086 0.28202 0.0237847 0.0597978
1 0.615172 0.621252 0.0335796 0.0854256
1 0.507665 0.286943 0.0250788 0.0534575
1 0.838899 0.390516 0.0386604 0.0685247
1 0.204738 0.461564 0.042622 0.0803101
1 0.522484 0.395844 0.0312374 0.0616774
0 0.455052 0.289278 0.0267809 0.0637387
0 0.643308 0.281559 0.0255512 0.0574189
1 0.700869 0.279447 0.0278202 0.052009
0 0.0278053 0.732331 0.0508097 0.0719412
