0 0.778821 0.462912 0.0392666 0.0732611
1 0.139767 0.73975 0.0545414 0.0859036
1 0.258845 0.738186 0.053824 0.0876425
0 0.345524 0.739152 0.0530893 0.0804108
0 0.773389 0.391661 0.037803 0.0756834
0 0.220108 0.73766 0.0568062 0.0928125
0 0.176952 0.739857 0.0588289 0.0908159
1 0.373773 0.619533 0.0470755 0.0838596
0 0.646873 0.389266 0.0307147 0.0718156
1 0.312467 0.29035 0.0361899 0.0662288
1 0.338587 0.617162 0.0415873 0.0796917
0 0.709903 0.389472 0.0356834 0.0718523
0 0.838067 0.624125 0.0418472 0.0892365
1 0.65174 0.624384 0.0366388 0.0817817
0 0.746551 0.465369 0.0334669 0.072602
1 0.219107 0.616011 0.0399557 0.0768246
0 0.0975875 0.737584 0.0553776 0.0849466
1 0.367874 0.467383 0.0430468 0.0818947
0 0.837964 0.390639 0.0367722 0.0646381
0 0.740779 0.39018 0.0323963 0.0710015
1 0.613847 0.390709 0.0351254 0.0676057
1 0.49657 0.395684 0.0322306 0.0603094
1 0.44182 0.622178 0.0399328 0.0797932
0 0.816353 0.274392 0.0366208 0.0625272
0 0.38655 0.746001 0.05197 0.0848159
1 0.407984 0.620757 0.0416985 0.0781359
1 0.466169 0.396554 0.0339898 0.063604
1 0.489753 0.468795 0.0315447 0.0746412
1 0.553484 0.394764 0.0298529 0.0689444
1 0.689717 0.627283 0.041531 0.0819881
0 0.787765 0.277193 0.0307388 0.0539931
1 0.615225 0.621215 0.0349985 0.0813919
0 0.471813 0.743938 0.0427431 0.0847115
1 0.482231 0.289745 0.0275175 0.0605385
1 0.396056 0.467811 0.0380588 0.079325
1 0.18977 0.618022 0.0442477 0.0796682
1 0.251613 0.620452 0.0424583 0.0768992
1 0.80244 0.628043 0.0445967 0.0923359
0 0.672778 0.281141 0.0284719 0.0554467
0 0.805578 0.388975 0.0331631 0.0720478
1 0.578971 0.62405 0.0371897 0.085382
0 0.812915 0.465334 0.0365366 0.0700783
0 0.42965 0.742483 0.0492372 0.0829358
1 0.763995 0.626389 0.0405463 0.0884166
1 0.302314 0.617351 0.0404357 0.0717239
1 0.335016 0.469337 0.0318549 0.0840395
1 0.647039 0.464913 0.0315374 0.0729261
1 0.533392 0.286388 0.0268156 0.0571751
1 0.727645 0.625267 0.042391 0.0807341
1 0.848902 0.458282 0.0411934 0.0772293
0 0.643618 0.282225 0.025663 0.0566559
1 0.430743 0.291105 0.0257166 0.0638016
1 0.506385 0.624109 0.036581 0.0856967
0 0.679464 0.393117 0.0310465 0.0749475
1 0.0605451 0.735607 0.0539493 0.0809118
1 0.404979 0.291183 0.0261043 0.0614013
1 0.456373 0.289612 0.0266018 0.0649679
0 0.730774 0.280008 0.0302691 0.0583595
1 0.561745 0.283554 0.0248936 0.0545594
1 0.123901 0.616023 0.049563 0.0822129
1 0.313061 0.404067 0.0384988 0.0612463
0 0.300818 0.735191 0.0528208 0.0819748
1 0.584355 0.465563 0.0318756 0.0718033
1 0.511598 0.748599 0.0462346 0.0870468
0 0.711934 0.465367 0.0365224 0.0680704
1 0.154336 0.619744 0.0466862 0.0797493
1 0.456575 0.469556 0.0304294 0.0754663
1 0.286449 0.291125 0.0349376 0.0675752
1 0.519138 0.467269 0.0321672 0.0729944
0 0.761589 0.278272 0.0286373 0.0648647
1 0.542389 0.622189 0.0365175 0.0795944
1 0.253434 0.401953 0.0392918 0.0634463
1 0.375373 0.401446 0.036369 0.0639961
1 0.436411 0.398088 0.0344932 0.0603307
1 0.472264 0.621653 0.0360265 0.0810883
1 0.428688 0.465234 0.037384 0.0798753
1 0.58307 0.395947 0.0302588 0.0609217
1 0.681169 0.465916 0.0316422 0.0695661
1 0.236124 0.288862 0.0370927 0.0622899
1 0.198601 0.400552 0.0438623 0.061675
1 0.614841 0.465984 0.0283228 0.0712188
1 0.506478 0.28747 0.0252975 0.0548249
1 0.262987 0.467192 0.0414461 0.0801397
1 0.260525 0.290903 0.0368176 0.065892
1 0.282656 0.400549 0.0388036 0.0605596
1 0.619067 0.282397 0.0253272 0.059651
1 0.58927 0.282928 0.0281061 0.0579
1 0.377768 0.288065 0.0335674 0.0640394
0 0.701316 0.2799 0.0260929 0.0527903
1 0.521883 0.394673 0.0312419 0.0617552
1 0.875936 0.62065 0.0494907 0.0884849
1 0.408531 0.398137 0.0332349 0.0589061
1 0.234509 0.461615 0.0406258 0.0853356
1 0.35036 0.401301 0.03676 0.0600343
1 0.225821 0.400841 0.041544 0.0623794
1 0.336017 0.290989 0.0328143 0.0633755
1 0.291971 0.465858 0.0361446 0.0795687
1 0.20722 0.461645 0.0425156 0.0803261
1 0.178264 0.461929 0.0378211 0.0770132
1 0.551576 0.465023 0.0280493 0.0707483
0 0.0257619 0.73427 0.0490498 0.0800762
