0 0.138653 0.73915 0.0541779 0.0848061
0 0.258207 0.737196 0.053291 0.0877235
0 0.337935 0.617062 0.0401968 0.0779573
0 0.313041 0.404327 0.037883 0.0621044
0 0.0951411 0.737863 0.0555188 0.0851239
0 0.779435 0.463957 0.0387728 0.07246
0 0.614368 0.39176 0.0346977 0.0659409
0 0.375571 0.402883 0.0363016 0.0607891
0 0.29989 0.73468 0.0524186 0.080378
0 0.773967 0.39296 0.0375559 0.0750937
0 0.218748 0.737355 0.055162 0.0919498
0 0.584319 0.466673 0.031426 0.0709379
0 0.37303 0.621576 0.0494746 0.0855202
0 0.429912 0.741715 0.0493469 0.0809431
0 0.465898 0.397161 0.0349218 0.0628489
0 0.17743 0.738935 0.0581284 0.0885731
0 0.405233 0.621744 0.0406777 0.0793361
0 0.490096 0.469802 0.0321365 0.0746719
0 0.647553 0.389777 0.0304909 0.0705747
0 0.205475 0.462957 0.0450763 0.0811832
0 0.188138 0.619566 0.0456164 0.07833
0 0.456305 0.469756 0.0309029 0.0753712
0 0.850342 0.459671 0.0440487 0.0761496
0 0.57902 0.624027 0.036326 0.0866726
0 0.710204 0.390577 0.036327 0.0723673
0 0.290665 0.466566 0.0382133 0.0813488
0 0.219565 0.617925 0.0419264 0.0778902
0 0.764435 0.626137 0.040835 0.0892494
0 0.42828 0.464622 0.0375406 0.082855
0 0.87586 0.622584 0.0487137 0.0883417
0 0.542584 0.621926 0.0364698 0.0802832
0 0.506358 0.626396 0.0378802 0.0878308
0 0.644264 0.282539 0.0259859 0.0549828
0 0.689659 0.629341 0.0415552 0.0851743
0 0.224343 0.401093 0.0410056 0.0634797
0 0.387376 0.746247 0.0511218 0.0834065
0 0.788473 0.277371 0.0312558 0.0539668
0 0.741218 0.391173 0.0331001 0.0705185
0 0.533445 0.286552 0.0266378 0.0579755
0 0.336401 0.47007 0.0319557 0.0831127
0 0.344908 0.738794 0.0525142 0.078249
0 0.673796 0.282032 0.0278298 0.0538328
0 0.647654 0.466289 0.0312375 0.0721219
0 0.681423 0.467019 0.0313839 0.0709787
0 0.408553 0.397394 0.0338614 0.058705
0 0.727779 0.62633 0.0421781 0.0829123
0 0.471294 0.622451 0.0357544 0.0807818
0 0.838724 0.624549 0.0413784 0.0894852
0 0.805981 0.390296 0.0332668 0.0716341
0 0.31226 0.289906 0.0368777 0.0647499
0 0.43589 0.397405 0.0340664 0.0577786
0 0.746805 0.466584 0.0325525 0.0700412
0 0.511064 0.749708 0.0468227 0.0885029
0 0.496619 0.396472 0.0330368 0.0608913
0 0.285809 0.29142 0.033169 0.0653475
0 0.395727 0.470001 0.0370701 0.0785062
0 0.817589 0.274165 0.0368161 0.062448
0 0.0597909 0.734674 0.0543548 0.0780287
0 0.439438 0.622948 0.0417114 0.0803066
0 0.813116 0.46567 0.0356823 0.0680603
0 0.123484 0.616258 0.0451973 0.0829759
0 0.554265 0.396222 0.0296842 0.0666118
0 0.520489 0.468306 0.0339716 0.0732413
0 0.614758 0.621608 0.0349201 0.0825809
0 0.651187 0.626084 0.0368395 0.0816969
0 0.260473 0.291047 0.0356534 0.0641977
0 0.731686 0.28125 0.0302366 0.0593997
0 0.152763 0.619184 0.0446704 0.078435
0 0.368465 0.468139 0.0419015 0.0820784
0 0.336227 0.291419 0.0348174 0.0632896
0 0.59023 0.283901 0.0300745 0.0597718
0 0.198871 0.402205 0.0418395 0.058586
0 0.614977 0.466562 0.0286947 0.0707843
0 0.803022 0.630001 0.0454071 0.0936079
0 0.232346 0.460421 0.0390718 0.0864002
0 0.561431 0.283815 0.025165 0.0545671
0 0.762174 0.278787 0.0285399 0.0651214
1 0.25315 0.623119 0.0426964 0.0754473
0 0.712155 0.465858 0.0350555 0.0668694
1 0.30219 0.61873 0.0409851 0.0723316
0 0.838917 0.391032 0.036302 0.0673192
0 0.470749 0.745286 0.0429044 0.0850414
0 0.26098 0.467687 0.0413547 0.0792831
0 0.522569 0.396185 0.0311512 0.0607171
0 0.679982 0.394172 0.0312716 0.0738452
0 0.236199 0.288984 0.0366366 0.0606903
0 0.583634 0.396643 0.0300137 0.0611487
0 0.28089 0.401569 0.039314 0.0603915
0 0.350926 0.40242 0.0357383 0.0588223
0 0.618833 0.283172 0.0253601 0.0599354
0 0.506355 0.287659 0.0257765 0.0547496
0 0.481336 0.28904 0.0284735 0.0598926
0 0.701925 0.281174 0.0279557 0.0527367
0 0.552511 0.46578 0.0274815 0.0676529
0 0.377775 0.288386 0.0333842 0.0625821
0 0.176558 0.460718 0.0373393 0.0771664
0 0.430577 0.290388 0.0259784 0.0631804
0 0.250623 0.401625 0.0379089 0.0637145
0 0.404947 0.290529 0.0276336 0.0580253
0 0.456088 0.289625 0.0259724 0.0649512
0 0.0269138 0.733438 0.0506533 0.0742123
