1 0.30016 0.733721 0.0520172 0.0800138
1 0.140096 0.737323 0.0583545 0.0888627
1 0.0973829 0.736607 0.0548598 0.0852829
1 0.496614 0.395687 0.0330341 0.0603936
1 0.372988 0.620041 0.0494272 0.0847022
0 0.38588 0.744747 0.0521107 0.0847252
1 0.651184 0.624251 0.036418 0.0825187
1 0.0600772 0.734442 0.0561345 0.0828394
1 0.368311 0.467703 0.0431053 0.0815495
0 0.34526 0.738536 0.0528217 0.0807484
1 0.849917 0.459014 0.0427355 0.0755827
1 0.258854 0.7359 0.054564 0.0885875
1 0.395235 0.468316 0.0374449 0.0789831
1 0.178363 0.738215 0.0593727 0.0901098
1 0.47125 0.74304 0.0434055 0.0846962
0 0.219958 0.735198 0.0527898 0.0929193
1 0.2516 0.619862 0.0432499 0.0776644
1 0.431189 0.290502 0.0266348 0.0622586
1 0.429455 0.740993 0.0498529 0.0819369
1 0.647053 0.387655 0.0319447 0.0720368
1 0.741096 0.38945 0.0330034 0.0723491
1 0.76069 0.277739 0.0276213 0.0643464
1 0.838206 0.624613 0.0418194 0.0900944
1 0.3353 0.469245 0.0317626 0.0837864
1 0.312405 0.403837 0.0373222 0.062128
1 0.336997 0.616633 0.0414347 0.0798113
1 0.727239 0.625906 0.0427265 0.082518
1 0.764361 0.626288 0.0410891 0.0879743
1 0.465604 0.396146 0.0343228 0.0613338
1 0.311551 0.289447 0.0366834 0.0657964
1 0.489964 0.468748 0.0317884 0.0747324
1 0.779346 0.462683 0.0392179 0.0735458
1 0.646551 0.464915 0.030954 0.0725422
1 0.532505 0.285508 0.025993 0.055953
1 0.30231 0.617098 0.0402664 0.0730722
1 0.406014 0.620379 0.0419239 0.0804473
1 0.689187 0.627051 0.0412315 0.0836626
1 0.51101 0.748557 0.0463631 0.0866056
1 0.747012 0.466035 0.0331382 0.0727447
1 0.428357 0.464812 0.0375689 0.0818348
1 0.553739 0.394158 0.0297216 0.0686485
1 0.579135 0.623568 0.0375202 0.0862614
1 0.235578 0.288962 0.0361962 0.0606531
1 0.481338 0.288084 0.0272039 0.0622839
1 0.802408 0.627919 0.0444031 0.0927485
1 0.252507 0.402103 0.0386853 0.0639007
1 0.440458 0.622769 0.0422058 0.0812769
1 0.81325 0.465374 0.036697 0.068808
1 0.773251 0.392325 0.0374632 0.075594
1 0.218388 0.615559 0.0397313 0.075633
1 0.614535 0.465825 0.0286413 0.0718513
1 0.672883 0.280356 0.0276588 0.052238
1 0.505427 0.62413 0.036268 0.0854601
1 0.815536 0.274259 0.0356405 0.0609651
1 0.519862 0.467301 0.0324224 0.0725492
1 0.710307 0.389821 0.034523 0.0724325
1 0.876428 0.622722 0.0486561 0.0882842
1 0.614002 0.39072 0.0338545 0.0657086
1 0.456324 0.469124 0.0312025 0.0763992
1 0.155017 0.617965 0.0458063 0.0794638
1 0.681444 0.466512 0.0322613 0.0711162
1 0.643523 0.281345 0.0260437 0.0551836
1 0.583427 0.465116 0.0306319 0.0718816
1 0.615649 0.619965 0.0345185 0.0842014
1 0.542068 0.622756 0.0371813 0.0823994
1 0.405147 0.29039 0.026638 0.0596094
1 0.456788 0.287883 0.0257603 0.063027
1 0.124281 0.615438 0.0487648 0.0810574
1 0.71212 0.466373 0.0360645 0.068057
1 0.376031 0.401382 0.0364025 0.0645303
1 0.188481 0.617293 0.0447315 0.0791894
1 0.199031 0.401672 0.0425349 0.0594253
1 0.285466 0.290811 0.0350023 0.0661136
1 0.260032 0.290608 0.0355872 0.0634389
1 0.436118 0.396588 0.034667 0.0594625
1 0.506159 0.28668 0.0257641 0.0553326
1 0.471624 0.622406 0.0359678 0.0814419
1 0.805231 0.39005 0.0339525 0.070438
1 0.28201 0.400525 0.0392383 0.0608322
1 0.58355 0.394089 0.0294563 0.0640951
1 0.560861 0.282353 0.0256366 0.0558552
1 0.261795 0.466905 0.0402167 0.0778292
1 0.787284 0.276349 0.0307648 0.0540192
1 0.589858 0.28244 0.0275845 0.0572311
1 0.378588 0.287553 0.0335081 0.0635568
1 0.52244 0.394357 0.0312017 0.0609124
1 0.730828 0.280378 0.0299017 0.0596393
1 0.224674 0.400652 0.0402117 0.0605157
1 0.206845 0.461258 0.0432581 0.0808702
1 0.83866 0.389931 0.0377342 0.0676356
1 0.618739 0.281945 0.024544 0.0582097
1 0.35111 0.401213 0.0363485 0.0597819
1 0.233961 0.460957 0.039727 0.0854221
1 0.335357 0.290284 0.0333869 0.0645469
1 0.681221 0.392117 0.0330793 0.0740293
1 0.40859 0.397422 0.0332179 0.0589152
1 0.291058 0.465539 0.0390402 0.0807844
1 0.177919 0.460304 0.0387447 0.0781213
1 0.551817 0.46468 0.027949 0.0710757
1 0.700879 0.279339 0.0259325 0.049682
0 0.0275377 0.730844 0.0519478 0.0776212
1 0.468087 0.288186 0.030689 0.0646912
1 0.443226 0.289485 0.0259998 0.0632345
