1 0.139241 0.738144 0.0559491 0.0871958
0 0.257561 0.737531 0.0538049 0.08797
1 0.220525 0.615288 0.0432161 0.0792346
0 0.29899 0.734724 0.0541623 0.0820919
0 0.0967426 0.736778 0.0556145 0.0845084
1 0.439632 0.621286 0.0411692 0.0811381
1 0.186988 0.616764 0.0453606 0.0793842
0 0.386432 0.744815 0.0512754 0.0844214
0 0.344671 0.737391 0.052194 0.0790777
1 0.372165 0.618914 0.0482184 0.0849436
1 0.850035 0.457059 0.0414528 0.0755564
0 0.279489 0.398904 0.0411163 0.0617445
1 0.405966 0.619954 0.0419731 0.0815327
0 0.350249 0.398309 0.0359471 0.0583994
0 0.428796 0.740431 0.0498316 0.0823706
1 0.465487 0.395042 0.0338877 0.06288
0 0.259775 0.287228 0.0349459 0.0646887
1 0.37528 0.399463 0.0357357 0.0635575
1 0.544356 0.619349 0.0371384 0.0807507
1 0.876691 0.620937 0.0486408 0.0900484
1 0.312735 0.400663 0.039228 0.0627716
1 0.471949 0.621406 0.0372746 0.0815296
0 0.839286 0.388177 0.0379002 0.0677423
1 0.395516 0.467068 0.0367072 0.0777225
1 0.253449 0.619882 0.0426492 0.0762939
1 0.376813 0.28607 0.0332638 0.066449
1 0.249693 0.399268 0.0385823 0.063186
1 0.802979 0.625256 0.0456442 0.0900242
1 0.368138 0.466296 0.0411931 0.0811474
1 0.771803 0.38991 0.0386568 0.0755972
1 0.553453 0.392627 0.0296196 0.0682949
1 0.581232 0.620376 0.036712 0.0852711
1 0.520541 0.465808 0.0309969 0.0722231
1 0.764963 0.625221 0.0420555 0.0884384
1 0.614352 0.39087 0.0354076 0.0654175
1 0.534283 0.282827 0.0286452 0.0604626
0 0.480388 0.286937 0.0288614 0.0607556
1 0.15309 0.616517 0.0429774 0.0771708
1 0.787543 0.274174 0.031706 0.0548612
1 0.672654 0.278379 0.0268728 0.0554131
0 0.582593 0.394057 0.0298742 0.0625085
1 0.176073 0.738774 0.0597845 0.0910871
1 0.732125 0.276908 0.030372 0.06175
0 0.470111 0.743847 0.0423781 0.0869047
0 0.311739 0.286665 0.0369423 0.0661324
1 0.059362 0.736876 0.0560655 0.0790911
1 0.336811 0.616286 0.0391601 0.0784927
1 0.681531 0.464564 0.0328883 0.0723848
1 0.56268 0.279474 0.0245453 0.0574045
1 0.284387 0.287727 0.0341245 0.0665298
1 0.334877 0.468214 0.0323667 0.0843419
1 0.780055 0.462368 0.0395132 0.075853
1 0.510709 0.74737 0.0472042 0.085692
0 0.454937 0.286949 0.0275961 0.0651465
1 0.646598 0.463553 0.0320497 0.0746291
1 0.80538 0.387708 0.0347776 0.0702851
1 0.739665 0.388819 0.0336443 0.0711557
0 0.436485 0.394868 0.0339804 0.0587451
1 0.219628 0.73644 0.0555015 0.0911199
0 0.404242 0.288381 0.0268307 0.0606094
1 0.290143 0.464328 0.0360572 0.0777854
1 0.50699 0.624091 0.0374366 0.0888388
0 0.429484 0.287618 0.0266815 0.0647386
1 0.727386 0.624257 0.042208 0.0829826
1 0.335122 0.286492 0.032972 0.0641228
1 0.301985 0.61583 0.0390226 0.0720144
0 0.619008 0.279291 0.0251453 0.0606701
1 0.261258 0.466763 0.0412422 0.0777913
1 0.747034 0.464016 0.0329855 0.0733801
1 0.691678 0.627556 0.039055 0.0856474
0 0.506133 0.283961 0.0259068 0.0567884
1 0.813759 0.463483 0.0347771 0.0698273
0 0.496484 0.393957 0.032729 0.0621335
1 0.175647 0.460253 0.0387894 0.0794395
1 0.49098 0.468379 0.0310137 0.0745035
0 0.644277 0.278383 0.0255701 0.0572977
1 0.839928 0.624034 0.041774 0.0908184
1 0.708897 0.387123 0.0341018 0.0701455
1 0.457548 0.468149 0.0302627 0.0744423
1 0.408951 0.395406 0.0342294 0.0593932
1 0.58339 0.465431 0.0321545 0.0723749
0 0.196218 0.398686 0.0433807 0.0610156
1 0.616723 0.621397 0.0356102 0.0842772
1 0.428865 0.464761 0.0363288 0.0796202
1 0.713116 0.464284 0.0351175 0.0692704
0 0.590739 0.280583 0.0281757 0.060444
1 0.231517 0.461467 0.0417722 0.0801967
0 0.679718 0.389115 0.0319643 0.0731634
1 0.203729 0.461112 0.0443341 0.0804559
1 0.654174 0.623346 0.0370138 0.0852154
1 0.61483 0.464732 0.0272697 0.0730141
0 0.816421 0.272249 0.035918 0.0610772
0 0.760808 0.275425 0.0279409 0.0604401
1 0.647519 0.389519 0.0294298 0.0702881
1 0.234733 0.285501 0.0354245 0.0617515
1 0.551666 0.464919 0.0282307 0.0701666
0 0.522034 0.393446 0.0320892 0.0612974
1 0.700544 0.277049 0.0281155 0.0524748
0 0.222787 0.397861 0.0408725 0.0623542
1 0.11757 0.613644 0.0489918 0.0832935
0 0.124881 0.615489 0.0425217 0.0784386
