0 0.258048 0.736933 0.0547027 0.0876795
0 0.138731 0.73906 0.0557302 0.0875806
0 0.0950181 0.737559 0.0573544 0.0864397
0 0.779226 0.463013 0.0386819 0.0719037
0 0.456614 0.470355 0.0306996 0.0771893
1 0.489675 0.469652 0.0318422 0.0754588
0 0.30064 0.734684 0.0528728 0.0815823
0 0.344444 0.740454 0.0512313 0.0815948
0 0.122721 0.615477 0.0485094 0.0815975
0 0.259919 0.291226 0.0349797 0.0640644
0 0.773627 0.393181 0.0377011 0.0744424
0 0.312326 0.403538 0.0361908 0.0607977
0 0.614158 0.391776 0.0345324 0.0660015
0 0.471655 0.623201 0.0367544 0.0805105
0 0.647037 0.389334 0.0304117 0.0707532
0 0.533262 0.286866 0.0268244 0.0581327
0 0.849511 0.45937 0.0427151 0.0757155
0 0.224533 0.400793 0.0413771 0.0633446
0 0.578437 0.623146 0.0363809 0.0856824
1 0.21999 0.617747 0.0427651 0.0783922
0 0.746751 0.466324 0.0330771 0.0718784
0 0.644211 0.282759 0.0259979 0.0558796
0 0.435955 0.397299 0.0343155 0.0588552
0 0.763947 0.625971 0.040893 0.0908369
1 0.218924 0.737341 0.0569811 0.0908942
0 0.838001 0.625229 0.0420162 0.0903407
0 0.505938 0.626779 0.0368773 0.087051
1 0.337435 0.616325 0.0408131 0.0781448
0 0.177187 0.739582 0.0568659 0.0901275
0 0.387504 0.747033 0.0518965 0.0836111
0 0.187516 0.619471 0.0470162 0.0791938
1 0.204746 0.462428 0.0428519 0.0804832
0 0.681148 0.466766 0.0312831 0.0707109
0 0.465436 0.396698 0.0337269 0.0638403
0 0.709848 0.390605 0.0358606 0.0712149
0 0.583741 0.466346 0.031497 0.0704382
0 0.367997 0.467127 0.0418065 0.0844322
0 0.740534 0.390979 0.0326194 0.0700244
1 0.372438 0.62032 0.0504226 0.0843325
0 0.429442 0.741971 0.0499946 0.0810181
0 0.428237 0.46493 0.0369328 0.0828739
0 0.311647 0.290578 0.036259 0.066115
0 0.542084 0.622634 0.0366177 0.0817169
0 0.689421 0.62834 0.0414577 0.0846192
1 0.395679 0.470066 0.0371114 0.0782754
0 0.812713 0.464894 0.0360702 0.0681845
0 0.261888 0.466885 0.0414465 0.079978
1 0.252477 0.622703 0.0423671 0.0759309
0 0.787794 0.277063 0.0309665 0.0541539
0 0.805915 0.390986 0.0333984 0.0710386
0 0.647284 0.465969 0.0311669 0.0714865
0 0.511174 0.74943 0.0465446 0.0872902
0 0.651026 0.625878 0.036488 0.0818562
0 0.727432 0.625486 0.041707 0.0810408
0 0.802199 0.628861 0.0454336 0.0945335
1 0.290859 0.46581 0.0378466 0.082917
0 0.376393 0.402111 0.0346572 0.0592085
0 0.281224 0.401308 0.0391401 0.0593266
0 0.439542 0.622522 0.0412889 0.0804635
0 0.231846 0.463003 0.040652 0.0824293
0 0.408457 0.397183 0.0338257 0.0577173
0 0.553913 0.39449 0.0299177 0.0690665
0 0.153469 0.618358 0.0447381 0.0791168
0 0.673772 0.281714 0.028217 0.0540726
0 0.250763 0.401111 0.038837 0.0635096
0 0.731259 0.280759 0.0300293 0.0594873
0 0.712332 0.466365 0.0359987 0.0683359
0 0.761516 0.278435 0.0282423 0.0644577
0 0.679685 0.394116 0.0313221 0.0733786
0 0.614745 0.621158 0.0348121 0.0823397
1 0.405368 0.62097 0.0415733 0.0810062
0 0.47059 0.745832 0.0426865 0.085342
0 0.589845 0.284308 0.0296144 0.0588861
1 0.377059 0.288206 0.0326925 0.0638536
0 0.815906 0.273971 0.0355095 0.0614099
0 0.0584049 0.734328 0.0530748 0.0793262
0 0.614749 0.466542 0.0285139 0.0702289
0 0.17664 0.461125 0.03688 0.0778091
1 0.284876 0.291894 0.0343231 0.0665437
1 0.302229 0.61833 0.0391035 0.0706984
0 0.198159 0.401665 0.0420216 0.0586582
0 0.23568 0.289101 0.0358113 0.0604589
0 0.520424 0.466646 0.0332463 0.0714481
0 0.560844 0.283697 0.0250061 0.0539383
0 0.8382 0.392066 0.0367592 0.065844
0 0.505925 0.288 0.025818 0.0550636
0 0.480684 0.288628 0.0282779 0.0589663
0 0.495765 0.395317 0.0325697 0.0633457
0 0.404651 0.291004 0.0277713 0.0583702
0 0.521953 0.395878 0.0310923 0.0613432
0 0.618742 0.283196 0.0251972 0.0611845
0 0.351974 0.400957 0.0349305 0.0585043
0 0.583562 0.396139 0.0305933 0.0622024
0 0.430297 0.290169 0.0258295 0.0632143
1 0.87511 0.621904 0.0484715 0.0887945
1 0.334712 0.470416 0.0321133 0.0875304
0 0.455152 0.288742 0.0266115 0.0630667
0 0.552124 0.465475 0.0275299 0.0673539
0 0.702149 0.280627 0.0272795 0.052696
0 0.335881 0.290672 0.0336663 0.063286
0 0.026054 0.731209 0.0490475 0.0725496
