0 0.138877 0.738653 0.0546622 0.0854311
0 0.258232 0.737096 0.0537612 0.0880169
0 0.778963 0.462806 0.0386675 0.0726704
0 0.312828 0.403782 0.0377987 0.0618836
0 0.337964 0.616821 0.0404529 0.0775404
0 0.220185 0.615859 0.042502 0.0804149
0 0.299817 0.734749 0.0530901 0.0805712
0 0.177043 0.739031 0.0584424 0.0875324
0 0.219259 0.736176 0.0557552 0.0933338
0 0.376141 0.402039 0.0359995 0.0614294
0 0.614193 0.390978 0.0349422 0.0659559
0 0.373107 0.621212 0.0495004 0.0842634
0 0.71006 0.389113 0.035903 0.0722369
0 0.095965 0.737077 0.0569603 0.0859406
0 0.188621 0.619222 0.0462323 0.0797493
0 0.290394 0.465631 0.0374257 0.0807253
0 0.205538 0.462652 0.0454774 0.0816653
0 0.773599 0.391899 0.0383995 0.0754746
0 0.38739 0.746115 0.0509848 0.0837895
0 0.875332 0.620606 0.0491604 0.0890978
0 0.57884 0.622005 0.036463 0.0852627
0 0.533039 0.285692 0.0266468 0.0572562
0 0.428392 0.464208 0.0370442 0.0833068
0 0.224269 0.400436 0.0403928 0.0635775
0 0.490072 0.468922 0.0323135 0.0741975
0 0.764192 0.625175 0.0413408 0.0897745
0 0.405272 0.620641 0.0410612 0.0791266
0 0.816948 0.274057 0.0372995 0.0627213
0 0.812671 0.464564 0.0360248 0.0676485
0 0.336664 0.469084 0.0311878 0.082625
0 0.647139 0.38868 0.0304219 0.0717516
0 0.643762 0.282197 0.0259413 0.0556589
0 0.84905 0.458527 0.0420692 0.0756582
0 0.429992 0.740925 0.0501558 0.0816437
0 0.740388 0.390093 0.0326747 0.070402
0 0.838097 0.623681 0.0416866 0.0891754
0 0.436228 0.396129 0.0342972 0.0597131
0 0.746448 0.465571 0.0328799 0.0731531
0 0.345084 0.737782 0.0525943 0.0771736
0 0.542358 0.62201 0.0368214 0.0813218
0 0.506296 0.625033 0.0373676 0.0879959
0 0.805901 0.390055 0.0326939 0.0705141
0 0.368954 0.466952 0.0417113 0.0816279
0 0.689469 0.626993 0.0412373 0.0847075
0 0.788014 0.276671 0.0310927 0.0543811
0 0.471187 0.621333 0.035561 0.0806011
0 0.456169 0.469478 0.0304909 0.0755619
0 0.260312 0.289574 0.0358958 0.0653371
0 0.51099 0.747639 0.0467755 0.08734
0 0.466039 0.396295 0.0336901 0.0639146
0 0.470903 0.743857 0.0426871 0.0844604
1 0.520754 0.467523 0.0328714 0.0734045
0 0.651161 0.625124 0.0367359 0.0818401
0 0.395845 0.469235 0.0369638 0.0770563
0 0.727403 0.624245 0.0415802 0.0816665
0 0.122438 0.615169 0.046219 0.0839838
0 0.440108 0.621784 0.0413615 0.079562
0 0.615141 0.620648 0.0355748 0.0828266
0 0.614489 0.466564 0.0286598 0.0712738
0 0.679728 0.393375 0.0314883 0.0743267
0 0.409063 0.396005 0.0334085 0.0590832
0 0.802421 0.627656 0.044965 0.0932996
0 0.837919 0.391501 0.0362961 0.0663065
0 0.731083 0.279973 0.0300946 0.0589061
0 0.647106 0.465248 0.0310745 0.0717054
0 0.378319 0.287323 0.0327416 0.0646472
0 0.554308 0.394306 0.0290724 0.0670341
0 0.712275 0.465417 0.0362123 0.067935
0 0.583954 0.466245 0.0311728 0.0713587
0 0.152316 0.618107 0.0455352 0.0795836
0 0.303166 0.61869 0.0396833 0.0715373
0 0.232692 0.458831 0.0392517 0.0874772
0 0.253291 0.621085 0.0420163 0.0759305
0 0.285988 0.290003 0.0339887 0.0669447
0 0.0593358 0.732536 0.0536927 0.0766619
0 0.261292 0.466451 0.03999 0.0803831
0 0.312351 0.288591 0.037545 0.066134
0 0.198769 0.401245 0.0417074 0.0593735
0 0.560938 0.28256 0.0248732 0.0542875
0 0.761617 0.27773 0.0285911 0.0647112
0 0.583131 0.395596 0.0298462 0.0610514
0 0.280877 0.401011 0.0393348 0.0601349
0 0.681097 0.46611 0.0313698 0.069813
0 0.673305 0.281499 0.0281208 0.054521
0 0.58992 0.282934 0.028835 0.0583088
0 0.506291 0.286644 0.0259586 0.0544701
0 0.236227 0.288099 0.036595 0.0627239
0 0.430385 0.289471 0.0260109 0.0636414
0 0.35104 0.401806 0.0359819 0.0588831
0 0.250855 0.401255 0.0383035 0.0646023
0 0.496412 0.394802 0.0316575 0.0624746
0 0.336276 0.289696 0.0346623 0.0644892
0 0.480912 0.287952 0.0286248 0.05984
0 0.55266 0.465158 0.0260862 0.0700501
0 0.404955 0.289993 0.0273019 0.0577929
0 0.176723 0.460254 0.0370867 0.0777761
0 0.618522 0.282569 0.0252127 0.0600799
1 0.522114 0.396341 0.0315721 0.0625163
0 0.701532 0.280022 0.0265056 0.0524909
0 0.455848 0.28856 0.0258837 0.0645553
0 0.0270751 0.729821 0.0498114 0.0693962
