1 0.259325 0.741876 0.0507632 0.0789975
1 0.337967 0.291773 0.0361567 0.0648386
1 0.678387 0.394719 0.0319824 0.0651155
1 0.713943 0.467293 0.0368335 0.0722222
1 0.21822 0.620857 0.0447903 0.0778706
1 0.542442 0.624639 0.036335 0.0776683
1 0.13552 0.740342 0.0517086 0.0774476
1 0.336426 0.623143 0.0456246 0.076763
1 0.402519 0.291184 0.0308016 0.0619141
1 0.436748 0.623526 0.0421649 0.078803
1 0.370946 0.623431 0.0421878 0.0785832
1 0.814409 0.464632 0.0390272 0.0700846
1 0.405167 0.622699 0.0408714 0.078936
1 0.510183 0.748099 0.0437442 0.0739413
1 0.680689 0.467407 0.0339784 0.0714466
1 0.310778 0.291835 0.0381126 0.0647686
1 0.468416 0.745309 0.0402839 0.0740799
1 0.377312 0.291733 0.031853 0.063574
1 0.616938 0.467784 0.0344535 0.0723409
1 0.586397 0.396981 0.030065 0.0572621
1 0.284479 0.291818 0.0378569 0.0642895
1 0.506329 0.288474 0.0314767 0.0577184
1 0.779972 0.465908 0.0368603 0.0699588
1 0.617036 0.623548 0.0362224 0.0819574
1 0.5562 0.39783 0.0307276 0.0571404
1 0.25979 0.291613 0.0381823 0.063703
1 0.84231 0.62451 0.0417552 0.0876442
1 0.583497 0.467795 0.0340051 0.0723654
1 0.552126 0.468213 0.032252 0.0716964
