1 0.258861 0.740723 0.0529632 0.0811921
1 0.740345 0.393349 0.0361311 0.0637992
1 0.308776 0.290462 0.03439 0.0611111
1 0.330687 0.290165 0.0299858 0.0605339
1 0.495991 0.397155 0.0303012 0.0586789
1 0.257885 0.29069 0.0366874 0.0626165
1 0.33573 0.620057 0.0449794 0.0747642
1 0.369048 0.621055 0.0389136 0.0749403
1 0.520145 0.467384 0.0308961 0.0729765
1 0.438231 0.62139 0.0417346 0.0803752
1 0.400451 0.289039 0.0282953 0.059158
1 0.560043 0.286598 0.0299901 0.0516462
1 0.135881 0.741113 0.0514026 0.0779366
1 0.45341 0.28828 0.0292957 0.0579213
1 0.646518 0.396143 0.0297572 0.0604839
1 0.531469 0.287169 0.0288908 0.0534191
1 0.464926 0.398055 0.0320914 0.0589583
1 0.543103 0.621932 0.0365744 0.0781226
1 0.471385 0.621688 0.0381069 0.0806398
1 0.708363 0.393296 0.0353642 0.0644094
1 0.283402 0.290577 0.035582 0.0620329
1 0.375351 0.289414 0.0285838 0.0599195
1 0.506342 0.287676 0.0287726 0.0558528
1 0.254725 0.618985 0.0414604 0.074501
1 0.186264 0.617871 0.0483687 0.0770551
1 0.814249 0.466833 0.0384396 0.073169
1 0.232128 0.290894 0.0377744 0.063672
1 0.687389 0.623995 0.040646 0.0815147
1 0.365668 0.467182 0.0377903 0.0789625
1 0.780392 0.467266 0.0363954 0.0725417
1 0.489781 0.467737 0.0345721 0.0729427
1 0.645387 0.284934 0.0281281 0.0533441
1 0.577881 0.621187 0.0335806 0.0771455
1 0.404473 0.621306 0.0394599 0.0786288
1 0.480028 0.28787 0.0299563 0.0576139
1 0.709305 0.467504 0.0351488 0.0715205
1 0.615128 0.396089 0.0329531 0.0591507
1 0.220355 0.61847 0.0421287 0.0757323
1 0.615035 0.621851 0.0382273 0.0801459
1 0.73005 0.283157 0.0286515 0.0544796
1 0.403976 0.399705 0.0288818 0.0571463
1 0.679032 0.468646 0.0322967 0.0702925
1 0.155861 0.617004 0.0468486 0.0771254
1 0.580089 0.467893 0.0322953 0.0707202
1 0.616836 0.468856 0.0341552 0.0689622
