0 0.376365 0.402512 0.0351576 0.0613642
0 0.25825 0.737325 0.0536865 0.0882973
0 0.773888 0.392278 0.0380237 0.0764835
0 0.13802 0.739101 0.0548605 0.0860041
0 0.779562 0.4635 0.038925 0.0721924
0 0.312943 0.404213 0.0374132 0.0621927
0 0.299908 0.734773 0.0525206 0.0811144
0 0.290206 0.466172 0.0370728 0.0807055
0 0.747112 0.466539 0.0333374 0.0729486
0 0.64724 0.388972 0.0305527 0.0714737
1 0.252808 0.621001 0.04443 0.0766843
0 0.506322 0.625393 0.0368168 0.0888273
1 0.372176 0.619563 0.0496021 0.0867396
0 0.466154 0.396783 0.0344826 0.0640353
0 0.61433 0.392087 0.0348434 0.0648953
0 0.764215 0.625737 0.0409544 0.0893324
0 0.337304 0.616119 0.0403358 0.0800911
0 0.218989 0.736368 0.0558145 0.0935899
0 0.224151 0.400899 0.0406211 0.0635561
0 0.579019 0.62426 0.0364907 0.0870407
0 0.849528 0.45907 0.0425526 0.0764816
0 0.788388 0.277241 0.0309411 0.0536581
0 0.496235 0.396285 0.0330772 0.0626013
0 0.489926 0.469459 0.0321358 0.073106
0 0.584148 0.466204 0.0317556 0.0707169
0 0.761849 0.279646 0.028279 0.0653459
0 0.533294 0.286212 0.0264475 0.0569999
0 0.436102 0.396851 0.0344637 0.0594315
1 0.471339 0.622273 0.0381348 0.0825027
0 0.344392 0.738753 0.0520579 0.0781242
0 0.38683 0.746388 0.0511035 0.0823839
0 0.177363 0.739135 0.0577011 0.087042
0 0.335695 0.469423 0.0315841 0.0841459
0 0.428149 0.464501 0.0370798 0.0832023
0 0.838609 0.624422 0.0416901 0.088523
0 0.644038 0.28251 0.0260082 0.0554632
0 0.312244 0.289397 0.037341 0.0655082
0 0.429826 0.742648 0.0498181 0.0821581
0 0.710412 0.389493 0.0355518 0.0742225
0 0.54238 0.622513 0.0364652 0.081076
0 0.806027 0.390178 0.0329831 0.0712226
0 0.813294 0.465651 0.0357164 0.0683244
0 0.36838 0.467473 0.0418695 0.0827347
0 0.520265 0.467439 0.0334896 0.0719969
0 0.395551 0.46932 0.0367215 0.0778239
0 0.727726 0.626102 0.0414312 0.0820837
0 0.731195 0.281047 0.0302219 0.058251
0 0.456184 0.469648 0.0309395 0.0754469
0 0.260413 0.29054 0.0352714 0.0646798
0 0.875596 0.623259 0.0491299 0.087071
0 0.0598751 0.734807 0.0548576 0.0766392
0 0.470717 0.743838 0.0428047 0.0830622
0 0.651266 0.625641 0.0365292 0.0805117
0 0.689596 0.629062 0.0415276 0.0853563
0 0.18861 0.619156 0.044148 0.079612
0 0.511459 0.747972 0.046421 0.0856672
0 0.838864 0.391461 0.0373222 0.0664885
0 0.681202 0.466418 0.0314721 0.0698159
0 0.615081 0.621467 0.0347289 0.082647
0 0.802593 0.629226 0.0450417 0.094924
0 0.285423 0.290715 0.0334239 0.0658063
0 0.260989 0.4675 0.0406075 0.0814827
0 0.554036 0.396135 0.0296051 0.0678989
0 0.712348 0.466256 0.03626 0.0680571
0 0.377259 0.288264 0.032445 0.0639073
0 0.198577 0.401885 0.0417224 0.0582797
0 0.52248 0.395912 0.0309938 0.0616084
0 0.740938 0.391298 0.032765 0.0705034
0 0.123553 0.616112 0.0459879 0.0845812
0 0.219112 0.616843 0.0412311 0.0772736
0 0.614993 0.466804 0.0292804 0.0715903
0 0.561226 0.283381 0.0250454 0.0538259
0 0.583344 0.396473 0.0300459 0.0616895
0 0.408635 0.396945 0.0335953 0.0591435
0 0.506734 0.287338 0.0258705 0.054531
1 0.406046 0.620686 0.0415308 0.0805298
0 0.816865 0.275135 0.0364124 0.0610653
0 0.680037 0.394086 0.0308596 0.075206
0 0.336455 0.290877 0.0341263 0.0629732
0 0.647731 0.465407 0.0305707 0.071628
0 0.590246 0.283459 0.0299316 0.0594274
0 0.205279 0.461456 0.0447439 0.0824558
0 0.236297 0.28824 0.0371851 0.0612855
0 0.153798 0.61902 0.0468543 0.0797373
0 0.232351 0.458929 0.0389682 0.0873161
0 0.0953207 0.737936 0.0561867 0.0852155
0 0.481175 0.288708 0.0288353 0.059346
1 0.304278 0.617902 0.0408953 0.0726522
0 0.618621 0.282546 0.0254091 0.0595996
0 0.28108 0.401455 0.0391787 0.0596451
0 0.430131 0.289946 0.0263271 0.063761
0 0.455853 0.289256 0.0264914 0.0655499
0 0.673573 0.281825 0.0282542 0.054455
0 0.440884 0.621926 0.0404514 0.0811352
0 0.404454 0.290611 0.0278057 0.0586808
0 0.250347 0.401614 0.037549 0.0641364
0 0.351112 0.402041 0.0347211 0.0597519
0 0.701509 0.280728 0.0260689 0.0522015
0 0.552479 0.46513 0.0273407 0.0672657
1 0.176945 0.460066 0.0368434 0.078647
0 0.0263104 0.732176 0.0490066 0.0701476
