0 0.26049 0.291869 0.0359731 0.0645505
0 0.257663 0.737029 0.0528859 0.0864327
1 0.372114 0.621514 0.0493132 0.0825377
1 0.138969 0.739333 0.05584 0.0870356
1 0.727428 0.625954 0.0430422 0.085684
0 0.0949328 0.738247 0.0561751 0.0850853
0 0.218208 0.737437 0.0550837 0.0901949
0 0.774165 0.392846 0.0381245 0.075909
0 0.299634 0.734728 0.0530869 0.0804689
0 0.61386 0.392764 0.0351936 0.0638131
0 0.251499 0.402073 0.0401592 0.063298
0 0.813332 0.466815 0.0357092 0.0691065
1 0.337351 0.618182 0.0404397 0.0769754
0 0.344089 0.739032 0.0520257 0.0792185
0 0.224103 0.401403 0.040814 0.0635538
0 0.311796 0.291157 0.0372978 0.0670053
0 0.779056 0.464153 0.040503 0.0735434
1 0.405557 0.623055 0.0419211 0.0802144
0 0.428992 0.742749 0.0485191 0.0823811
0 0.648235 0.390196 0.0319165 0.0725964
0 0.408081 0.397722 0.0336373 0.0579872
1 0.219777 0.617618 0.0419618 0.0798431
0 0.176432 0.738834 0.0587984 0.088681
0 0.644455 0.283066 0.0253905 0.056375
0 0.589853 0.284117 0.0300104 0.0589364
0 0.436356 0.397369 0.0349801 0.0591355
0 0.741165 0.391664 0.0326857 0.0707364
1 0.301877 0.618929 0.0395948 0.0721788
0 0.465729 0.397109 0.034079 0.0626352
0 0.764255 0.626468 0.0399819 0.0888321
1 0.68987 0.629602 0.0406029 0.084495
0 0.386658 0.745297 0.0519468 0.083007
1 0.291354 0.466154 0.0389322 0.0809561
1 0.849118 0.460419 0.0430393 0.0755623
1 0.376139 0.402616 0.0357868 0.0619829
0 0.0589066 0.735223 0.0541108 0.0767729
0 0.496162 0.396395 0.0330938 0.0616519
1 0.428294 0.464065 0.0382534 0.0831362
1 0.253109 0.622165 0.0424757 0.0758386
0 0.81675 0.27436 0.0364304 0.0608659
0 0.710382 0.390269 0.0362883 0.0727957
0 0.788197 0.276965 0.0311417 0.0536513
1 0.801551 0.628297 0.0438606 0.0910677
1 0.395255 0.468387 0.0382494 0.0777535
0 0.204981 0.462784 0.0458217 0.0823046
1 0.579347 0.622878 0.036843 0.0857485
1 0.313512 0.40497 0.0392404 0.0609572
1 0.730181 0.281018 0.030274 0.0558345
0 0.533412 0.286669 0.0273247 0.0582703
1 0.542639 0.621792 0.0371223 0.0813036
1 0.285376 0.292449 0.0332244 0.0671542
1 0.74561 0.466524 0.0331184 0.0722048
1 0.335492 0.291713 0.0332067 0.0655868
0 0.510896 0.748297 0.0458074 0.0867779
0 0.351608 0.402495 0.0360365 0.0591008
1 0.837075 0.626628 0.0414064 0.0883051
1 0.233112 0.462817 0.0409918 0.0815372
1 0.519409 0.468567 0.0333094 0.0728531
0 0.47059 0.745236 0.0434411 0.0856697
1 0.560734 0.283377 0.0244099 0.0543492
1 0.837967 0.391 0.0378452 0.0685507
0 0.198771 0.402417 0.0427371 0.0597141
1 0.439267 0.623053 0.0412385 0.0807377
1 0.368071 0.466745 0.0413908 0.0856386
1 0.647579 0.465023 0.0304417 0.0725528
1 0.455609 0.469157 0.0316301 0.0757324
1 0.61539 0.621192 0.0353587 0.0867418
0 0.806266 0.390077 0.032988 0.0700909
1 0.429908 0.290843 0.0262729 0.0635403
1 0.470941 0.624267 0.0374014 0.0841354
1 0.122723 0.616192 0.045202 0.0820547
1 0.506066 0.625266 0.036775 0.0884565
1 0.152664 0.619534 0.0451673 0.081534
0 0.583269 0.396949 0.0295038 0.0607217
1 0.281617 0.40199 0.0411252 0.0611228
1 0.876221 0.623596 0.050605 0.0890819
0 0.619072 0.283738 0.0255623 0.0601044
0 0.673069 0.282383 0.0288362 0.0546626
1 0.617053 0.466772 0.0271967 0.0709669
0 0.761615 0.278821 0.0289793 0.0654412
0 0.701377 0.280155 0.0263721 0.0520265
1 0.651361 0.623504 0.036255 0.0826645
0 0.506792 0.287521 0.0252762 0.0532387
1 0.585278 0.466711 0.0324232 0.0716229
1 0.554368 0.395126 0.0292252 0.0687358
1 0.489162 0.469613 0.0321802 0.0740759
1 0.187278 0.61989 0.0455186 0.0819415
1 0.262028 0.467309 0.0415254 0.0787249
0 0.377908 0.289025 0.032756 0.063947
0 0.235706 0.289456 0.0355207 0.0603784
1 0.481608 0.289918 0.0290617 0.0596646
1 0.680743 0.394241 0.0309875 0.0742682
0 0.521835 0.395328 0.0309742 0.061842
1 0.552487 0.466012 0.0286413 0.0699209
1 0.711774 0.465513 0.0350782 0.0669451
1 0.681327 0.466924 0.0317751 0.0705896
1 0.334549 0.470366 0.0312543 0.0829617
0 0.404816 0.291304 0.0274313 0.0593604
0 0.45556 0.289439 0.027576 0.0638297
1 0.175501 0.461788 0.0380054 0.0779869
0 0.025977 0.732296 0.0483269 0.070487
