0 0.13804 0.737933 0.0535116 0.0849642
0 0.258741 0.736696 0.0532731 0.0868645
0 0.31275 0.403583 0.0376838 0.0617071
0 0.372329 0.620264 0.0489845 0.0836577
1 0.337208 0.617006 0.0415473 0.0788651
0 0.779354 0.462716 0.0392008 0.0723327
0 0.773714 0.392253 0.0383047 0.0750074
0 0.300218 0.734289 0.0522247 0.0801155
1 0.156421 0.618377 0.0458632 0.0793248
0 0.219344 0.736789 0.0562963 0.0919407
0 0.613785 0.391608 0.0352715 0.0657641
0 0.177023 0.738654 0.058538 0.0868217
0 0.0955096 0.736074 0.0557311 0.0847131
0 0.489659 0.469376 0.0322891 0.0732592
0 0.375458 0.401926 0.0359385 0.0610712
1 0.465576 0.397115 0.0346083 0.0649268
0 0.42982 0.742929 0.0494972 0.0825778
0 0.224722 0.399688 0.0414757 0.0617354
0 0.813165 0.46471 0.0355837 0.0674562
0 0.38726 0.745718 0.0516435 0.0822665
1 0.20222 0.461705 0.0444901 0.0830935
0 0.579283 0.622005 0.0366621 0.0863113
1 0.726935 0.624243 0.041744 0.0836331
0 0.290247 0.465681 0.0369012 0.0813574
0 0.746984 0.465626 0.0330764 0.0713091
0 0.681221 0.465355 0.0310624 0.0701175
0 0.710349 0.39003 0.035907 0.0726596
0 0.344459 0.739048 0.0527345 0.0786357
0 0.646863 0.389054 0.0310482 0.0700705
0 0.740509 0.390448 0.0328538 0.0698779
0 0.506379 0.624256 0.0362629 0.0864216
0 0.615094 0.618648 0.0347797 0.0819264
0 0.764181 0.624787 0.0417774 0.088666
0 0.643986 0.281571 0.0252695 0.0556561
1 0.311874 0.289392 0.0376516 0.0662581
0 0.761281 0.278741 0.028743 0.0656959
0 0.838243 0.622974 0.0413864 0.0907937
0 0.219232 0.616798 0.0422794 0.0805347
1 0.261111 0.466657 0.0416078 0.0811394
0 0.470736 0.744921 0.0429928 0.085145
0 0.441743 0.621052 0.0383575 0.0790163
0 0.471662 0.621705 0.0361183 0.0810988
0 0.259699 0.291072 0.0348489 0.0642036
0 0.520091 0.4677 0.0331591 0.0723204
0 0.582892 0.396874 0.0293106 0.0620368
1 0.874636 0.621465 0.0497959 0.0900549
0 0.554067 0.395501 0.0294266 0.0685738
0 0.53285 0.2853 0.0252833 0.0570228
1 0.407458 0.62074 0.0435196 0.0791677
0 0.511008 0.747848 0.0452334 0.0862988
0 0.838272 0.390963 0.0364983 0.0670169
0 0.542361 0.621317 0.0371576 0.0800997
0 0.284948 0.291012 0.0334909 0.0661875
1 0.428034 0.464586 0.0365162 0.082707
0 0.235866 0.288745 0.0369425 0.0628696
0 0.303248 0.617938 0.0386445 0.0722574
0 0.672889 0.280921 0.0274504 0.0543395
0 0.788078 0.276141 0.0315433 0.0570701
1 0.801888 0.6275 0.0439759 0.0946045
0 0.73097 0.279799 0.0301174 0.0594434
0 0.252759 0.621023 0.0433394 0.0767817
0 0.368154 0.466596 0.0419749 0.0819002
0 0.614501 0.46599 0.0291559 0.0699429
0 0.689287 0.627577 0.0404835 0.0863327
0 0.817016 0.274278 0.0368966 0.0621235
0 0.805964 0.390019 0.0334679 0.0713917
0 0.395544 0.468569 0.0366889 0.0772265
1 0.560253 0.282321 0.0256909 0.0557127
0 0.583977 0.466068 0.0309595 0.0697941
0 0.712222 0.465436 0.0363451 0.0677513
0 0.0591578 0.734188 0.0547037 0.0811127
1 0.651038 0.623736 0.0365305 0.0824276
1 0.378211 0.287643 0.0327729 0.0622635
0 0.456575 0.46976 0.0304174 0.0754676
0 0.848914 0.458521 0.0420563 0.0755543
0 0.590429 0.283181 0.0296358 0.0600356
1 0.188514 0.619631 0.044893 0.0793534
1 0.481385 0.28859 0.0283613 0.0625358
1 0.647334 0.464384 0.0302668 0.0712495
1 0.521032 0.397298 0.032213 0.0635554
0 0.404483 0.290076 0.0268705 0.0600719
0 0.28123 0.400686 0.039656 0.0607355
0 0.336589 0.290174 0.0356016 0.0643067
1 0.408547 0.397069 0.032804 0.0571396
0 0.679825 0.393504 0.0312901 0.0739285
1 0.231614 0.458012 0.0413463 0.0899416
1 0.33532 0.469689 0.0321622 0.0854166
0 0.701434 0.279972 0.0267618 0.0526284
0 0.199221 0.401212 0.041703 0.0573292
0 0.351004 0.401565 0.0362393 0.0581582
0 0.495916 0.396113 0.0318047 0.0633298
0 0.124955 0.614281 0.0466506 0.0821178
0 0.455523 0.288746 0.026386 0.0628273
0 0.618698 0.282309 0.02541 0.060208
1 0.506377 0.286685 0.0251837 0.0549019
0 0.430065 0.29049 0.0261747 0.0632556
0 0.174447 0.460316 0.0356168 0.0807728
1 0.552467 0.466471 0.0264833 0.0703739
0 0.43589 0.397378 0.0343661 0.0597961
0 0.251241 0.4001 0.0384115 0.0634324
1 0.0252358 0.734341 0.0483851 0.0814248
