1 0.33767 0.619678 0.0434468 0.0739935
1 0.615535 0.622726 0.0379707 0.0799256
1 0.440004 0.619579 0.0391262 0.0783977
1 0.400758 0.289892 0.0272617 0.0577348
1 0.304615 0.620269 0.0408868 0.072444
1 0.496581 0.398406 0.0297652 0.0599104
1 0.743817 0.392724 0.0355233 0.0642943
1 0.426012 0.289204 0.0270491 0.0572486
1 0.371289 0.61949 0.0379722 0.0741097
1 0.710652 0.393816 0.0391244 0.0637814
1 0.466941 0.398554 0.0320631 0.0597672
1 0.220071 0.620977 0.0411974 0.0715199
1 0.136371 0.740644 0.0516194 0.0824471
1 0.256522 0.621055 0.0444619 0.071507
1 0.542391 0.62195 0.0348309 0.0762584
1 0.616075 0.467976 0.0337227 0.0699276
1 0.337467 0.290174 0.0336949 0.0600929
1 0.506484 0.287009 0.0308696 0.0580069
1 0.281436 0.406141 0.0360238 0.0574672
1 0.617857 0.395468 0.0313498 0.0604654
1 0.158146 0.618714 0.0457459 0.0757435
1 0.479183 0.287562 0.0301806 0.0575491
1 0.533594 0.286817 0.032203 0.0575122
1 0.491056 0.467957 0.0360212 0.0720081
1 0.584605 0.395904 0.0330309 0.0602933
1 0.405448 0.619436 0.0396316 0.0767694
1 0.452074 0.288307 0.0281413 0.0571658
1 0.776218 0.390639 0.0334112 0.0620015
1 0.312196 0.289732 0.0353704 0.060129
1 0.715186 0.467757 0.0358349 0.0716749
1 0.375204 0.290483 0.027721 0.0585273
1 0.209583 0.290629 0.0393198 0.064057
1 0.252806 0.406215 0.032339 0.0571052
1 0.657232 0.622347 0.0383471 0.082281
1 0.395292 0.470189 0.0324068 0.0817689
1 0.312103 0.406391 0.0383287 0.056602
1 0.806358 0.390484 0.0351492 0.0625309
1 0.647802 0.46734 0.029858 0.0703529
1 0.509323 0.620776 0.0379028 0.0762766
1 0.679482 0.467345 0.0316363 0.0696968
1 0.560699 0.286835 0.0318 0.0562528
1 0.677404 0.393966 0.0312314 0.0628282
