1 0.258906 0.740831 0.0526685 0.0811765
1 0.309041 0.290621 0.0342794 0.0615042
1 0.369084 0.622451 0.0391221 0.0733186
1 0.400931 0.289406 0.0292413 0.0597017
1 0.560552 0.28552 0.0299666 0.053511
1 0.496016 0.397815 0.0306586 0.0585519
1 0.331418 0.290391 0.0305557 0.0609125
1 0.780959 0.464961 0.0363723 0.0690193
1 0.437654 0.62204 0.0418731 0.0793402
1 0.814149 0.464376 0.0386218 0.0696435
1 0.335445 0.622435 0.0441378 0.0716759
1 0.135629 0.740393 0.0514203 0.0788798
1 0.49009 0.467346 0.0353662 0.0716962
1 0.615559 0.467346 0.0351947 0.0698134
1 0.616418 0.394083 0.0330611 0.0636319
1 0.542497 0.623668 0.0360859 0.0748954
1 0.257989 0.290622 0.0371446 0.0625597
1 0.454342 0.288552 0.0288719 0.0582703
1 0.284052 0.290643 0.0359803 0.062064
1 0.520748 0.466603 0.0297986 0.0702616
1 0.471556 0.622466 0.0373924 0.0793932
1 0.428084 0.289048 0.0295786 0.0591716
1 0.232204 0.290618 0.0380094 0.063689
1 0.647041 0.394118 0.0297436 0.062403
1 0.366513 0.466035 0.0379699 0.0761094
1 0.465982 0.398414 0.0319838 0.0592126
1 0.580344 0.466471 0.0318071 0.0693303
1 0.688402 0.624746 0.0393563 0.0806241
1 0.185358 0.618855 0.047914 0.0764406
1 0.40428 0.621945 0.0385355 0.0777775
