1 0.138086 0.739392 0.0560256 0.0854088
0 0.258136 0.736764 0.0525746 0.0875439
0 0.372146 0.620151 0.0466683 0.0849228
1 0.437359 0.396659 0.0353897 0.0599556
1 0.338462 0.617223 0.0398201 0.0796106
1 0.615686 0.620607 0.0360413 0.0839461
1 0.647267 0.465111 0.0308831 0.0718065
0 0.17709 0.740644 0.0587751 0.0926208
0 0.30041 0.733646 0.0518278 0.0792864
0 0.710567 0.390999 0.0349996 0.0711341
0 0.0587459 0.733863 0.0539037 0.0788439
0 0.386815 0.745857 0.0521331 0.0844472
1 0.430049 0.741109 0.0500879 0.0829887
1 0.779179 0.462825 0.0398566 0.0726038
1 0.0958696 0.737687 0.055093 0.0839966
0 0.344749 0.739224 0.0519484 0.079624
1 0.264359 0.467499 0.0419904 0.0774887
1 0.312938 0.404989 0.0378823 0.0622593
1 0.849467 0.459512 0.0424557 0.0743972
1 0.496433 0.395729 0.0322822 0.0610516
1 0.395435 0.468009 0.0380025 0.077152
1 0.37574 0.40281 0.036083 0.0627068
1 0.439283 0.621488 0.0418381 0.0815716
0 0.589575 0.283571 0.029924 0.0588107
1 0.507795 0.627233 0.0370929 0.0894241
1 0.54271 0.621294 0.0360033 0.0789385
1 0.816632 0.274799 0.0363174 0.0625491
1 0.689986 0.628958 0.0403694 0.0834117
1 0.22008 0.618435 0.0423624 0.0787733
1 0.36808 0.468146 0.0413847 0.0818035
1 0.405285 0.621134 0.0416782 0.080364
0 0.64409 0.282249 0.0253702 0.0560805
1 0.156144 0.618293 0.0451151 0.081513
1 0.408127 0.397815 0.0339423 0.0588643
1 0.764728 0.626312 0.041272 0.0872079
1 0.56085 0.282889 0.024178 0.0538121
1 0.252877 0.62246 0.0426788 0.0751764
0 0.579543 0.622817 0.0373795 0.0867922
1 0.803103 0.627998 0.0451511 0.0919321
1 0.652343 0.624738 0.0365643 0.0824787
1 0.74116 0.390754 0.0326932 0.0706429
1 0.219966 0.737853 0.0537981 0.0892717
0 0.746357 0.465608 0.0323755 0.0710304
1 0.519154 0.467889 0.0332205 0.0744688
1 0.303762 0.618126 0.0401094 0.0734018
1 0.614015 0.391815 0.0347747 0.0638709
1 0.728054 0.627201 0.0424427 0.0827488
0 0.511009 0.747682 0.0463673 0.0851889
1 0.83698 0.626524 0.0401201 0.0900599
1 0.312042 0.289604 0.0376989 0.0663799
1 0.772862 0.393594 0.0371284 0.0745916
1 0.260114 0.290391 0.0353127 0.0639774
0 0.646499 0.389347 0.0315811 0.0689554
1 0.584011 0.467536 0.0319973 0.0718114
1 0.731318 0.280602 0.0301567 0.0585302
0 0.47087 0.743303 0.0431859 0.0835585
0 0.78738 0.276425 0.0317958 0.0541599
1 0.812555 0.464737 0.0347488 0.0686155
0 0.67283 0.281264 0.0273355 0.0530377
1 0.700647 0.279511 0.0260386 0.0501384
1 0.281886 0.401725 0.0386861 0.0615075
1 0.455461 0.289004 0.02692 0.0651403
1 0.25167 0.401955 0.0399485 0.0658287
1 0.188747 0.619803 0.0452563 0.0797421
1 0.336294 0.469699 0.0289507 0.0844847
1 0.292627 0.465726 0.0375917 0.0799652
0 0.285127 0.291499 0.0341838 0.0667101
1 0.234234 0.459854 0.0414655 0.0879292
1 0.377305 0.287766 0.0336539 0.0638502
1 0.224997 0.399907 0.0413105 0.0636669
1 0.457062 0.468317 0.0301072 0.0764756
1 0.471544 0.622304 0.0367544 0.0828674
1 0.404255 0.290551 0.0273713 0.0589197
1 0.584151 0.396832 0.0290407 0.0600922
1 0.711456 0.466856 0.0352472 0.0700103
1 0.53297 0.285741 0.026556 0.0560378
1 0.876326 0.623495 0.0503613 0.0899649
1 0.481193 0.288171 0.0273954 0.0618051
1 0.206369 0.462121 0.0441384 0.0809669
1 0.429433 0.290597 0.0261434 0.0637939
1 0.615948 0.467526 0.0278505 0.0710436
1 0.761496 0.2773 0.0271099 0.0634837
1 0.197135 0.400653 0.0431216 0.0611813
1 0.23619 0.289104 0.0362333 0.0599044
1 0.488633 0.470301 0.0301388 0.0743937
1 0.619559 0.281891 0.024642 0.0596466
1 0.176934 0.460929 0.0382346 0.0761539
0 0.679792 0.395038 0.0306015 0.0715207
0 0.50646 0.286502 0.0254551 0.0539845
1 0.680974 0.466562 0.0304197 0.0715988
1 0.336261 0.290724 0.034114 0.0645865
1 0.350961 0.402712 0.0365479 0.0604466
1 0.83762 0.390425 0.0376692 0.0665611
0 0.466572 0.396353 0.0337934 0.0632679
1 0.804984 0.391661 0.0334007 0.0708872
1 0.428457 0.464464 0.0378302 0.0823898
1 0.553669 0.396338 0.0300038 0.0692618
1 0.125706 0.615181 0.0465524 0.0838867
1 0.55172 0.467362 0.0278385 0.0725206
0 0.522148 0.396011 0.0308054 0.0614275
0 0.0269451 0.73117 0.0498989 0.0726938
