0 0.137901 0.738317 0.0548635 0.0857164
0 0.779224 0.462866 0.0387297 0.0730372
0 0.337553 0.616131 0.0400557 0.0785229
0 0.257688 0.73742 0.0531118 0.0878546
0 0.372304 0.619729 0.0499012 0.085252
1 0.220373 0.617055 0.0420311 0.077779
0 0.299009 0.735183 0.0534988 0.0813686
0 0.259248 0.289713 0.0366806 0.0657935
0 0.489152 0.468523 0.0325482 0.0751451
0 0.773738 0.39128 0.0385591 0.0762106
0 0.0949231 0.73762 0.0556708 0.0839788
0 0.343766 0.739468 0.0525709 0.0804171
0 0.532831 0.284753 0.0265677 0.0578332
0 0.312021 0.40242 0.0365858 0.0620964
0 0.386215 0.745933 0.0531502 0.0847025
0 0.176183 0.73881 0.0593733 0.088168
0 0.746797 0.465175 0.0328672 0.0724967
0 0.542025 0.620871 0.0370494 0.0819684
0 0.281098 0.399602 0.0398539 0.0594496
0 0.204693 0.461591 0.0448463 0.0820471
0 0.375567 0.400065 0.0347223 0.0607164
0 0.218616 0.735462 0.0553892 0.0926668
0 0.764046 0.624441 0.0410582 0.0901266
0 0.223634 0.399342 0.0406025 0.0630959
0 0.368006 0.465407 0.0414301 0.0825054
0 0.710063 0.388112 0.0353292 0.0711626
0 0.643335 0.28038 0.025356 0.0548151
0 0.578466 0.621009 0.0365388 0.0849285
0 0.553751 0.393009 0.0300426 0.0691524
0 0.613751 0.391208 0.0345493 0.0646352
0 0.469796 0.74295 0.0416431 0.0826159
0 0.812844 0.464337 0.0356159 0.0684217
0 0.646667 0.387992 0.030605 0.0712438
0 0.689411 0.626471 0.0414198 0.0850931
0 0.470899 0.620877 0.0359627 0.0803957
0 0.261591 0.466462 0.0416478 0.0790775
0 0.404568 0.620028 0.0412365 0.0803721
0 0.848753 0.457854 0.0419172 0.0759867
0 0.816741 0.272962 0.0367611 0.0621305
0 0.510393 0.747309 0.0473162 0.0866999
0 0.394938 0.467482 0.0370933 0.0781696
0 0.730863 0.278635 0.0304886 0.059679
0 0.805791 0.389061 0.0331524 0.0717505
0 0.438981 0.620714 0.0414518 0.0797156
0 0.740418 0.389268 0.0327822 0.0705644
0 0.838168 0.39014 0.035957 0.0662376
0 0.428892 0.741212 0.0496403 0.0810988
0 0.802403 0.627067 0.0450901 0.092827
0 0.838148 0.623158 0.0414101 0.0885614
0 0.311745 0.288204 0.0375293 0.0656644
0 0.197963 0.39996 0.0426751 0.0591837
0 0.647021 0.464074 0.0313437 0.0726277
0 0.187796 0.61784 0.045843 0.0797895
1 0.427357 0.464387 0.0366442 0.0809343
0 0.121943 0.613443 0.0494965 0.0849648
1 0.25315 0.621827 0.0425724 0.074844
0 0.505745 0.624539 0.0368909 0.0883422
0 0.679618 0.392287 0.0316719 0.0734698
0 0.519674 0.466769 0.0332837 0.0735955
0 0.727334 0.623377 0.0416498 0.081623
0 0.78811 0.275473 0.0310514 0.0546107
0 0.0593606 0.732787 0.0544748 0.0747067
0 0.614734 0.619163 0.0353418 0.0825415
0 0.455451 0.468252 0.0322563 0.0758347
0 0.250402 0.400446 0.0382414 0.0638582
1 0.284921 0.289241 0.0338137 0.0664821
0 0.712174 0.4648 0.0358887 0.0677809
0 0.351454 0.39989 0.0359786 0.0580341
0 0.376501 0.286648 0.0330664 0.0642069
0 0.58331 0.465204 0.0306028 0.0717659
0 0.651311 0.624336 0.0371048 0.0827562
0 0.465459 0.395048 0.0327444 0.0617251
0 0.761426 0.27681 0.02774 0.0633761
0 0.495476 0.394297 0.0329577 0.0616583
0 0.58947 0.282389 0.0300537 0.0580857
0 0.614323 0.46557 0.0287538 0.0717399
0 0.151909 0.616853 0.047105 0.0809017
0 0.506016 0.285538 0.0260527 0.0550853
0 0.231734 0.45958 0.0393124 0.0863116
0 0.681162 0.465334 0.0313133 0.0700174
0 0.561187 0.2812 0.0251625 0.0540339
0 0.404264 0.28878 0.0277231 0.0592566
1 0.336406 0.46814 0.0302445 0.0842341
0 0.672763 0.27904 0.0279186 0.0542841
1 0.175541 0.460409 0.037122 0.0775465
1 0.290716 0.464925 0.0388104 0.0821661
1 0.335825 0.289018 0.0339259 0.0642354
1 0.876224 0.620746 0.049852 0.0884704
0 0.42958 0.288889 0.0257685 0.0636254
0 0.454601 0.287922 0.026512 0.0642961
0 0.480179 0.287951 0.0286489 0.0608142
1 0.302185 0.616928 0.0398383 0.0725332
0 0.234974 0.287778 0.0363786 0.0622918
0 0.436075 0.395596 0.0347521 0.0597186
0 0.551886 0.464255 0.0266727 0.0698634
0 0.619046 0.281356 0.024519 0.0594343
0 0.701265 0.278802 0.0262412 0.0527297
1 0.408075 0.394486 0.0333179 0.0572756
0 0.583304 0.394907 0.0302162 0.0625365
0 0.521889 0.394366 0.0310423 0.061727
