0 0.137799 0.740829 0.053702 0.0844262
0 0.257682 0.738315 0.0534153 0.0882172
0 0.614473 0.392947 0.0346485 0.0650684
0 0.0950401 0.738995 0.0552875 0.0841909
0 0.299779 0.736312 0.0527641 0.0799672
0 0.219583 0.617096 0.0425593 0.0798473
0 0.313057 0.404036 0.0377999 0.062023
0 0.774139 0.39366 0.038357 0.0757602
0 0.176128 0.741399 0.0584665 0.0882756
0 0.647635 0.389916 0.0307317 0.0705331
0 0.343844 0.74206 0.0526095 0.0797916
0 0.779616 0.464025 0.0392673 0.0731636
0 0.218232 0.739342 0.0547016 0.0917757
0 0.436628 0.398433 0.0347427 0.0591883
0 0.33621 0.469874 0.0317814 0.0828524
0 0.68166 0.467889 0.0310449 0.0720037
0 0.579009 0.624112 0.0364693 0.0844929
0 0.428754 0.464925 0.0372354 0.0825077
0 0.372414 0.621283 0.0472659 0.0841043
0 0.615113 0.623318 0.0347417 0.0841676
0 0.875832 0.622922 0.0487011 0.0898427
0 0.205181 0.463347 0.0442501 0.0803692
0 0.386758 0.748917 0.0520254 0.0851891
0 0.289899 0.466552 0.0366258 0.080401
0 0.651302 0.625592 0.0371749 0.0843186
0 0.466127 0.398067 0.0348112 0.06277
0 0.506077 0.626101 0.0373143 0.0882677
0 0.489936 0.470643 0.0317302 0.0728615
0 0.471581 0.622782 0.0369144 0.0824905
0 0.404936 0.621529 0.0409694 0.0808326
0 0.584343 0.467703 0.0312979 0.0721791
0 0.496632 0.396927 0.0332195 0.0611215
0 0.813389 0.466833 0.0360142 0.0688523
0 0.187703 0.619755 0.045327 0.0791526
0 0.761917 0.280193 0.0283291 0.066052
0 0.850175 0.461241 0.0436977 0.0750645
1 0.253264 0.622415 0.042992 0.0749781
0 0.520519 0.468881 0.0342346 0.0730631
0 0.456618 0.470952 0.0306576 0.0745407
0 0.198836 0.403658 0.042371 0.0599642
0 0.439698 0.623264 0.0414666 0.0825813
0 0.376408 0.403591 0.0353466 0.0603675
0 0.806114 0.390931 0.0333549 0.0717648
0 0.710555 0.39158 0.0359921 0.0716871
0 0.74132 0.392148 0.0322045 0.0703703
0 0.764843 0.626102 0.0410809 0.0907194
0 0.54232 0.623506 0.0359959 0.0808149
0 0.728378 0.626691 0.0420803 0.084486
0 0.53347 0.286862 0.026649 0.0568684
0 0.689976 0.628394 0.041411 0.0866729
0 0.674025 0.28195 0.0284876 0.0544984
0 0.839284 0.392268 0.0374249 0.0669645
0 0.429665 0.743833 0.0486954 0.0807158
0 0.338635 0.618276 0.0397887 0.0785256
0 0.746991 0.467406 0.0326824 0.0722411
0 0.471034 0.747631 0.0431938 0.0876368
0 0.644176 0.282515 0.0264602 0.0552702
0 0.839154 0.624828 0.04179 0.0929127
0 0.590112 0.283935 0.0294489 0.05859
0 0.260412 0.291023 0.0359519 0.0655156
0 0.511203 0.749225 0.0461023 0.0877234
0 0.285396 0.291523 0.0342093 0.0666173
0 0.408724 0.398779 0.0342062 0.0606494
0 0.152361 0.619222 0.0447632 0.0790863
0 0.33625 0.291426 0.0355141 0.0649888
0 0.78826 0.277777 0.0312447 0.0552277
0 0.0598291 0.735575 0.0547738 0.0766465
0 0.36788 0.468299 0.041589 0.0837189
1 0.304811 0.619192 0.0412807 0.0724409
0 0.803036 0.628748 0.0448902 0.0945015
0 0.121839 0.616461 0.0460478 0.0837262
0 0.561902 0.28454 0.0251415 0.0542427
0 0.731899 0.28097 0.030011 0.0590998
0 0.23266 0.459989 0.0395454 0.086624
0 0.378051 0.288441 0.0340265 0.0640759
1 0.395629 0.470303 0.0369479 0.0784666
0 0.350971 0.402918 0.0350788 0.0589762
0 0.615275 0.467747 0.0282807 0.0712575
0 0.224719 0.401599 0.0419232 0.0640977
0 0.261493 0.467775 0.0408811 0.0790224
0 0.647512 0.467206 0.0311817 0.0723692
0 0.680177 0.394335 0.0312983 0.074114
0 0.31161 0.290437 0.0374996 0.0663273
0 0.554868 0.395857 0.0289507 0.0652416
0 0.583627 0.396506 0.0298876 0.0609745
0 0.712482 0.467586 0.0357566 0.0687553
0 0.522753 0.396934 0.0308432 0.0596307
0 0.236505 0.288722 0.0373031 0.0620916
0 0.618668 0.282964 0.0254224 0.0599523
0 0.481383 0.289004 0.0285419 0.0603369
0 0.552858 0.466451 0.0274535 0.0682285
0 0.816495 0.275538 0.0360786 0.0623127
0 0.430409 0.290398 0.0262265 0.0640596
0 0.702324 0.280848 0.0279391 0.0529707
0 0.405671 0.289656 0.0253915 0.0609573
0 0.281953 0.401007 0.0400334 0.061237
0 0.506417 0.287978 0.0261257 0.0545435
0 0.252055 0.402292 0.0386296 0.0651219
0 0.455839 0.289722 0.026209 0.0651491
0 0.176668 0.460212 0.035693 0.0771813
