1 0.481407 0.289116 0.0301494 0.0563026
1 0.61605 0.396318 0.0330986 0.0641468
1 0.253683 0.618709 0.042445 0.074661
1 0.312738 0.289967 0.0365897 0.062443
1 0.339125 0.742847 0.0459933 0.0820305
1 0.305712 0.61858 0.0401427 0.0738251
1 0.505552 0.2884 0.0314235 0.0574468
1 0.4615 0.469281 0.036844 0.0721353
1 0.559716 0.286437 0.0313604 0.0566381
1 0.188144 0.618906 0.0456171 0.0757624
1 0.583577 0.467371 0.0332665 0.0688857
1 0.677073 0.39502 0.0312811 0.0654907
1 0.336517 0.619374 0.0444662 0.0740252
1 0.553668 0.467433 0.0318719 0.0689954
1 0.260964 0.290543 0.0378051 0.0628407
