0 0.137831 0.738701 0.0542958 0.0846706
0 0.257871 0.736986 0.0530237 0.0871165
0 0.774021 0.391778 0.0381681 0.075859
0 0.312704 0.4032 0.037397 0.0618336
0 0.779523 0.463196 0.0394781 0.0728746
0 0.290733 0.465729 0.0380776 0.081613
0 0.375659 0.401526 0.0360334 0.0625126
0 0.187892 0.61959 0.0456823 0.0790916
0 0.299705 0.73464 0.0531389 0.0801505
0 0.205422 0.462724 0.0453451 0.0820339
0 0.252556 0.621046 0.0430382 0.0777245
0 0.647243 0.388225 0.0308689 0.0726537
0 0.218952 0.61669 0.0423662 0.0803489
0 0.0946796 0.737448 0.0571269 0.0851998
0 0.217996 0.736783 0.0551288 0.0909717
0 0.372484 0.619868 0.0479747 0.0846938
0 0.613775 0.391422 0.0350163 0.065927
0 0.456544 0.469279 0.03148 0.0756731
0 0.176678 0.7393 0.0584941 0.08882
0 0.436232 0.395973 0.0345381 0.0592814
0 0.520152 0.467351 0.0336691 0.0717722
0 0.405107 0.620985 0.0419481 0.0801271
0 0.764335 0.625106 0.0408022 0.090166
0 0.22381 0.400025 0.0418385 0.0626266
0 0.710505 0.389392 0.0356268 0.0734059
0 0.5423 0.621729 0.0366509 0.081632
0 0.46604 0.396412 0.0343685 0.0636492
0 0.343688 0.738602 0.0519955 0.0782875
0 0.533399 0.285614 0.0269432 0.0567791
0 0.788445 0.276631 0.0309918 0.0538704
0 0.489949 0.469288 0.031895 0.0736881
0 0.260186 0.289982 0.0353511 0.0640859
0 0.386782 0.74586 0.0529369 0.0839954
0 0.647209 0.465429 0.0312954 0.0716473
0 0.746792 0.466215 0.033189 0.0732303
0 0.429197 0.742422 0.0489731 0.0817169
0 0.681226 0.46625 0.0312257 0.071011
0 0.584079 0.466484 0.0316687 0.0713264
0 0.57884 0.622176 0.036408 0.0857456
0 0.876027 0.622165 0.0497753 0.088855
0 0.644297 0.281465 0.025704 0.0550731
0 0.813369 0.465185 0.0356209 0.0681103
0 0.496289 0.395811 0.0327723 0.0615987
0 0.816911 0.27426 0.0364017 0.0607669
0 0.838631 0.62438 0.0417606 0.0881853
0 0.427982 0.463398 0.0375285 0.0842459
0 0.408479 0.395976 0.0340861 0.0591053
0 0.689353 0.628005 0.0414805 0.0873016
0 0.761939 0.278553 0.0281119 0.0649064
0 0.849405 0.458824 0.0419041 0.0751648
0 0.505938 0.62496 0.0367275 0.0876478
0 0.741024 0.390353 0.0327552 0.0709356
0 0.471898 0.620759 0.0370899 0.0803314
0 0.727664 0.625079 0.0422134 0.0817614
0 0.198525 0.401742 0.0416658 0.0579876
0 0.336077 0.468851 0.032486 0.0849049
0 0.439892 0.621301 0.0407148 0.0804446
0 0.73169 0.280531 0.0300688 0.0582646
0 0.802568 0.628581 0.0452658 0.0939666
0 0.561127 0.282506 0.0249691 0.0548641
0 0.712363 0.46603 0.0355465 0.0680327
0 0.650863 0.623927 0.0365916 0.0818732
0 0.470589 0.743139 0.0428898 0.0831202
0 0.510934 0.747395 0.045529 0.0852375
0 0.285111 0.290358 0.0336041 0.065889
0 0.614827 0.619993 0.0349627 0.0829941
0 0.232178 0.459038 0.0392229 0.0883106
0 0.553694 0.393842 0.0296696 0.0693962
0 0.337659 0.615466 0.0403172 0.0786676
0 0.583025 0.39595 0.0295637 0.0621039
0 0.806008 0.389188 0.0331976 0.0727228
0 0.0594475 0.733183 0.0536095 0.0759724
0 0.59025 0.282648 0.029827 0.0591723
0 0.280842 0.400361 0.039146 0.0601327
0 0.260908 0.467469 0.0411084 0.0820524
0 0.311944 0.289033 0.037703 0.0660022
0 0.36892 0.466588 0.0421694 0.0817193
0 0.336292 0.290301 0.0344215 0.0638577
0 0.83876 0.390469 0.0371792 0.0653852
1 0.304123 0.616466 0.0407305 0.07023
0 0.679938 0.393248 0.0313129 0.0746008
0 0.614877 0.46663 0.0289389 0.0714203
0 0.522074 0.395058 0.0312169 0.0617507
0 0.377936 0.287894 0.0332444 0.0613997
0 0.236189 0.287609 0.0356958 0.0601427
0 0.672968 0.281325 0.0284567 0.053584
0 0.480896 0.288207 0.0288221 0.0604166
0 0.15029 0.617596 0.0475366 0.0811885
0 0.40467 0.290291 0.0273655 0.0588154
0 0.618868 0.281758 0.0255131 0.0596282
0 0.506614 0.286615 0.0258361 0.0549832
0 0.250759 0.400658 0.0385187 0.0636711
0 0.552121 0.465171 0.0278338 0.0673988
1 0.395304 0.467929 0.0367131 0.0770808
0 0.701899 0.279921 0.028346 0.0518962
0 0.430005 0.289689 0.0261866 0.0640968
0 0.351328 0.401123 0.0353727 0.0586708
0 0.455194 0.288204 0.0263579 0.0646534
0 0.176401 0.459685 0.0363456 0.0777389
0 0.121212 0.615128 0.0459272 0.0841524
0 0.026083 0.731383 0.0485401 0.0707183
