0 0.138771 0.739055 0.0533924 0.0847969
0 0.258309 0.737639 0.053084 0.0884295
0 0.779291 0.464223 0.0390566 0.0728105
0 0.312956 0.403846 0.0379924 0.0616
0 0.773623 0.39239 0.0383041 0.0758957
0 0.405285 0.620829 0.0413904 0.0798721
0 0.218951 0.737523 0.0554667 0.0928009
0 0.299667 0.734391 0.0534658 0.0801918
0 0.372331 0.620174 0.0476994 0.0870431
0 0.64714 0.388281 0.0303735 0.0719851
0 0.177506 0.739853 0.0587502 0.0893226
0 0.375728 0.402353 0.0356704 0.0601264
0 0.205348 0.462668 0.0449643 0.0820824
0 0.578811 0.623456 0.0364799 0.0857808
0 0.42823 0.46462 0.0369456 0.082787
0 0.435585 0.396526 0.0350138 0.0597402
0 0.290249 0.466869 0.0382425 0.0819501
0 0.456244 0.469891 0.0307651 0.0760004
0 0.188367 0.619664 0.0459253 0.0789673
0 0.0949647 0.737065 0.0571749 0.0850088
0 0.84983 0.460206 0.0428402 0.0758418
0 0.387149 0.747006 0.0515274 0.0842821
0 0.613895 0.391626 0.0349175 0.0653485
1 0.337258 0.617049 0.0412236 0.0795076
0 0.805843 0.390367 0.0331877 0.0713751
0 0.764144 0.626025 0.0413389 0.0904979
0 0.2196 0.617006 0.0420509 0.0803568
0 0.344684 0.739524 0.0524649 0.0794768
0 0.49004 0.469364 0.0321533 0.0740566
0 0.643962 0.282648 0.0256619 0.0553116
0 0.709699 0.389911 0.0359336 0.0723431
0 0.336081 0.47005 0.0312279 0.0841286
0 0.838181 0.391613 0.0369347 0.0662713
0 0.837833 0.625011 0.0414116 0.0899675
0 0.64712 0.466201 0.0310357 0.0730608
0 0.802714 0.628916 0.045072 0.093755
0 0.78824 0.27712 0.0313755 0.0543575
0 0.47152 0.622081 0.0366117 0.0815052
0 0.542353 0.621922 0.0363434 0.0801743
0 0.727412 0.625768 0.0416503 0.0826019
0 0.224116 0.400581 0.0408222 0.063398
0 0.39565 0.469454 0.0371266 0.0781054
0 0.506214 0.625364 0.0373096 0.0877154
0 0.747099 0.466874 0.0332359 0.0728832
0 0.368281 0.467602 0.0423938 0.0827711
0 0.589712 0.283635 0.0294287 0.0590497
0 0.740513 0.390447 0.0330023 0.0706682
0 0.812925 0.46585 0.0359709 0.0686281
0 0.680912 0.466856 0.0312267 0.0707249
0 0.583239 0.467006 0.0304794 0.0712033
0 0.43967 0.621963 0.0406342 0.0802005
0 0.42925 0.742108 0.0487716 0.0815958
0 0.689404 0.628632 0.0413332 0.0856502
0 0.260404 0.290677 0.0357576 0.0649842
0 0.510822 0.749374 0.0467883 0.0879892
0 0.198321 0.401675 0.041828 0.0583456
0 0.730889 0.280681 0.0299797 0.0574858
0 0.520157 0.46797 0.0337941 0.0731464
0 0.651071 0.625365 0.0366917 0.0821289
0 0.312234 0.289579 0.0370302 0.0659071
0 0.33615 0.290409 0.0345432 0.0645434
0 0.712154 0.466296 0.0363798 0.068424
0 0.496048 0.395715 0.0328892 0.0620031
0 0.285761 0.291103 0.0339927 0.0663107
0 0.232523 0.458848 0.0393787 0.0876756
0 0.614911 0.62075 0.0349505 0.0817143
0 0.470352 0.745894 0.0432379 0.0858118
0 0.553926 0.395608 0.0299011 0.0685091
0 0.465852 0.396372 0.0343277 0.0634528
1 0.56015 0.282537 0.0254711 0.0543316
0 0.377321 0.288131 0.0319203 0.0634941
0 0.253036 0.622341 0.0426973 0.0779898
0 0.679787 0.393573 0.0316444 0.0744587
0 0.408145 0.396704 0.0335906 0.058847
0 0.0599795 0.733771 0.0545358 0.0762718
0 0.532738 0.285727 0.026053 0.0551832
0 0.673316 0.282111 0.0280745 0.0541124
0 0.151965 0.618555 0.0463868 0.080068
0 0.122906 0.615587 0.045144 0.085036
0 0.614214 0.467146 0.0288058 0.0718569
0 0.522154 0.395415 0.0314293 0.0620797
0 0.817209 0.274601 0.0369564 0.0626962
0 0.761429 0.278789 0.0286962 0.0645569
0 0.583374 0.396325 0.0302378 0.0615541
0 0.235962 0.288642 0.0364252 0.0612748
0 0.250836 0.400843 0.0384902 0.0633436
0 0.506068 0.287201 0.0257141 0.0542159
0 0.350926 0.402082 0.0353657 0.0582348
0 0.261012 0.467287 0.0401987 0.0819887
0 0.28078 0.401267 0.0392948 0.059795
0 0.480941 0.288685 0.0287428 0.0598032
1 0.875296 0.621638 0.0484795 0.0891684
0 0.30247 0.619434 0.0394681 0.070056
0 0.429889 0.289537 0.0263655 0.0634367
0 0.404443 0.290257 0.0278769 0.0582791
0 0.701347 0.28066 0.0263483 0.0515356
0 0.455515 0.288665 0.0263695 0.0655628
0 0.61869 0.283127 0.0256618 0.0600104
0 0.17654 0.460286 0.0371996 0.0776503
0 0.55217 0.465827 0.0273972 0.0677668
0 0.026746 0.732032 0.0495933 0.0711187
