1 0.139156 0.738902 0.0553491 0.0866854
0 0.613567 0.392409 0.0338879 0.0638486
0 0.2578 0.736752 0.0531394 0.0877274
0 0.0951265 0.737623 0.0565625 0.086305
0 0.177186 0.739272 0.0589948 0.0905675
1 0.372499 0.621605 0.0503421 0.0850342
0 0.377135 0.402358 0.0354029 0.0585606
0 0.21809 0.73633 0.0546937 0.0924479
1 0.349565 0.402635 0.0363729 0.0585338
0 0.299704 0.734382 0.0526248 0.0800275
1 0.847917 0.461444 0.0425415 0.0755175
1 0.395882 0.470125 0.0377532 0.0798516
0 0.429599 0.741618 0.0497807 0.080865
0 0.51992 0.468222 0.0328306 0.0729406
0 0.197846 0.400618 0.0412245 0.0608858
1 0.709486 0.390807 0.0367222 0.0718641
1 0.466851 0.397299 0.0352292 0.063802
1 0.496354 0.396234 0.0319782 0.0595892
1 0.252228 0.622741 0.0430446 0.0756909
1 0.217861 0.617469 0.0427249 0.0786993
0 0.386553 0.746687 0.051768 0.0827067
0 0.470709 0.744372 0.0428055 0.0851507
1 0.583064 0.397724 0.0302157 0.0613925
1 0.405603 0.622811 0.0419123 0.0794266
1 0.583445 0.467682 0.0320543 0.071418
1 0.186508 0.619571 0.0429006 0.0780951
1 0.673693 0.282225 0.0280172 0.0542068
0 0.344112 0.739526 0.0519385 0.0782613
1 0.533381 0.286646 0.0266068 0.0585723
1 0.762967 0.626982 0.0399889 0.0883249
0 0.59037 0.283958 0.0295775 0.0603313
1 0.50669 0.624906 0.0369888 0.0871107
1 0.280833 0.40217 0.0391646 0.0604336
1 0.644244 0.282943 0.027681 0.0562593
0 0.838555 0.39243 0.0386023 0.065659
1 0.204707 0.462758 0.0435493 0.0817254
0 0.0596314 0.734057 0.0550379 0.0773094
1 0.727546 0.627064 0.0422592 0.0847708
1 0.779401 0.465681 0.0391152 0.0768414
0 0.689213 0.629872 0.0406052 0.0850517
1 0.489769 0.469489 0.0315044 0.0735817
1 0.812327 0.467288 0.035607 0.0695622
1 0.436253 0.397431 0.0341144 0.0582566
0 0.312903 0.404023 0.0374845 0.061939
1 0.337551 0.617202 0.0404816 0.0786064
0 0.285841 0.291799 0.0345024 0.0655963
0 0.480753 0.289932 0.0281237 0.0592664
0 0.152814 0.619267 0.045428 0.0775677
1 0.260648 0.466787 0.0393231 0.079431
1 0.787307 0.278293 0.0308786 0.0560097
1 0.646995 0.465638 0.0314163 0.0731726
1 0.761571 0.279203 0.0280305 0.0677846
0 0.741553 0.391772 0.0324121 0.0703248
1 0.772975 0.394108 0.0363401 0.074758
1 0.236007 0.290485 0.036929 0.0626164
1 0.289026 0.466041 0.0362246 0.080073
1 0.302049 0.619309 0.0402939 0.0712112
1 0.36772 0.468709 0.0436422 0.0828714
1 0.223875 0.400613 0.0396944 0.0640499
0 0.408377 0.398187 0.0333122 0.0573916
1 0.543505 0.620941 0.0368318 0.0785397
1 0.616224 0.621603 0.034914 0.0848021
1 0.428897 0.465249 0.037224 0.0823822
1 0.802156 0.629642 0.0469206 0.0928587
1 0.439447 0.623461 0.042103 0.0806256
1 0.260047 0.292754 0.0342674 0.0649906
1 0.838039 0.626564 0.0411331 0.0885607
1 0.311709 0.29102 0.0378264 0.0648516
1 0.805421 0.391531 0.0337628 0.0707604
1 0.511552 0.749273 0.045857 0.0868143
1 0.614772 0.467665 0.0284951 0.0720145
1 0.875041 0.623444 0.0480503 0.0882185
1 0.45654 0.470389 0.03043 0.0763313
1 0.579681 0.622955 0.0362299 0.0855535
1 0.560719 0.283232 0.0251569 0.0549652
1 0.681339 0.4675 0.0316669 0.0718349
0 0.177072 0.462602 0.0388751 0.079055
1 0.336241 0.469024 0.0319468 0.0861988
1 0.646254 0.388974 0.0310982 0.0714712
1 0.506486 0.28773 0.0255465 0.0555289
0 0.124722 0.616076 0.0426857 0.0806896
1 0.651546 0.624809 0.0361275 0.0805447
1 0.25141 0.401625 0.039039 0.0625275
1 0.232047 0.462413 0.039679 0.0825031
1 0.377747 0.288142 0.0327601 0.0623064
1 0.746511 0.467181 0.0325611 0.0717016
1 0.472433 0.622651 0.0367748 0.0816771
1 0.403805 0.290894 0.0259575 0.0597228
1 0.679941 0.394469 0.0311783 0.0745762
1 0.712146 0.466424 0.0356974 0.0681896
0 0.455134 0.290205 0.0268157 0.0618248
1 0.815719 0.275798 0.0364347 0.0624202
1 0.731626 0.280938 0.0295545 0.0607383
1 0.554412 0.396447 0.0284739 0.0664823
1 0.33753 0.290446 0.0348166 0.0619485
0 0.551444 0.466107 0.0274584 0.0671641
0 0.429555 0.291591 0.0267017 0.06249
1 0.701396 0.280617 0.0274889 0.0514265
1 0.61899 0.283846 0.0242727 0.0603872
0 0.522348 0.396863 0.0315065 0.0609873
0 0.172193 0.402124 0.0401613 0.056669
1 0.124153 0.616035 0.0442574 0.0811213
0 0.0265086 0.731293 0.049097 0.0710907
