1 0.340108 0.291549 0.0350516 0.0619695
1 0.187508 0.618464 0.0452313 0.0777432
1 0.336739 0.620735 0.0456632 0.0751642
1 0.645237 0.393 0.033266 0.0672546
1 0.716407 0.467323 0.0342984 0.0718884
1 0.37583 0.290776 0.0300216 0.0619103
1 0.615301 0.394802 0.0334749 0.0644607
1 0.542571 0.623472 0.0366483 0.0787414
1 0.440157 0.621702 0.0422481 0.0802348
1 0.427838 0.290366 0.029528 0.0601259
1 0.401581 0.290712 0.029625 0.0613761
1 0.510392 0.622839 0.040487 0.0787631
1 0.370614 0.620661 0.0420011 0.0752797
1 0.838583 0.392296 0.0365264 0.0659488
1 0.312728 0.291782 0.0366976 0.0619975
1 0.556734 0.397266 0.032403 0.0604134
1 0.306538 0.406081 0.039736 0.0583295
1 0.453967 0.289892 0.0287337 0.0586539
1 0.581512 0.622592 0.0378421 0.0810632
1 0.218886 0.618858 0.0440854 0.076866
1 0.262659 0.291231 0.0369673 0.0620863
1 0.259523 0.742883 0.0502527 0.0831255
1 0.615519 0.622647 0.0365366 0.0823225
1 0.818649 0.466119 0.034849 0.0731119
1 0.615028 0.467451 0.0363388 0.0735998
1 0.437524 0.398183 0.0339898 0.0563505
1 0.136693 0.743068 0.0496999 0.0781312
1 0.406145 0.621638 0.0435174 0.0782071
