0 0.137881 0.739388 0.0545503 0.0856203
0 0.257627 0.737421 0.0537185 0.0884697
0 0.774012 0.39281 0.0377626 0.0754612
0 0.375852 0.401895 0.0356924 0.061597
0 0.299312 0.7349 0.0531884 0.081464
0 0.647713 0.388068 0.0305958 0.0727171
0 0.31295 0.404222 0.0379044 0.062447
0 0.0944569 0.737956 0.0559563 0.0857844
0 0.779575 0.463923 0.0391138 0.072368
0 0.372571 0.620954 0.0494242 0.0855618
0 0.176484 0.739683 0.0590361 0.089933
0 0.614421 0.390877 0.0349234 0.0667967
0 0.489945 0.46927 0.0322218 0.074449
0 0.579129 0.623845 0.0366295 0.0867058
0 0.33779 0.616501 0.0404766 0.0790018
0 0.218576 0.737212 0.0555553 0.0943584
0 0.542415 0.621777 0.0367144 0.0807358
0 0.290354 0.466403 0.0379416 0.0810776
1 0.471561 0.622363 0.0370071 0.0810806
0 0.764527 0.626242 0.0407763 0.0894957
0 0.533268 0.286064 0.0265473 0.0571019
0 0.336259 0.469774 0.0317986 0.0830439
0 0.187999 0.619107 0.0458995 0.080307
0 0.710604 0.389231 0.035458 0.0743372
0 0.430019 0.742441 0.0502916 0.0829955
0 0.204845 0.462356 0.04469 0.0827666
0 0.644237 0.282807 0.0257912 0.0553615
0 0.386903 0.747078 0.0520813 0.0845684
0 0.762039 0.279419 0.0279339 0.0655841
0 0.584305 0.466468 0.0311872 0.0707017
0 0.456336 0.469453 0.0309581 0.0756449
0 0.788824 0.27741 0.0312473 0.0546688
0 0.876373 0.622808 0.049876 0.0896631
0 0.223931 0.400852 0.0402883 0.0635629
0 0.404808 0.620969 0.0410839 0.0795076
0 0.61497 0.621809 0.0350096 0.0822099
0 0.218525 0.616737 0.0413095 0.0800968
0 0.344456 0.739265 0.0527683 0.0797368
0 0.850464 0.459822 0.0434677 0.0754351
0 0.506097 0.624869 0.0366414 0.0871725
0 0.436115 0.39653 0.0344428 0.0597439
0 0.428321 0.464231 0.0375751 0.0835745
0 0.747269 0.466785 0.0329482 0.0722109
0 0.0594351 0.734924 0.0554108 0.0778916
0 0.806112 0.390072 0.0333895 0.0720664
0 0.395548 0.469557 0.0372581 0.0783421
0 0.727978 0.626695 0.0422512 0.0825287
0 0.838813 0.624776 0.0418377 0.0890275
0 0.813635 0.466049 0.0357595 0.0688637
0 0.647603 0.466261 0.0310757 0.0725826
0 0.741051 0.390903 0.032832 0.0708677
0 0.368218 0.467771 0.041824 0.0822697
0 0.681303 0.4669 0.0313894 0.0710395
0 0.689637 0.629618 0.0415804 0.0851227
0 0.285458 0.290905 0.0335568 0.0663142
0 0.260105 0.290562 0.0349524 0.0650423
0 0.51102 0.748532 0.0463912 0.0884483
0 0.520393 0.467951 0.0339851 0.0732953
0 0.439976 0.622204 0.0411775 0.0802076
0 0.311952 0.289475 0.0371999 0.0656997
0 0.466312 0.396383 0.0344957 0.0640978
0 0.651103 0.625407 0.0369835 0.0828514
0 0.470822 0.744832 0.0424034 0.0861368
1 0.252592 0.621583 0.0429901 0.0771605
0 0.839435 0.391136 0.0372421 0.067517
0 0.803123 0.629965 0.0454382 0.0942902
0 0.122168 0.616597 0.0464395 0.0836501
0 0.590352 0.283781 0.0293107 0.0593175
0 0.377318 0.288114 0.0321998 0.0647203
0 0.151943 0.618845 0.0470031 0.0800959
0 0.408681 0.396495 0.0339891 0.0593471
0 0.561473 0.283626 0.0251985 0.0544161
0 0.61504 0.466491 0.0288038 0.0708683
0 0.731815 0.281482 0.030296 0.0591302
0 0.673503 0.282165 0.0280925 0.0541615
0 0.817775 0.274588 0.0362642 0.0608321
0 0.496124 0.395899 0.0326464 0.0619538
0 0.336104 0.290772 0.0348154 0.0638398
0 0.712627 0.466569 0.0365331 0.0682267
0 0.235736 0.288663 0.0367748 0.0613706
0 0.198376 0.401868 0.0426239 0.0586514
0 0.554071 0.395347 0.0299156 0.0680253
0 0.583552 0.395884 0.0303354 0.0624077
0 0.232001 0.460202 0.0395243 0.087324
0 0.351114 0.40175 0.0353224 0.0589632
0 0.521981 0.395824 0.0313931 0.0612416
0 0.281153 0.401285 0.0391028 0.0596048
0 0.26096 0.467153 0.0406236 0.0811585
0 0.25008 0.401665 0.0376658 0.0641995
1 0.30281 0.618485 0.0408504 0.0708612
0 0.68022 0.39363 0.0309334 0.0749213
0 0.55272 0.465504 0.0274752 0.0676155
0 0.618828 0.283336 0.0254123 0.0600229
0 0.481207 0.288636 0.0286292 0.0600297
0 0.430176 0.290365 0.0264347 0.0640224
0 0.404556 0.29083 0.0276667 0.0590784
0 0.506544 0.287271 0.0258534 0.0550694
0 0.702166 0.280996 0.0277375 0.0524338
0 0.455889 0.289249 0.0262351 0.0652852
1 0.176167 0.460852 0.0362752 0.0778933
0 0.0260998 0.732176 0.0491857 0.0708742
