1 0.13831 0.73963 0.0562525 0.0859728
1 0.177389 0.739234 0.0578152 0.0886856
1 0.848741 0.459877 0.0433636 0.0759144
0 0.299232 0.734374 0.0528235 0.080898
0 0.0950854 0.738243 0.0552924 0.0845223
0 0.257915 0.736796 0.0531329 0.0876268
0 0.429593 0.7404 0.04974 0.0806759
1 0.312732 0.402618 0.0381539 0.0615135
1 0.647258 0.464644 0.0314596 0.0733613
0 0.387202 0.745185 0.0520912 0.0838758
1 0.740876 0.391631 0.0327425 0.0694683
1 0.312368 0.290035 0.036991 0.0668688
1 0.812916 0.466936 0.0362804 0.0681984
0 0.344789 0.738729 0.0523756 0.0788729
1 0.672765 0.281013 0.0280465 0.0542912
1 0.542037 0.621266 0.0363661 0.0797394
1 0.224028 0.399612 0.0407243 0.0628883
0 0.21884 0.736423 0.0543479 0.0917881
1 0.37709 0.400718 0.0350342 0.0618433
1 0.816583 0.274502 0.0364044 0.0616999
1 0.339357 0.614583 0.0403967 0.0775433
1 0.689441 0.627306 0.0408071 0.082679
1 0.408493 0.396485 0.0331404 0.0581197
1 0.651679 0.624952 0.036715 0.0822071
1 0.764493 0.626266 0.0407964 0.0895686
1 0.787578 0.27677 0.0314249 0.0562527
1 0.261848 0.46695 0.0405437 0.0800163
1 0.489239 0.468854 0.0323544 0.0744149
1 0.506072 0.624636 0.0373534 0.0879277
1 0.368572 0.467218 0.0424388 0.0810038
1 0.838015 0.62594 0.0417851 0.0896587
1 0.709752 0.391038 0.0349014 0.0714093
1 0.372625 0.618561 0.047342 0.0833006
1 0.614973 0.6204 0.0362673 0.0860897
1 0.518752 0.468007 0.0332729 0.0727461
1 0.188518 0.617614 0.0450565 0.0814756
1 0.614244 0.391278 0.0339315 0.0651277
1 0.221516 0.615863 0.0429257 0.0795684
1 0.583549 0.39507 0.0307817 0.0628222
0 0.0592824 0.734921 0.0541215 0.0776386
1 0.405079 0.619412 0.0422932 0.0798008
1 0.495906 0.395935 0.0322969 0.0606266
0 0.510935 0.747396 0.046809 0.0876755
1 0.206532 0.461253 0.0449229 0.0832678
1 0.80236 0.628509 0.0458187 0.092098
1 0.583679 0.466334 0.0325009 0.0721018
1 0.350203 0.40102 0.0359206 0.0586379
1 0.154329 0.617434 0.0457112 0.081835
1 0.746677 0.46681 0.0324381 0.0708814
0 0.470325 0.743387 0.0421797 0.0850233
1 0.39629 0.467463 0.0382655 0.0780962
1 0.578664 0.621884 0.0367027 0.0832594
1 0.456224 0.468746 0.0313402 0.0757193
1 0.727121 0.62512 0.0414206 0.0826309
1 0.646397 0.388867 0.0312638 0.0708971
1 0.435893 0.396054 0.0342215 0.0594546
1 0.303444 0.616252 0.0399531 0.0709372
1 0.471292 0.621446 0.0366375 0.0828417
1 0.235891 0.288674 0.0367931 0.0602696
1 0.779029 0.463613 0.0393147 0.0737558
1 0.198193 0.399837 0.042823 0.0604799
1 0.773717 0.393397 0.0377995 0.0751759
1 0.481434 0.288737 0.0288927 0.0617268
1 0.876438 0.622736 0.0514698 0.090023
1 0.430308 0.290984 0.0256098 0.062411
1 0.4279 0.464934 0.036708 0.0801361
1 0.681679 0.466504 0.0320688 0.0720697
1 0.532559 0.286273 0.02615 0.0567695
1 0.71273 0.466243 0.0357584 0.0671215
1 0.466116 0.396186 0.0339024 0.0627583
1 0.23245 0.462206 0.0411178 0.0838339
1 0.590218 0.282728 0.0300503 0.0598374
1 0.614832 0.46665 0.0280872 0.071681
1 0.805221 0.390213 0.0340446 0.0685493
1 0.679629 0.393343 0.0308681 0.0746751
1 0.176366 0.461859 0.037458 0.0790911
1 0.439351 0.620997 0.0403883 0.0819004
1 0.506336 0.287002 0.0257717 0.0535007
1 0.285806 0.291022 0.0355583 0.0681994
1 0.253628 0.621231 0.0419951 0.0761861
1 0.643501 0.282011 0.0256439 0.056639
1 0.405073 0.290718 0.0277256 0.0583605
1 0.378011 0.287527 0.0328921 0.0642352
1 0.730886 0.28038 0.0298901 0.0596327
1 0.761013 0.27761 0.0271764 0.0663309
1 0.259804 0.290257 0.0361463 0.0654998
1 0.700348 0.2799 0.0271801 0.0521812
1 0.291184 0.465117 0.0373444 0.0791897
1 0.336973 0.468457 0.031174 0.0858355
1 0.560526 0.282427 0.0251093 0.0570825
1 0.55429 0.394689 0.0294832 0.0670867
1 0.280927 0.400069 0.0384657 0.0593642
1 0.251972 0.400386 0.0382627 0.0623731
1 0.522164 0.395207 0.0313217 0.0623158
1 0.838115 0.390993 0.0365211 0.067857
1 0.335671 0.290543 0.0339779 0.0632944
1 0.123972 0.615045 0.0480986 0.0836699
1 0.455235 0.288859 0.0264544 0.0639623
1 0.55145 0.465496 0.0277165 0.069768
1 0.619541 0.282501 0.0240852 0.0611146
0 0.0264913 0.732133 0.0493237 0.0734688
