1 0.25988 0.741969 0.0506579 0.0820497
1 0.186326 0.619356 0.0446121 0.0758631
1 0.219811 0.619366 0.0424209 0.0757452
1 0.336832 0.619767 0.0462622 0.0758167
1 0.439914 0.619927 0.0413732 0.0807872
1 0.371239 0.619292 0.03968 0.0767965
1 0.136826 0.74045 0.0504177 0.0780962
1 0.496681 0.399915 0.0300829 0.0605466
1 0.262657 0.291438 0.036216 0.0617103
1 0.453941 0.289467 0.0305206 0.058415
1 0.784308 0.46727 0.0379406 0.0713112
1 0.83818 0.393899 0.0361478 0.0664279
1 0.467213 0.400539 0.0318232 0.0617551
1 0.817654 0.466689 0.0358089 0.0715081
1 0.542234 0.623036 0.0356597 0.0759136
1 0.506565 0.288574 0.0302308 0.0577143
1 0.429523 0.743072 0.0433733 0.0762965
1 0.405258 0.619594 0.0408081 0.0788916
1 0.509929 0.622451 0.040278 0.0769529
