1 0.216828 0.619386 0.0416098 0.0742909
1 0.337486 0.620036 0.0430022 0.0732324
1 0.742275 0.396532 0.0335903 0.0649122
1 0.369677 0.620689 0.0390671 0.0761019
1 0.337704 0.29159 0.0336957 0.0616139
1 0.305621 0.620492 0.0408347 0.0708925
1 0.407396 0.621758 0.0442606 0.0809027
1 0.439592 0.622822 0.0397913 0.0803989
1 0.312617 0.29219 0.0352224 0.0617352
1 0.543753 0.624516 0.0363917 0.0793179
1 0.481443 0.289974 0.0305396 0.0563605
1 0.42637 0.290457 0.0282916 0.0588164
1 0.136218 0.741772 0.0522732 0.0787
1 0.234943 0.292173 0.0361943 0.06171
1 0.560082 0.2877 0.030629 0.0537283
1 0.708934 0.396328 0.0368959 0.0641989
1 0.490607 0.469144 0.0355031 0.0738946
1 0.185762 0.618893 0.0450355 0.0760202
1 0.507525 0.289395 0.0292879 0.0557774
1 0.713902 0.468784 0.0366446 0.0714222
1 0.521747 0.468919 0.0290104 0.0730528
1 0.81461 0.466962 0.0387676 0.0744753
1 0.260362 0.292489 0.0357214 0.0612897
1 0.645165 0.285455 0.0293803 0.0560549
1 0.375655 0.290898 0.0286519 0.0603378
1 0.773131 0.39693 0.0304711 0.0648596
1 0.401441 0.290724 0.028566 0.0596865
1 0.677947 0.396322 0.0306836 0.0626016
1 0.466287 0.40052 0.0324434 0.0573048
1 0.614447 0.397334 0.0315757 0.0573609
1 0.645687 0.397034 0.0313095 0.0587893
1 0.615927 0.47018 0.0340034 0.0692538
1 0.701161 0.284509 0.027631 0.0557882
1 0.510043 0.624094 0.0402111 0.079106
1 0.510697 0.748118 0.0442179 0.0774213
1 0.729398 0.283276 0.0288961 0.0562024
1 0.746838 0.468335 0.0342042 0.0727503
1 0.803068 0.397196 0.0342197 0.0641891
1 0.532796 0.288735 0.0286752 0.0551091
1 0.459321 0.468994 0.0358195 0.0749455
