1 0.494666 0.397873 0.0312245 0.0609215
1 0.36981 0.620468 0.0405079 0.0741865
1 0.74245 0.394613 0.0347088 0.0648993
1 0.336598 0.620535 0.0452215 0.0736526
1 0.428061 0.29029 0.0296958 0.058735
1 0.439693 0.621413 0.0402533 0.0775143
1 0.353191 0.406349 0.0329333 0.0561156
1 0.188371 0.619369 0.0442703 0.0756706
1 0.379878 0.406024 0.031494 0.057112
1 0.679255 0.39501 0.0340477 0.0636483
1 0.712949 0.467652 0.0383984 0.0723537
1 0.335044 0.292313 0.033869 0.0623318
1 0.454225 0.289821 0.0302563 0.0585498
1 0.521515 0.469314 0.0300614 0.074158
1 0.217303 0.619989 0.0420268 0.0731641
1 0.283989 0.291138 0.0349523 0.0616191
1 0.480463 0.289198 0.0299007 0.0581351
1 0.837782 0.393224 0.0386364 0.067106
1 0.613581 0.622808 0.0401222 0.0816882
1 0.466252 0.398811 0.0317191 0.0597156
1 0.759022 0.282976 0.0323077 0.0571568
1 0.778675 0.465861 0.0325565 0.0682722
1 0.31014 0.291527 0.035424 0.0618463
1 0.472898 0.621991 0.0342886 0.0775224
1 0.40753 0.405523 0.0339655 0.0577646
1 0.648199 0.469371 0.0286372 0.0719008
1 0.407114 0.620697 0.0439394 0.0773508
1 0.709384 0.394697 0.0373456 0.0639347
1 0.210465 0.289807 0.0386588 0.0644051
1 0.554137 0.395128 0.0313202 0.0628527
1 0.137217 0.741499 0.0493724 0.0795636
1 0.366106 0.469344 0.037609 0.0814456
1 0.212818 0.740637 0.0479969 0.0793061
1 0.647787 0.396022 0.0312326 0.0640106
1 0.532336 0.28774 0.0302092 0.0573397
1 0.645327 0.285692 0.0294771 0.057438
1 0.510168 0.748041 0.0445251 0.0800469
1 0.157645 0.618614 0.0477857 0.0769388
1 0.260039 0.290947 0.0359596 0.0621339
1 0.303855 0.621302 0.0404345 0.0705086
1 0.560746 0.286653 0.0312531 0.0561873
1 0.489852 0.469006 0.0366509 0.0748207
1 0.376028 0.292222 0.0277905 0.0600369
1 0.505512 0.288482 0.0290405 0.0577494
1 0.728672 0.284911 0.0293 0.0562706
1 0.700859 0.286534 0.027118 0.0559371
1 0.235367 0.29031 0.0368339 0.0628968
1 0.806994 0.393286 0.0394216 0.0681831
1 0.261971 0.466279 0.0416959 0.0815341
