0 0.13841 0.739164 0.0538435 0.0852459
0 0.25845 0.737137 0.0536545 0.0876686
0 0.779137 0.463649 0.0382851 0.0721881
0 0.337674 0.616913 0.040415 0.0773783
0 0.0959496 0.737402 0.0558766 0.0844758
0 0.773392 0.392646 0.037991 0.0747638
0 0.372824 0.62097 0.0492612 0.08419
0 0.219011 0.736212 0.0559981 0.0925463
0 0.176797 0.738918 0.0592882 0.0871813
0 0.313159 0.40381 0.0375012 0.0616258
0 0.489805 0.468869 0.0321046 0.0734352
0 0.375688 0.401837 0.0360955 0.0612653
0 0.405143 0.620798 0.040937 0.0794662
0 0.578783 0.622554 0.0360942 0.0861773
0 0.5328 0.285712 0.0269188 0.0571805
0 0.38673 0.746359 0.0515302 0.0844991
0 0.188524 0.619564 0.0462023 0.0789785
0 0.300319 0.733923 0.0527167 0.079624
0 0.219555 0.616336 0.0427659 0.0801413
0 0.428363 0.464381 0.0368251 0.0830105
0 0.763962 0.625728 0.0411104 0.0895089
0 0.689421 0.627773 0.0413786 0.0851363
0 0.643932 0.281934 0.0254654 0.0550169
0 0.0604304 0.733221 0.0531683 0.0755271
0 0.223995 0.400305 0.0408939 0.0632807
0 0.71021 0.390095 0.0358215 0.0719674
0 0.83799 0.623942 0.0420443 0.0889587
0 0.34487 0.738298 0.05245 0.0786655
0 0.874782 0.620748 0.0490711 0.0881493
0 0.206027 0.462246 0.0450241 0.0811853
0 0.455963 0.469461 0.0306152 0.0759818
0 0.122939 0.614837 0.0470422 0.0859923
0 0.613834 0.391668 0.0351606 0.0650823
0 0.746598 0.465609 0.0328518 0.0721969
0 0.805339 0.39006 0.0336521 0.0714506
0 0.290624 0.465776 0.0376063 0.081644
0 0.506105 0.624779 0.037434 0.0877367
0 0.471182 0.621365 0.0351677 0.0806244
0 0.466054 0.396384 0.0339796 0.0635143
0 0.54233 0.62208 0.0368925 0.080764
0 0.336442 0.290078 0.0350944 0.063774
0 0.81241 0.465046 0.0362793 0.0677908
0 0.727341 0.625319 0.0418727 0.0818138
0 0.646871 0.389434 0.0303051 0.0712148
0 0.553559 0.394696 0.0298635 0.0683495
0 0.740605 0.390667 0.0329649 0.0699595
0 0.78822 0.276855 0.0318071 0.0547571
0 0.510734 0.748211 0.0466513 0.0867964
0 0.837622 0.391162 0.0371338 0.0662046
0 0.430224 0.739119 0.0499464 0.0796041
0 0.65126 0.62575 0.0368187 0.0821507
0 0.647126 0.465601 0.0308889 0.0715172
0 0.368721 0.467138 0.0420721 0.0820986
0 0.439573 0.621887 0.0413445 0.0804645
0 0.395949 0.469031 0.037095 0.0777184
0 0.731337 0.280862 0.0303581 0.059872
0 0.253066 0.62173 0.0432414 0.0783228
0 0.336412 0.468756 0.0318028 0.0843309
0 0.584001 0.465988 0.0312757 0.0701431
0 0.436163 0.396237 0.0344906 0.0591558
0 0.260688 0.29005 0.035787 0.0651401
0 0.712119 0.465431 0.0361843 0.0677087
0 0.848843 0.458231 0.0424683 0.0768316
0 0.312199 0.288901 0.0373258 0.0660177
0 0.495991 0.396086 0.0322075 0.0617237
0 0.802092 0.627735 0.0446808 0.0936434
0 0.471027 0.743431 0.0420081 0.0839838
0 0.680868 0.466372 0.0311214 0.0713049
0 0.232456 0.459177 0.0389223 0.0872105
0 0.408432 0.396278 0.0338804 0.0588751
0 0.281274 0.400928 0.0392062 0.0592079
0 0.520036 0.467607 0.0337847 0.0726551
0 0.261302 0.466879 0.0402564 0.0812952
0 0.198357 0.401616 0.0423142 0.0585844
0 0.614771 0.620275 0.0355322 0.0816658
0 0.582952 0.39619 0.029594 0.0611283
0 0.302802 0.618225 0.0404813 0.071753
0 0.153001 0.618195 0.0455819 0.0804963
0 0.560795 0.282302 0.0250231 0.0547284
0 0.236157 0.28823 0.0363654 0.0615027
0 0.285679 0.290343 0.0330969 0.0664386
0 0.614593 0.466654 0.0289903 0.07115
0 0.679458 0.393411 0.031312 0.0739702
0 0.589492 0.282946 0.0290764 0.0587216
0 0.176844 0.460703 0.0377016 0.0780359
0 0.761795 0.278666 0.0287835 0.0650207
0 0.521891 0.395495 0.031479 0.0617641
0 0.377618 0.287746 0.0321405 0.0641549
0 0.250464 0.40105 0.0379797 0.0641857
0 0.404666 0.290018 0.0278539 0.0582493
0 0.672791 0.281377 0.0279495 0.0532352
0 0.81689 0.274083 0.0370224 0.0629876
0 0.350474 0.401692 0.036128 0.0586834
0 0.43009 0.289821 0.0263654 0.06315
0 0.505913 0.286842 0.0258643 0.0538825
0 0.45543 0.288068 0.0265802 0.0638579
0 0.480916 0.288303 0.0284937 0.0593992
0 0.618531 0.282565 0.0258812 0.0601035
0 0.701201 0.280662 0.0285985 0.0526383
0 0.552272 0.465322 0.027339 0.0673813
0 0.0274911 0.731072 0.0505299 0.0695823
