1 0.259558 0.740586 0.0519476 0.0820269
1 0.135327 0.741535 0.0520514 0.0796345
1 0.489211 0.468683 0.0364903 0.0737444
1 0.714083 0.46973 0.0363599 0.0712059
1 0.371061 0.621818 0.040529 0.0753648
1 0.376417 0.292738 0.028517 0.0631121
1 0.377527 0.405657 0.0340352 0.0592365
1 0.542667 0.62289 0.0367433 0.0802811
1 0.256829 0.621937 0.046809 0.071359
1 0.438677 0.623574 0.0402205 0.0784224
1 0.508492 0.622957 0.0397484 0.0794716
1 0.40597 0.622124 0.0417785 0.0788696
1 0.480216 0.290191 0.031411 0.0599913
1 0.309471 0.2934 0.035043 0.0647428
1 0.336032 0.621542 0.0448289 0.0739588
1 0.729596 0.283962 0.0281718 0.0544873
1 0.278399 0.405973 0.0363693 0.0584544
1 0.497388 0.400317 0.0299617 0.056347
1 0.468259 0.744504 0.0414412 0.0764162
1 0.584879 0.397372 0.0336296 0.0601172
1 0.506269 0.288932 0.0305908 0.0583677
1 0.616832 0.469325 0.0338809 0.0710754
1 0.427092 0.292445 0.0280768 0.0622171
1 0.679812 0.469571 0.0317338 0.0704708
1 0.589148 0.286533 0.0302602 0.0530539
1 0.562054 0.287224 0.0296628 0.0542498
1 0.40166 0.292489 0.0279707 0.0622544
1 0.309696 0.406066 0.0402191 0.0574244
1 0.759353 0.282822 0.0311844 0.0561887
1 0.582889 0.468955 0.0335572 0.0719507
1 0.452671 0.291685 0.0294703 0.0621239
1 0.815254 0.46648 0.0379804 0.072355
1 0.780012 0.467107 0.0379087 0.0718858
1 0.646443 0.285907 0.0276171 0.0546424
1 0.350558 0.406364 0.0307114 0.056875
