1 0.151367 0.617739 0.0475751 0.0834354
1 0.220598 0.616849 0.0424064 0.0792625
1 0.258837 0.736626 0.054468 0.088838
1 0.299943 0.733799 0.0523922 0.0808409
1 0.187217 0.617623 0.0464336 0.0823721
1 0.369737 0.468308 0.043054 0.081872
1 0.372644 0.619239 0.0503843 0.0834917
0 0.220618 0.737466 0.0526584 0.0917807
1 0.337775 0.616838 0.0406004 0.0790306
0 0.470479 0.742501 0.0414617 0.0847599
0 0.344955 0.738072 0.0533766 0.0794291
1 0.583948 0.466289 0.0311359 0.0701624
1 0.727139 0.62658 0.0425915 0.0828707
0 0.387305 0.745231 0.0516328 0.0837818
1 0.763726 0.626514 0.0399385 0.0889713
1 0.254159 0.621068 0.0417351 0.0765778
0 0.430121 0.7413 0.0507267 0.0812181
1 0.816403 0.274316 0.0356949 0.0609166
1 0.688755 0.629249 0.0402069 0.0847826
1 0.646192 0.465232 0.0310431 0.0716923
1 0.314234 0.402088 0.0393833 0.0670008
1 0.874926 0.623088 0.0488026 0.0887435
0 0.260869 0.29009 0.0347884 0.0633564
1 0.250586 0.400825 0.0403568 0.0623663
0 0.533214 0.286694 0.0259786 0.0565039
0 0.561523 0.28363 0.0251812 0.054857
1 0.837032 0.626067 0.0412268 0.0871916
0 0.286349 0.290466 0.0345003 0.0656799
1 0.353787 0.400885 0.0371622 0.0616248
1 0.590472 0.283519 0.0295416 0.0592784
1 0.176526 0.741051 0.0627445 0.0896394
1 0.650805 0.625847 0.0364719 0.0815875
1 0.50604 0.624327 0.0364801 0.0871387
1 0.778325 0.465229 0.0383535 0.0709538
0 0.0960612 0.738645 0.0544203 0.0826235
0 0.672936 0.280882 0.0279214 0.0544806
1 0.578482 0.622732 0.0367468 0.0851583
1 0.585624 0.395714 0.0297817 0.0644673
1 0.405787 0.619967 0.0415727 0.0806645
1 0.542125 0.621589 0.0358524 0.0817807
1 0.849331 0.46078 0.0415642 0.0739511
1 0.761415 0.277996 0.027824 0.0638399
1 0.801815 0.628791 0.044994 0.092045
1 0.234267 0.462699 0.0423627 0.0835855
1 0.519774 0.467857 0.0318503 0.0720341
0 0.739319 0.391511 0.033034 0.0719725
0 0.136963 0.740211 0.0521544 0.0845497
1 0.396365 0.46873 0.0380258 0.077352
1 0.522134 0.397283 0.0296669 0.0603784
1 0.614159 0.620583 0.0358177 0.0827959
1 0.511266 0.74749 0.0465965 0.085063
1 0.312591 0.289901 0.0374866 0.0661597
1 0.439867 0.62153 0.0412311 0.0816106
1 0.482337 0.289401 0.0283617 0.0627968
1 0.497217 0.398003 0.0324104 0.0598379
1 0.292033 0.466091 0.0368064 0.0768828
1 0.61438 0.392358 0.0342013 0.0635014
1 0.711765 0.466394 0.0355493 0.0664559
1 0.812964 0.466527 0.0344242 0.0673266
1 0.680617 0.393558 0.0301643 0.076567
1 0.457848 0.469851 0.0308449 0.0740147
1 0.411605 0.398364 0.034069 0.06085
1 0.471425 0.621344 0.0368108 0.0820963
1 0.490234 0.469439 0.0307049 0.0728956
1 0.303346 0.616996 0.0388156 0.0723421
0 0.0628901 0.73593 0.056584 0.0802771
0 0.804219 0.39191 0.0343041 0.0709758
1 0.466738 0.399211 0.0342484 0.0644402
1 0.701837 0.279059 0.0277343 0.053294
1 0.283011 0.399673 0.0426143 0.0629021
1 0.377347 0.401561 0.0353028 0.0636297
1 0.615139 0.466362 0.0271866 0.0701988
1 0.337559 0.290951 0.0339716 0.065646
1 0.746131 0.466814 0.0327312 0.0690176
1 0.429545 0.466013 0.0356525 0.0807426
1 0.551799 0.465745 0.0283615 0.0700897
1 0.118524 0.615017 0.0481202 0.0881422
1 0.336913 0.470023 0.0307294 0.0831566
0 0.771731 0.393745 0.0373756 0.0751269
0 0.455871 0.289404 0.0274378 0.0654217
1 0.377426 0.287558 0.0327603 0.0636496
1 0.206236 0.462261 0.0446993 0.0826893
0 0.237234 0.288139 0.0346643 0.0601282
1 0.262663 0.467817 0.0408473 0.0783262
1 0.42981 0.291092 0.0272612 0.0634858
1 0.680711 0.466645 0.0305176 0.0702176
1 0.175789 0.461996 0.0391672 0.0785338
1 0.787584 0.276615 0.0298121 0.0571394
1 0.731932 0.278454 0.029629 0.0571475
0 0.709963 0.39085 0.0337729 0.0725921
1 0.619899 0.282481 0.0239884 0.0591992
1 0.403714 0.289898 0.0271927 0.0615846
0 0.643878 0.28185 0.0258085 0.0552991
0 0.646684 0.389588 0.0317314 0.0729873
1 0.437122 0.399666 0.0336263 0.0608528
0 0.224336 0.400071 0.0395155 0.0613323
0 0.837123 0.392859 0.0381107 0.0687069
1 0.198451 0.400688 0.0430356 0.0607055
0 0.507206 0.28769 0.0255396 0.0540082
1 0.5546 0.397586 0.0302958 0.0661336
0 0.554824 0.396626 0.0306087 0.0692244
1 0.221425 0.400039 0.0426449 0.0608764
0 0.496291 0.398293 0.0318789 0.0600933
