1 0.137314 0.739093 0.0562463 0.0872831
1 0.177032 0.738759 0.059198 0.0900833
1 0.299874 0.734367 0.053104 0.0802633
0 0.336191 0.291138 0.0352657 0.0633821
1 0.49735 0.395701 0.0314115 0.061163
0 0.429307 0.741378 0.0499997 0.0806202
0 0.5901 0.284042 0.0293105 0.0586749
0 0.386608 0.746273 0.05224 0.0834002
1 0.690343 0.629716 0.0425045 0.0826223
1 0.0952763 0.738119 0.0545346 0.0867279
1 0.368192 0.467571 0.042071 0.0819234
1 0.709635 0.391362 0.035368 0.0720666
0 0.405173 0.622052 0.0419547 0.0786151
1 0.849065 0.459921 0.0421944 0.074775
0 0.34477 0.739005 0.0518357 0.0787249
1 0.372914 0.621985 0.0486785 0.083929
1 0.338933 0.61777 0.0421627 0.0796146
1 0.46653 0.396209 0.0350977 0.0658619
0 0.0584208 0.735594 0.0541625 0.0799305
1 0.813842 0.466518 0.0352226 0.068331
1 0.311897 0.290263 0.0358949 0.066112
1 0.728265 0.627304 0.0420723 0.0820257
1 0.253142 0.62348 0.0425262 0.0765228
1 0.583899 0.467069 0.0312182 0.0721973
0 0.219232 0.736916 0.0538543 0.091687
1 0.471149 0.743272 0.0435005 0.0848736
1 0.258203 0.737295 0.0546265 0.0874327
1 0.761335 0.278201 0.0276001 0.06466
1 0.312508 0.403413 0.0376094 0.0618834
1 0.741137 0.39209 0.0336595 0.0715236
1 0.439331 0.622906 0.0419024 0.08001
1 0.396175 0.46925 0.0374084 0.0781309
1 0.67322 0.281506 0.0279533 0.0530542
1 0.303166 0.617855 0.0410716 0.0726992
1 0.153974 0.617647 0.0462045 0.081716
1 0.470991 0.622646 0.0351166 0.081684
1 0.764598 0.626598 0.0412784 0.0893421
1 0.534042 0.286004 0.0262943 0.0560021
1 0.375639 0.40191 0.035511 0.0643019
1 0.281223 0.400895 0.0397683 0.0617662
1 0.519507 0.468068 0.0326899 0.0732014
1 0.236274 0.28886 0.0365587 0.0620477
1 0.285445 0.291662 0.0342366 0.067075
1 0.614709 0.621436 0.035157 0.0822765
1 0.806488 0.391973 0.0336016 0.0719787
1 0.875452 0.623375 0.0502493 0.0889606
1 0.646856 0.390118 0.0300999 0.0718822
1 0.647205 0.465955 0.0312872 0.0728477
1 0.489776 0.469571 0.0322731 0.0739958
1 0.481517 0.288491 0.0285337 0.0626839
1 0.456317 0.469654 0.0299665 0.0745474
1 0.430003 0.29082 0.0255899 0.0627894
1 0.731689 0.281062 0.0302363 0.0584222
1 0.506403 0.625686 0.037499 0.0873159
1 0.681536 0.468126 0.0324741 0.0712693
1 0.643693 0.281572 0.0264467 0.0546471
1 0.817395 0.275334 0.0355797 0.0619569
1 0.188029 0.619313 0.0471105 0.0805256
1 0.614595 0.39276 0.0339139 0.0638861
1 0.408791 0.397129 0.0334436 0.0596835
1 0.774602 0.394521 0.0386337 0.0758752
1 0.205285 0.462138 0.0433661 0.0818469
1 0.511347 0.747598 0.0455816 0.0849451
1 0.561011 0.283148 0.0247086 0.0544923
1 0.802669 0.62826 0.0458261 0.0905886
1 0.261675 0.467458 0.0409572 0.0792965
1 0.222635 0.400608 0.0419626 0.0614717
1 0.428274 0.465371 0.0373003 0.0820076
1 0.780048 0.464157 0.0406984 0.0774155
1 0.579346 0.62321 0.036651 0.0850662
1 0.542726 0.622565 0.0367844 0.0806934
1 0.788311 0.278319 0.0308926 0.0543938
1 0.615225 0.466748 0.0276222 0.0713892
1 0.260181 0.291149 0.0355357 0.0651295
1 0.378393 0.288327 0.0332935 0.0658749
1 0.290905 0.465293 0.0379284 0.0799255
1 0.522131 0.396994 0.0317364 0.0603287
1 0.196525 0.401098 0.0411432 0.059304
1 0.838666 0.625666 0.0408512 0.0861359
1 0.335804 0.468726 0.0316293 0.0839729
1 0.746679 0.467151 0.034104 0.0732719
1 0.651427 0.625742 0.0374428 0.0811429
1 0.220359 0.617416 0.0429017 0.0813788
1 0.68066 0.394968 0.0322603 0.0758083
1 0.176372 0.461503 0.0378811 0.0781645
1 0.455205 0.288982 0.0267745 0.0652991
1 0.43644 0.396768 0.0339232 0.060224
1 0.121781 0.615618 0.0470907 0.0833351
1 0.404899 0.290796 0.0276439 0.0583331
1 0.251179 0.40131 0.0405755 0.0633916
1 0.553248 0.396164 0.0289483 0.0653065
1 0.506989 0.287111 0.0258301 0.0551016
1 0.7126 0.466892 0.0350945 0.0662722
1 0.232603 0.461187 0.0401009 0.083009
1 0.838974 0.39181 0.0375984 0.0690616
1 0.583308 0.395701 0.0310504 0.0624936
1 0.552023 0.466446 0.0280499 0.0703817
1 0.619464 0.282851 0.0236009 0.0589613
1 0.35012 0.40171 0.0359233 0.0596817
1 0.701362 0.280423 0.0271432 0.0527371
1 0.0248876 0.735819 0.0477304 0.0767524
