1 0.138143 0.739883 0.0555214 0.0860634
0 0.367863 0.467451 0.0411066 0.0809486
0 0.0945745 0.737897 0.0563487 0.0850718
1 0.29804 0.736806 0.0531764 0.0814459
0 0.218458 0.617224 0.0416435 0.0799124
0 0.175162 0.740036 0.0601364 0.0911982
1 0.257557 0.738463 0.0533054 0.0873229
0 0.48932 0.469893 0.0327675 0.07282
0 0.774716 0.39212 0.0375118 0.0766307
0 0.344357 0.739923 0.0523437 0.0801399
1 0.689561 0.629011 0.0417286 0.0851157
0 0.218172 0.738421 0.0559528 0.0916276
1 0.373107 0.62057 0.0482781 0.083956
1 0.541904 0.621585 0.0370138 0.078363
0 0.506203 0.627606 0.0375928 0.0876253
0 0.614722 0.392922 0.0338543 0.0645342
0 0.387281 0.746228 0.0529352 0.0835138
0 0.511045 0.749647 0.0463954 0.0872923
0 0.742016 0.3911 0.03165 0.0699488
1 0.252955 0.623763 0.0421689 0.0742102
0 0.467242 0.397862 0.0343611 0.0632736
1 0.337822 0.61852 0.0408182 0.0780474
1 0.802624 0.62784 0.0456073 0.0939125
1 0.764587 0.626693 0.041054 0.0901791
1 0.520498 0.468061 0.0325008 0.0715599
1 0.680745 0.393867 0.031505 0.0737817
0 0.223146 0.40022 0.0415722 0.0625197
1 0.614671 0.622897 0.0346869 0.0842163
1 0.45619 0.47161 0.0304941 0.0736853
1 0.682127 0.467483 0.0315645 0.0714642
1 0.186561 0.620663 0.0469012 0.0783875
0 0.058208 0.733852 0.0542101 0.0762206
0 0.470106 0.746419 0.0419133 0.0855568
0 0.72763 0.624493 0.0417102 0.0829248
0 0.428871 0.744142 0.04851 0.0842946
1 0.849478 0.458589 0.0415499 0.0747417
0 0.710944 0.38942 0.0359983 0.0730933
1 0.471626 0.623641 0.0362888 0.0805098
1 0.335969 0.469644 0.0326839 0.083413
1 0.590599 0.283915 0.0295107 0.060134
0 0.644716 0.281836 0.0265557 0.0571813
0 0.395182 0.470253 0.0363033 0.0765054
0 0.578912 0.624514 0.0368624 0.0876771
1 0.585376 0.46748 0.0323154 0.0728645
1 0.311786 0.290379 0.0378798 0.0677105
1 0.175421 0.462822 0.0401325 0.078409
0 0.839744 0.390253 0.036232 0.0654096
0 0.807059 0.390009 0.0331446 0.0712584
0 0.876541 0.62227 0.0509533 0.0897491
1 0.377276 0.401977 0.0353967 0.0616192
1 0.406059 0.622406 0.0412193 0.0793873
1 0.350521 0.401694 0.0366897 0.0588104
1 0.747623 0.466511 0.0336546 0.0727403
0 0.647014 0.390325 0.0304027 0.0708304
1 0.731526 0.279643 0.0303242 0.0574478
1 0.428085 0.46801 0.0366545 0.0808834
0 0.4797 0.288246 0.0282185 0.0609815
1 0.454952 0.288347 0.0255165 0.0646505
1 0.121256 0.616247 0.0461811 0.0814632
1 0.650794 0.625548 0.0368672 0.0828739
1 0.781445 0.463845 0.0389687 0.0754778
1 0.496945 0.39767 0.0327083 0.0594479
1 0.647522 0.466049 0.030842 0.0739592
1 0.53321 0.285133 0.0268692 0.0574468
1 0.818354 0.275153 0.036961 0.0637296
1 0.260502 0.290267 0.0362135 0.0659844
1 0.429892 0.290072 0.0250361 0.0627515
1 0.260647 0.468379 0.0412638 0.0801694
0 0.286038 0.290686 0.0337112 0.0674207
1 0.281837 0.400972 0.0395134 0.0592231
0 0.619307 0.28259 0.024758 0.0600025
1 0.713503 0.466344 0.0346233 0.0682312
0 0.554837 0.394688 0.029067 0.0679381
0 0.561727 0.282591 0.0245795 0.0545079
1 0.440292 0.621642 0.0418896 0.080216
1 0.312604 0.404836 0.0373728 0.0627611
1 0.231698 0.463623 0.0418588 0.0838842
0 0.788472 0.277615 0.0315502 0.0561646
1 0.76188 0.278898 0.028315 0.0637077
1 0.814289 0.46454 0.0339529 0.0665731
1 0.25112 0.400971 0.0398997 0.0620227
1 0.552849 0.466092 0.0285547 0.0707203
1 0.290497 0.466155 0.037325 0.0794045
1 0.436952 0.397766 0.034437 0.0601221
1 0.378283 0.287483 0.0329086 0.062988
1 0.404675 0.290583 0.026792 0.0584023
1 0.1961 0.400287 0.0447439 0.0609622
0 0.583878 0.396721 0.0301277 0.0603662
1 0.523617 0.396544 0.0308979 0.0623544
1 0.839036 0.625 0.0436333 0.0904617
1 0.616205 0.467593 0.0268861 0.0720098
1 0.410841 0.397288 0.0331978 0.058443
1 0.302212 0.619104 0.0394327 0.0706837
1 0.1518 0.618865 0.0456304 0.0779684
1 0.505854 0.286601 0.0265766 0.0569849
0 0.702106 0.279314 0.0266552 0.0528954
1 0.20287 0.464101 0.0450474 0.0815647
0 0.673953 0.280826 0.0275166 0.055806
1 0.336793 0.290969 0.0351958 0.0671188
1 0.236019 0.287574 0.0357148 0.0601502
0 0.0257204 0.731153 0.0479583 0.0710163
