1 0.437597 0.621501 0.0416335 0.0753825
1 0.366827 0.619724 0.0410206 0.0746162
1 0.332916 0.289126 0.031317 0.0590927
1 0.71384 0.464547 0.0385651 0.0714845
1 0.335604 0.619108 0.0434061 0.0744441
1 0.707642 0.392739 0.0358321 0.0637592
1 0.216972 0.618781 0.0454359 0.0738645
1 0.739153 0.392221 0.0379177 0.0651855
1 0.535157 0.284175 0.0309639 0.0570445
1 0.508326 0.621651 0.0406804 0.078603
1 0.816392 0.463361 0.0399437 0.0756655
1 0.25866 0.739895 0.0512248 0.0842021
1 0.552669 0.390719 0.0313253 0.0649947
1 0.54329 0.622011 0.0374955 0.0772416
1 0.211349 0.741942 0.0514948 0.0807862
1 0.135261 0.741304 0.0521786 0.078724
1 0.490987 0.466804 0.0356262 0.0736735
1 0.253158 0.619466 0.0397817 0.0726705
1 0.184724 0.618633 0.0473605 0.0751842
1 0.64642 0.465331 0.031995 0.070301
1 0.364171 0.466303 0.0388023 0.0808464
1 0.405446 0.620748 0.0391077 0.075103
1 0.210153 0.287875 0.0395553 0.0631306
1 0.470929 0.621474 0.0382562 0.0770634
1 0.78195 0.464025 0.0373214 0.0727843
1 0.807008 0.389901 0.0388948 0.0674216
1 0.303307 0.619172 0.038217 0.0733893
1 0.582609 0.390648 0.033883 0.0643321
1 0.310119 0.288944 0.0348686 0.0595542
1 0.524655 0.392016 0.0305128 0.063862
