0 0.773185 0.391101 0.0381784 0.0763275
0 0.138433 0.737797 0.0546621 0.0858789
0 0.370482 0.620286 0.0493486 0.0867964
1 0.310912 0.289088 0.0366405 0.0652853
0 0.0952509 0.736126 0.0562042 0.0833928
0 0.838516 0.622991 0.0406021 0.0902192
0 0.682257 0.465996 0.0302139 0.0704674
0 0.813021 0.465348 0.0356434 0.0679505
1 0.336899 0.616334 0.0403981 0.0803703
0 0.405062 0.620737 0.0412231 0.0792042
1 0.746282 0.465822 0.0321461 0.0714401
0 0.578937 0.621864 0.0370024 0.0880268
1 0.34987 0.400305 0.0364361 0.0592637
1 0.466393 0.395898 0.0350021 0.0655377
0 0.511812 0.749361 0.0467617 0.0879978
0 0.387472 0.745383 0.0524026 0.083531
0 0.258767 0.736835 0.0542254 0.0884956
0 0.764234 0.625045 0.0411362 0.089543
0 0.690495 0.628842 0.0399685 0.0856317
1 0.222513 0.399955 0.0426965 0.0626134
0 0.615144 0.619268 0.0351812 0.0843525
0 0.709971 0.389712 0.0363444 0.0733863
0 0.218993 0.736799 0.0543259 0.0917187
0 0.260149 0.289945 0.0346567 0.0643967
1 0.253046 0.621794 0.0423225 0.0760162
0 0.177606 0.738966 0.0589181 0.08696
0 0.299787 0.734108 0.051698 0.0822861
1 0.802464 0.626818 0.0444471 0.0943427
0 0.541887 0.621474 0.0377829 0.0826128
1 0.202159 0.461743 0.0434274 0.0805666
0 0.471173 0.745565 0.0426447 0.0866467
0 0.0588572 0.732739 0.0532714 0.0755971
0 0.848595 0.458733 0.0415091 0.075329
0 0.439826 0.62165 0.0420957 0.0801521
1 0.613345 0.391127 0.0350605 0.0649864
0 0.727544 0.624068 0.0418068 0.0817663
0 0.518886 0.467108 0.0316737 0.0713999
0 0.740374 0.390115 0.0325356 0.0705027
1 0.651354 0.624154 0.0369177 0.0812708
1 0.377088 0.286786 0.0336025 0.0634159
0 0.712363 0.465309 0.0360573 0.0671879
0 0.816359 0.274306 0.0365021 0.0619555
0 0.761251 0.278663 0.0280396 0.0634187
0 0.50516 0.623634 0.0369167 0.0871284
0 0.490477 0.468527 0.0309204 0.0735241
0 0.643834 0.281256 0.0258515 0.0545929
0 0.429612 0.744305 0.0489269 0.0853621
1 0.874108 0.621009 0.0484188 0.0886621
0 0.837832 0.390751 0.0376066 0.0678296
0 0.302543 0.616925 0.0394183 0.0722361
1 0.366796 0.466762 0.0419495 0.0828777
1 0.189096 0.618447 0.0446372 0.0811922
1 0.470531 0.620426 0.0364939 0.0817743
0 0.335277 0.289731 0.0343181 0.0627582
0 0.672901 0.280547 0.027853 0.0524753
0 0.679485 0.393205 0.0315807 0.0753216
0 0.731489 0.279986 0.0293975 0.0586134
0 0.646757 0.388652 0.0311655 0.0721751
0 0.28519 0.290022 0.0335977 0.0657201
0 0.779849 0.462916 0.0386757 0.0730991
0 0.582626 0.396165 0.0302341 0.0592563
0 0.614557 0.4657 0.0297112 0.0713741
0 0.23617 0.287976 0.0349635 0.0616026
0 0.787668 0.276513 0.0313518 0.0540571
0 0.532164 0.28512 0.026238 0.0561782
1 0.40789 0.395823 0.0335387 0.0572451
0 0.583057 0.466334 0.0315035 0.0714239
0 0.805239 0.389458 0.0333885 0.0724423
0 0.249872 0.401336 0.040678 0.0636977
1 0.559968 0.282348 0.0257645 0.0560205
0 0.435833 0.39588 0.0346014 0.060361
1 0.45677 0.470073 0.0315146 0.0764549
1 0.34475 0.73815 0.0537339 0.0794447
1 0.31358 0.402955 0.0376561 0.0610568
0 0.219794 0.617867 0.0409889 0.0779778
1 0.481113 0.288178 0.0282818 0.0596427
1 0.290315 0.465733 0.0379467 0.0813529
1 0.701658 0.27929 0.0270021 0.0518682
0 0.404031 0.289761 0.0276303 0.0583177
0 0.589093 0.282137 0.0294973 0.0584828
0 0.454872 0.288028 0.0267826 0.0629529
0 0.375119 0.399986 0.035647 0.0625791
0 0.395831 0.46711 0.0368524 0.0785646
0 0.156143 0.618152 0.0432786 0.078075
0 0.55317 0.393526 0.0301208 0.0711159
1 0.520607 0.3945 0.0306973 0.0634268
0 0.618683 0.281824 0.0255115 0.0590241
0 0.261367 0.465623 0.0418595 0.0812752
1 0.42866 0.46377 0.03962 0.0849787
0 0.335625 0.467467 0.0303987 0.0852964
1 0.125727 0.615222 0.0438585 0.0816373
0 0.429461 0.289216 0.0265779 0.0627082
0 0.496372 0.394833 0.031216 0.0633299
1 0.648301 0.464351 0.0312119 0.0738951
1 0.230863 0.459096 0.0411103 0.0856077
0 0.280837 0.401394 0.0408063 0.0641207
1 0.505681 0.286012 0.0255226 0.053704
0 0.174387 0.459896 0.034247 0.0785475
1 0.55203 0.465377 0.02651 0.070207
0 0.196468 0.401452 0.0382486 0.0582418
0 0.313272 0.402318 0.0377803 0.061538
