1 0.453436 0.289483 0.030569 0.0584196
1 0.74091 0.394928 0.0347027 0.0648997
1 0.427709 0.290091 0.0296533 0.0589066
1 0.259808 0.741488 0.0523722 0.0794084
1 0.312847 0.29118 0.0344511 0.061236
1 0.339192 0.290592 0.0323455 0.0604159
1 0.616446 0.397028 0.0326451 0.061122
1 0.336785 0.620224 0.0441981 0.0761401
1 0.36948 0.620841 0.0396021 0.078794
1 0.260112 0.292862 0.0359571 0.0627061
1 0.401836 0.29055 0.0295075 0.0595451
1 0.285147 0.292038 0.0353051 0.0621092
1 0.494078 0.399324 0.0307367 0.0561115
1 0.480116 0.288881 0.0310953 0.0580345
1 0.278599 0.406267 0.0342875 0.058458
1 0.581941 0.620884 0.0373737 0.0807885
1 0.43939 0.622006 0.0400891 0.0800129
1 0.510384 0.621932 0.0405001 0.077038
1 0.18846 0.619359 0.0457305 0.0769801
1 0.615148 0.470498 0.0338522 0.0682146
1 0.510127 0.745799 0.0457823 0.0758846
1 0.544474 0.622032 0.036048 0.0779541
1 0.508176 0.288225 0.0319548 0.0574497
1 0.677522 0.393804 0.0327802 0.0654134
1 0.136885 0.741934 0.0499876 0.078573
1 0.71432 0.471124 0.035501 0.0710027
1 0.64495 0.286179 0.0291694 0.0539125
1 0.617075 0.621253 0.0358093 0.0821858
1 0.806682 0.394036 0.0361649 0.065725
1 0.305057 0.620319 0.0406467 0.0739176
1 0.15743 0.61873 0.047752 0.077694
1 0.64736 0.395474 0.0299138 0.0624643
1 0.490251 0.469008 0.035945 0.0753366
1 0.730582 0.284881 0.0310316 0.0562103
1 0.219572 0.620172 0.0426313 0.0757901
1 0.378811 0.405454 0.034439 0.0581266
1 0.252344 0.620923 0.038612 0.0743106
1 0.252259 0.406346 0.0330841 0.0580781
1 0.583386 0.469225 0.0335669 0.069226
1 0.552163 0.468879 0.030696 0.0711249
1 0.583387 0.398015 0.0310988 0.0588296
1 0.691703 0.623857 0.0395224 0.0838191
1 0.534914 0.287592 0.0311125 0.0562454
1 0.839914 0.394904 0.0366677 0.0632356
1 0.816169 0.466314 0.0395298 0.0775527
1 0.405579 0.621423 0.0414751 0.0802603
1 0.261692 0.468107 0.0404282 0.0791479
