1 0.438793 0.621767 0.0397664 0.0758277
1 0.370548 0.620844 0.0411799 0.0732959
1 0.336419 0.620858 0.0421421 0.0730876
1 0.713538 0.468932 0.0372579 0.073453
1 0.135454 0.742016 0.0534197 0.0803773
1 0.616148 0.468846 0.0344225 0.0709476
1 0.304945 0.620755 0.0388811 0.0716018
1 0.466255 0.400682 0.0328859 0.0583887
1 0.489189 0.469129 0.0373521 0.0730796
1 0.51002 0.622609 0.0416917 0.0783392
1 0.542696 0.623434 0.0362157 0.0793845
1 0.340103 0.470002 0.0368209 0.0770467
1 0.253705 0.620854 0.0388315 0.072249
1 0.677893 0.394945 0.0318337 0.0639194
1 0.406198 0.621301 0.0397964 0.0755758
