0 0.138531 0.738762 0.054067 0.0857664
0 0.258097 0.736886 0.0531672 0.0878172
0 0.337833 0.61712 0.0395519 0.0771729
0 0.31323 0.403749 0.0376612 0.061964
0 0.372822 0.62156 0.0494619 0.0856441
0 0.177871 0.739121 0.0591797 0.0898542
0 0.0951578 0.737022 0.0559867 0.0852622
0 0.779486 0.464046 0.0392577 0.0725536
0 0.773952 0.392915 0.0380182 0.0746318
0 0.219182 0.736448 0.0546176 0.0935984
0 0.875779 0.622751 0.0493994 0.0888867
0 0.299688 0.733861 0.0529908 0.0793367
0 0.405033 0.621415 0.041184 0.0799192
0 0.290432 0.466232 0.0376868 0.0810218
0 0.375538 0.40232 0.036081 0.0609266
0 0.579031 0.623454 0.0361967 0.08585
0 0.61417 0.391957 0.0345932 0.0656653
0 0.429954 0.742868 0.0494274 0.0829597
0 0.428313 0.464724 0.0372252 0.0827459
0 0.542547 0.621709 0.0366478 0.0804077
0 0.20523 0.462938 0.0449054 0.0812229
0 0.456445 0.469802 0.0306181 0.0751579
0 0.188145 0.619613 0.0456009 0.0789024
0 0.490072 0.469401 0.0320563 0.0735659
0 0.344337 0.739229 0.0519404 0.0789146
0 0.850405 0.459507 0.0438141 0.0769472
0 0.466035 0.396999 0.034564 0.0638537
0 0.584087 0.466469 0.0313555 0.070352
0 0.746795 0.466813 0.0329298 0.073469
0 0.764529 0.626481 0.0410007 0.0889755
0 0.336516 0.469208 0.0315318 0.0828996
0 0.219091 0.61753 0.0421599 0.07855
0 0.387055 0.746587 0.0520205 0.0842281
0 0.710024 0.390282 0.0360395 0.072235
0 0.643971 0.282552 0.0258904 0.0553847
0 0.61486 0.621478 0.0350123 0.0821899
0 0.533207 0.286352 0.0266712 0.0572069
0 0.224262 0.401061 0.0407274 0.0632639
0 0.506391 0.625798 0.0376269 0.0878435
0 0.647277 0.389607 0.0304279 0.0717414
0 0.727971 0.626916 0.041826 0.0816988
0 0.435866 0.397089 0.0343403 0.058852
0 0.740933 0.391314 0.0330889 0.0697851
0 0.367849 0.467491 0.0419687 0.0830002
0 0.81337 0.46624 0.035963 0.0682625
0 0.395833 0.469807 0.0371325 0.078648
0 0.439697 0.622339 0.0405732 0.080562
0 0.838242 0.625382 0.0413572 0.0889524
0 0.471206 0.62199 0.035655 0.0802334
0 0.806108 0.390844 0.0334672 0.0707395
0 0.689514 0.629753 0.0413618 0.0851322
0 0.198441 0.402052 0.0423287 0.0584616
0 0.123178 0.616387 0.0448627 0.0831658
0 0.554 0.395691 0.0297466 0.0678316
0 0.285613 0.291286 0.033387 0.0659693
0 0.152304 0.619598 0.0453084 0.0788973
0 0.64773 0.466389 0.0310877 0.0719433
0 0.651134 0.625824 0.036566 0.0816809
0 0.312083 0.289742 0.0371377 0.0651823
0 0.788114 0.27733 0.0316545 0.0550106
0 0.408567 0.397044 0.0339126 0.0595216
1 0.302644 0.618484 0.0405578 0.0718218
1 0.253072 0.623167 0.042156 0.0753398
0 0.470522 0.744754 0.0425711 0.0843578
0 0.681367 0.466928 0.0313562 0.0698954
0 0.259928 0.291008 0.0357067 0.0651768
0 0.838773 0.391787 0.0364359 0.0663252
0 0.673556 0.281982 0.0280199 0.0540567
0 0.0590785 0.734316 0.0539669 0.0796457
0 0.510857 0.74874 0.0464146 0.0874439
0 0.496353 0.396123 0.0325926 0.0619193
0 0.80282 0.629565 0.044845 0.0930829
0 0.232645 0.459707 0.0393058 0.0878115
0 0.520435 0.468051 0.0338202 0.0729702
0 0.73164 0.28104 0.0299797 0.0602114
0 0.590281 0.283529 0.0297787 0.0596725
0 0.235658 0.288318 0.0370158 0.0615429
0 0.761878 0.278498 0.0281872 0.0649927
0 0.679819 0.393821 0.0315954 0.0746052
0 0.712358 0.466452 0.0361711 0.0678389
0 0.378263 0.28827 0.0316824 0.0634362
0 0.561422 0.283609 0.0250802 0.0540668
0 0.336203 0.290931 0.0344439 0.0631304
0 0.614946 0.466708 0.029125 0.0709915
0 0.817154 0.274484 0.0367649 0.0630981
0 0.250627 0.401252 0.0386153 0.0638331
0 0.522226 0.395734 0.0314401 0.0617783
0 0.583477 0.39637 0.0301754 0.0618195
0 0.281328 0.401367 0.039568 0.0600294
0 0.261235 0.467144 0.0401671 0.0809916
0 0.350799 0.401921 0.0358694 0.0588368
0 0.506644 0.287435 0.02573 0.0550434
0 0.481224 0.288818 0.0284507 0.0592994
0 0.430419 0.29025 0.0262649 0.0629762
0 0.618752 0.282831 0.0250893 0.0595283
0 0.176697 0.460339 0.0363372 0.0768427
0 0.552513 0.465734 0.0273296 0.0673329
0 0.701878 0.280793 0.0281267 0.0528057
0 0.404701 0.290806 0.0275151 0.0580364
0 0.456143 0.289318 0.026252 0.0645943
0 0.026573 0.733095 0.0495723 0.0740126
