0 0.773095 0.391805 0.0374144 0.0749464
0 0.311344 0.402685 0.0361067 0.0618977
0 0.137744 0.737972 0.0540035 0.0838322
0 0.838086 0.624004 0.0404289 0.0902576
0 0.258186 0.736954 0.05292 0.0881032
0 0.405109 0.62089 0.0414087 0.0791074
0 0.779026 0.463386 0.0394242 0.0724271
0 0.177229 0.738174 0.0575952 0.0869911
1 0.25251 0.62134 0.0427509 0.0756426
1 0.3504 0.400852 0.036538 0.0592338
1 0.337026 0.615847 0.0397337 0.0807861
0 0.218633 0.737265 0.0554752 0.0918211
0 0.0951404 0.736281 0.056253 0.0839386
0 0.370448 0.619974 0.0496469 0.0852708
0 0.2984 0.733797 0.0509485 0.0798595
0 0.335878 0.289908 0.0336807 0.0625566
0 0.4712 0.62126 0.0355688 0.0800066
0 0.519753 0.467128 0.0334301 0.072016
1 0.291402 0.465417 0.0396444 0.0818018
1 0.465195 0.395757 0.0346867 0.0639616
0 0.763918 0.625399 0.0410822 0.0893959
0 0.746336 0.465965 0.0338875 0.0726831
0 0.0594413 0.732089 0.0543839 0.0757223
1 0.311722 0.288737 0.0366874 0.0653849
0 0.428753 0.743002 0.0496024 0.0834116
0 0.813048 0.466032 0.0359259 0.0693705
0 0.469257 0.744132 0.0419332 0.0841251
1 0.258464 0.290349 0.0362196 0.0648552
1 0.679211 0.393701 0.0298357 0.073993
1 0.802262 0.627818 0.044969 0.0947234
0 0.816511 0.274011 0.0364315 0.0609341
0 0.439677 0.621153 0.0405098 0.0793577
0 0.643661 0.282218 0.026022 0.0563582
0 0.387485 0.744973 0.0511199 0.0832043
0 0.726985 0.62521 0.0419466 0.0818516
0 0.579184 0.623375 0.0360441 0.0860401
0 0.673152 0.281443 0.0281893 0.0545659
0 0.740214 0.39011 0.0334511 0.0710686
0 0.506248 0.624784 0.0369214 0.0869257
1 0.189811 0.618071 0.0438346 0.0803198
1 0.201995 0.461571 0.0443456 0.0809393
0 0.368157 0.467669 0.0409813 0.080137
0 0.689132 0.627827 0.0411355 0.0853127
0 0.614877 0.6196 0.0349616 0.0810644
0 0.280582 0.400055 0.0392988 0.0605671
1 0.613443 0.391506 0.0351635 0.0653701
0 0.711704 0.465846 0.0357698 0.0671812
1 0.222896 0.399665 0.0419974 0.062477
0 0.582568 0.396451 0.0295006 0.0598202
1 0.457971 0.469224 0.0294846 0.0746148
0 0.787587 0.276317 0.0311121 0.0545721
1 0.344108 0.739986 0.0560902 0.0815739
1 0.377568 0.286949 0.0328535 0.0626873
0 0.495759 0.395308 0.0323781 0.0622507
0 0.650978 0.6241 0.036338 0.0812824
0 0.395528 0.469305 0.0369415 0.0766732
0 0.375169 0.401256 0.0367868 0.0632313
0 0.284733 0.290183 0.0353834 0.0677131
1 0.54248 0.621628 0.0369621 0.0803705
0 0.553809 0.394103 0.0296412 0.0685154
1 0.874417 0.621668 0.0505003 0.0896254
0 0.646595 0.388641 0.0310846 0.072149
1 0.408599 0.395936 0.0336107 0.0571306
0 0.804846 0.389454 0.0335662 0.0703713
0 0.589432 0.282838 0.0290277 0.0591586
0 0.730419 0.27984 0.0302586 0.0578138
1 0.560383 0.282404 0.0254175 0.0547944
0 0.761365 0.278646 0.0279712 0.0638158
0 0.647476 0.463035 0.0308119 0.0704606
0 0.681066 0.46558 0.0312918 0.0678417
0 0.435921 0.395946 0.0343159 0.0598728
0 0.490878 0.468238 0.0309237 0.0736731
1 0.583908 0.464316 0.0296148 0.0687292
0 0.404095 0.28998 0.0272518 0.0591731
0 0.335241 0.468753 0.0295858 0.0855128
0 0.837822 0.390683 0.0374779 0.0670962
0 0.251221 0.400333 0.037142 0.0620553
0 0.509655 0.746348 0.0459059 0.0872303
1 0.849501 0.459522 0.0444183 0.0763151
0 0.235803 0.288314 0.0350059 0.0612201
0 0.261218 0.466418 0.0419235 0.0799549
0 0.22004 0.617265 0.0394726 0.0770638
1 0.481046 0.288515 0.0280805 0.060089
0 0.156406 0.617514 0.0428668 0.0795296
1 0.700908 0.279374 0.0262215 0.0517394
1 0.429755 0.463216 0.0386808 0.0849567
0 0.522003 0.39483 0.0314714 0.0627648
0 0.455266 0.288787 0.0268843 0.0622788
1 0.302847 0.616089 0.0391532 0.0721429
0 0.617976 0.282649 0.025577 0.0600458
1 0.230452 0.459954 0.0405068 0.0823418
1 0.708529 0.389539 0.0362598 0.0738541
1 0.553135 0.465113 0.0275709 0.0700638
0 0.614187 0.462653 0.0277041 0.0663037
0 0.53267 0.28622 0.0262428 0.0569618
0 0.429635 0.290231 0.0263653 0.0634006
1 0.124955 0.616851 0.0457153 0.0833914
1 0.506014 0.286746 0.026165 0.0548078
0 0.173844 0.460124 0.0344695 0.0780115
0 0.197006 0.401594 0.0390151 0.0571342
1 0.730077 0.279633 0.0310274 0.0556532
