0 0.21907 0.737087 0.0549434 0.0900835
1 0.136952 0.738064 0.056512 0.0861851
0 0.386431 0.746418 0.0520876 0.082957
0 0.343657 0.73949 0.0510186 0.0787038
0 0.176684 0.738368 0.0578195 0.0878948
0 0.299878 0.734991 0.0524428 0.0785486
0 0.429416 0.741263 0.0492374 0.0799828
1 0.367273 0.465785 0.0420223 0.0844547
1 0.690647 0.629202 0.0423643 0.0833488
1 0.807473 0.391711 0.0327236 0.0708223
1 0.3378 0.617319 0.0400306 0.0773268
1 0.818842 0.274622 0.0368679 0.0631051
1 0.0934877 0.737805 0.0544528 0.0850668
1 0.312597 0.402321 0.0373814 0.0641533
1 0.428371 0.463177 0.0384823 0.0851187
1 0.7407 0.391522 0.0331041 0.0690013
1 0.591225 0.282801 0.030664 0.060443
0 0.51121 0.748002 0.0467255 0.0884695
1 0.470962 0.622151 0.0356725 0.0806049
1 0.395274 0.468166 0.0372069 0.080547
1 0.541859 0.622701 0.0366766 0.0817305
1 0.206006 0.461287 0.0439608 0.080611
1 0.281177 0.400225 0.0398844 0.0619076
1 0.257726 0.736552 0.0528552 0.087081
1 0.405582 0.62169 0.0417851 0.0810753
1 0.672801 0.281473 0.0271229 0.0540972
1 0.408305 0.395574 0.0331306 0.058975
0 0.0575905 0.73438 0.0528026 0.0788326
1 0.764521 0.626845 0.0409897 0.0899448
0 0.470609 0.744748 0.0426482 0.0873048
1 0.375505 0.400362 0.036399 0.0649832
1 0.848846 0.460217 0.0421398 0.0740561
1 0.122537 0.614509 0.0466756 0.0812815
1 0.505686 0.624495 0.0366593 0.0856993
1 0.262881 0.46726 0.0424825 0.0802659
1 0.64696 0.389359 0.0302649 0.0697551
1 0.292079 0.464881 0.0366047 0.0820971
1 0.220714 0.616387 0.0427526 0.0799719
1 0.496487 0.395876 0.0317545 0.0602862
1 0.875889 0.623603 0.0498409 0.0891502
1 0.70932 0.390782 0.0354643 0.0701525
1 0.519562 0.466702 0.0337523 0.0715364
1 0.614654 0.621308 0.0354473 0.0841495
1 0.253313 0.621206 0.0414624 0.0771172
1 0.727971 0.626971 0.0423479 0.0822617
1 0.533776 0.286866 0.0264386 0.0574556
1 0.303493 0.618114 0.0394691 0.0722289
1 0.578533 0.622569 0.0366713 0.0839792
1 0.23604 0.288801 0.0368804 0.0624955
1 0.802382 0.628365 0.0452372 0.0924835
1 0.778537 0.463908 0.040889 0.0781151
1 0.489177 0.4689 0.0318351 0.0742357
1 0.260733 0.291011 0.0353572 0.065777
1 0.372541 0.620816 0.0499703 0.0846623
1 0.465888 0.396164 0.0350935 0.0636831
1 0.838627 0.625623 0.0417246 0.0856634
1 0.647881 0.464674 0.0310357 0.0727052
1 0.153541 0.617098 0.0452875 0.0793139
1 0.813024 0.466219 0.035457 0.0685628
1 0.439479 0.622715 0.0411166 0.0816613
1 0.187648 0.617934 0.0461616 0.0801794
1 0.554063 0.395894 0.0302039 0.0672348
1 0.730985 0.280229 0.0298141 0.0595888
1 0.615156 0.392399 0.034127 0.0632394
1 0.28574 0.290767 0.034997 0.0665272
1 0.197556 0.401131 0.0429863 0.0608895
1 0.311895 0.28979 0.0373632 0.06571
1 0.643993 0.282045 0.0261691 0.0556304
1 0.584912 0.465961 0.0315891 0.0723478
1 0.760103 0.278564 0.0282558 0.0647231
1 0.788042 0.278487 0.0321383 0.0552593
1 0.17652 0.461789 0.0369536 0.0766054
1 0.250018 0.400561 0.0400808 0.0629743
1 0.456272 0.469176 0.0320183 0.0766058
1 0.774757 0.393374 0.0389683 0.0764894
1 0.584163 0.395534 0.0304817 0.0617418
1 0.336366 0.290478 0.0342229 0.0634216
1 0.616272 0.46552 0.0277958 0.070822
1 0.681506 0.46652 0.0318287 0.0712002
1 0.680025 0.394278 0.031111 0.0740595
1 0.838896 0.391604 0.0369198 0.0686861
1 0.23203 0.460235 0.0407758 0.0870745
1 0.435541 0.395416 0.0331756 0.0591949
1 0.430145 0.291087 0.025915 0.0617756
1 0.746149 0.466552 0.0323082 0.0731053
1 0.651644 0.624595 0.0379517 0.0837194
1 0.350125 0.399977 0.0356143 0.0605679
1 0.334997 0.468506 0.0306023 0.0870781
1 0.378043 0.288663 0.0344881 0.0634371
1 0.561955 0.283274 0.0246221 0.0546703
1 0.712656 0.466635 0.0348596 0.0680274
1 0.521636 0.39546 0.031647 0.062035
1 0.553139 0.465425 0.0281082 0.0700056
1 0.481111 0.288629 0.0272028 0.0620477
1 0.223268 0.399793 0.0397727 0.0629945
1 0.506354 0.287589 0.0262144 0.0548169
1 0.404426 0.290884 0.0275573 0.0579796
1 0.455671 0.289176 0.0256742 0.0645884
1 0.619904 0.282147 0.0238544 0.0592747
1 0.700598 0.280145 0.0282759 0.051879
0 0.0249938 0.733269 0.0489692 0.0738744
