0 0.257973 0.737659 0.0536589 0.0885289
0 0.137917 0.739306 0.0540137 0.0856981
0 0.774076 0.392966 0.0382122 0.0755845
0 0.299755 0.734956 0.0533128 0.0813135
0 0.312826 0.404251 0.03809 0.0619429
0 0.372526 0.621439 0.0495707 0.0860104
0 0.779599 0.463745 0.0391742 0.0730165
0 0.0940724 0.738094 0.0568086 0.0846175
0 0.376006 0.402175 0.0359162 0.0603075
0 0.187726 0.619669 0.0456664 0.0796021
0 0.17699 0.739522 0.0582622 0.0878757
0 0.429493 0.742772 0.0504321 0.0823378
1 0.471348 0.622103 0.0368916 0.0809944
0 0.644066 0.282594 0.0258437 0.0551999
0 0.290256 0.46643 0.0381949 0.0815187
0 0.404894 0.621071 0.0411024 0.0793875
0 0.490144 0.469357 0.0324796 0.0741202
0 0.542381 0.621805 0.0364558 0.0805743
0 0.533176 0.286242 0.0266232 0.057395
0 0.337508 0.616647 0.0404584 0.0792016
0 0.150717 0.61943 0.0472905 0.0791425
0 0.436056 0.39676 0.034622 0.0592701
0 0.205197 0.46252 0.0448983 0.0830778
0 0.34428 0.739314 0.0524812 0.079045
0 0.764712 0.626024 0.0407737 0.0893535
0 0.584359 0.46691 0.0313208 0.0714663
0 0.386855 0.74718 0.0510902 0.084044
0 0.57897 0.623304 0.0364789 0.0872221
0 0.218669 0.73724 0.0559981 0.093397
0 0.849897 0.460154 0.0426819 0.0749996
0 0.614254 0.391473 0.0347015 0.0661963
0 0.336303 0.469616 0.032128 0.0836088
0 0.651204 0.626044 0.037005 0.0810768
0 0.788776 0.277145 0.0315571 0.0549053
0 0.224005 0.400688 0.0399241 0.0635395
0 0.614911 0.621946 0.034889 0.0831212
0 0.740848 0.391197 0.0327079 0.069244
0 0.68142 0.466945 0.0314611 0.0709467
0 0.727904 0.626212 0.0421122 0.0832084
0 0.456249 0.469889 0.0309482 0.0765079
0 0.64757 0.389174 0.0304297 0.0717429
0 0.395589 0.469714 0.0371754 0.0783887
0 0.710444 0.389958 0.0356594 0.0720299
0 0.689749 0.629626 0.0414845 0.0861092
0 0.506454 0.625545 0.0369753 0.088583
0 0.813553 0.466083 0.03554 0.068763
0 0.428336 0.464156 0.0374499 0.0839135
0 0.806262 0.389982 0.0332655 0.0720164
0 0.747352 0.46662 0.0334932 0.0722163
0 0.838738 0.625101 0.0412199 0.088415
0 0.647576 0.466228 0.0311428 0.0723516
0 0.368424 0.467682 0.0418668 0.0821716
0 0.218571 0.617221 0.0413284 0.0790608
0 0.312034 0.289751 0.0374441 0.0658454
1 0.252873 0.62128 0.0442285 0.0768202
0 0.0595453 0.735417 0.0560281 0.0776226
0 0.408725 0.396462 0.0341668 0.0588842
0 0.496412 0.396275 0.0327973 0.0615023
0 0.73145 0.280843 0.030125 0.0589908
0 0.465844 0.396748 0.0341085 0.0632131
0 0.511151 0.749271 0.0463009 0.0876601
0 0.561374 0.283787 0.025341 0.0544613
0 0.839306 0.391042 0.0363686 0.067167
0 0.876401 0.623632 0.0495937 0.0886402
0 0.803143 0.629734 0.0449827 0.0934649
0 0.259929 0.290317 0.036061 0.0659913
0 0.471019 0.746022 0.0429588 0.0864253
0 0.43963 0.622563 0.0421636 0.0797194
0 0.59045 0.283772 0.0297318 0.0595146
0 0.280533 0.401238 0.0395467 0.060846
0 0.553766 0.3953 0.0297409 0.0675762
0 0.519449 0.468038 0.0334452 0.0722878
0 0.761929 0.278984 0.0280763 0.0649094
0 0.28537 0.29081 0.0339091 0.0664339
0 0.614993 0.467121 0.0287231 0.0717813
0 0.71225 0.466147 0.0351198 0.0677876
0 0.67351 0.282073 0.0281018 0.0538804
0 0.336446 0.29081 0.0349129 0.0642144
0 0.583445 0.396262 0.0300646 0.0614326
0 0.680199 0.393754 0.0315147 0.0744689
0 0.232215 0.460127 0.0394168 0.0874337
0 0.817933 0.27445 0.0366932 0.0622506
0 0.506424 0.287394 0.0262394 0.0556416
0 0.260278 0.467181 0.0421345 0.0804565
0 0.522217 0.395846 0.0313498 0.0612359
0 0.121875 0.616304 0.0457574 0.0849459
0 0.351108 0.402003 0.0356245 0.058495
0 0.198378 0.401936 0.0415504 0.058355
1 0.30297 0.618697 0.0404127 0.0706692
0 0.552628 0.465853 0.0276762 0.0681549
0 0.250056 0.401364 0.0376253 0.0644887
0 0.480917 0.288795 0.0285217 0.0597904
0 0.701865 0.280949 0.0279268 0.0524207
0 0.430157 0.29005 0.0263577 0.0640352
0 0.40456 0.29054 0.0277576 0.0587641
0 0.619006 0.283184 0.0253139 0.0601181
0 0.235799 0.287921 0.0372453 0.0618024
0 0.377636 0.287985 0.0318552 0.0638918
1 0.176501 0.460386 0.0366356 0.078494
0 0.455749 0.289274 0.0261838 0.0651548
0 0.0262676 0.733678 0.0496608 0.0736231
