0 0.338134 0.617523 0.0408523 0.0778399
0 0.13794 0.738858 0.053831 0.0851833
0 0.177319 0.738546 0.0574214 0.0862694
0 0.095124 0.737707 0.0555726 0.0846534
0 0.375638 0.402109 0.0363371 0.0608042
0 0.772825 0.392224 0.0377733 0.0746845
0 0.848915 0.45991 0.0423496 0.0749489
0 0.204667 0.46216 0.0437913 0.0813736
0 0.220112 0.617938 0.0420616 0.0773
0 0.257666 0.736579 0.0551371 0.0859032
0 0.300151 0.735113 0.0523096 0.0801678
0 0.764129 0.625696 0.0411283 0.088833
0 0.65062 0.624715 0.0367405 0.0829598
0 0.710301 0.390838 0.03529 0.0708506
0 0.34458 0.741098 0.0513479 0.0795446
0 0.372671 0.621513 0.0484734 0.0833532
0 0.838317 0.624921 0.041791 0.089386
0 0.313002 0.403 0.0381348 0.0620859
0 0.812803 0.46612 0.0352732 0.0692225
0 0.28135 0.400238 0.039942 0.059836
0 0.779229 0.463876 0.0392657 0.0732002
0 0.471352 0.621881 0.0359085 0.0827292
0 0.506207 0.623542 0.0373601 0.0875807
0 0.489726 0.469261 0.0318815 0.0727131
0 0.223911 0.400034 0.0397875 0.0627996
0 0.740367 0.391121 0.0324789 0.0685144
0 0.387012 0.745919 0.0500775 0.0816418
0 0.217216 0.736655 0.0530253 0.0924002
0 0.405231 0.621434 0.0414101 0.0788435
1 0.302924 0.618068 0.0412152 0.0726525
0 0.122444 0.614771 0.0476887 0.0848373
0 0.428096 0.46365 0.0370468 0.0833964
0 0.189353 0.618461 0.0458059 0.0783904
0 0.252333 0.62215 0.0416657 0.0751589
0 0.68048 0.466458 0.0310961 0.0709908
0 0.613797 0.39094 0.034852 0.0660364
0 0.727479 0.625584 0.0415659 0.081419
0 0.578387 0.62335 0.0359735 0.085643
0 0.875283 0.621638 0.0477818 0.0877461
0 0.64658 0.389523 0.030896 0.06945
0 0.395703 0.468879 0.0369528 0.0775297
0 0.746549 0.466056 0.0334946 0.0709776
0 0.614696 0.622149 0.0349294 0.0812761
0 0.584205 0.466196 0.0321498 0.0707212
0 0.495544 0.396497 0.0330803 0.0605198
0 0.802505 0.629174 0.0448887 0.0942289
0 0.64369 0.28152 0.0262592 0.0561369
0 0.439705 0.622085 0.0410506 0.0809924
0 0.689257 0.628672 0.0411827 0.0845402
0 0.542209 0.62084 0.0366581 0.0820036
0 0.260568 0.468309 0.0420123 0.0825933
0 0.368499 0.467933 0.0426617 0.0826928
0 0.465748 0.396526 0.0339111 0.0624124
0 0.78703 0.278248 0.0323025 0.0561541
0 0.429018 0.740952 0.0473463 0.0801372
0 0.805431 0.389316 0.0352383 0.0731874
0 0.519315 0.467952 0.0331292 0.0717508
0 0.0590134 0.733328 0.0516043 0.0748768
0 0.408323 0.397124 0.0335282 0.0588984
0 0.711626 0.466423 0.0356038 0.0681908
0 0.838743 0.391252 0.0378983 0.0673992
0 0.511092 0.748768 0.0456375 0.0868561
0 0.554779 0.395965 0.0286045 0.0656963
0 0.455707 0.470229 0.0311823 0.0752382
0 0.336302 0.470126 0.0324244 0.0864509
0 0.647189 0.466214 0.0305895 0.0728111
0 0.731021 0.280542 0.0304869 0.0613175
0 0.435789 0.396989 0.0346622 0.0597878
0 0.583014 0.396128 0.0298037 0.0592631
0 0.614936 0.466914 0.0280127 0.0714968
0 0.198576 0.401052 0.0427384 0.0587122
0 0.471074 0.74679 0.0432651 0.0870003
0 0.154509 0.617494 0.045086 0.0810955
0 0.480841 0.28807 0.0282248 0.0603452
0 0.679443 0.39396 0.032175 0.0715538
0 0.250558 0.400549 0.038541 0.0635467
0 0.312081 0.289302 0.0362592 0.0650713
0 0.533099 0.284912 0.0255003 0.0565711
1 0.28987 0.46653 0.0394865 0.0836118
0 0.232045 0.458936 0.0387779 0.0872442
0 0.260586 0.289624 0.0355486 0.0638875
0 0.700455 0.280949 0.0293633 0.0522787
0 0.286636 0.2898 0.0332689 0.0649093
0 0.506229 0.286188 0.0260929 0.0541429
0 0.522112 0.39588 0.0314773 0.0612716
0 0.351027 0.401408 0.0361586 0.0589519
0 0.618009 0.281806 0.0258032 0.0593539
0 0.761193 0.280025 0.0283445 0.0654467
0 0.455723 0.288695 0.0268064 0.0630016
0 0.33669 0.289466 0.0350559 0.0637425
0 0.402816 0.289003 0.0289047 0.0612597
0 0.672683 0.281109 0.0261176 0.0524902
0 0.816073 0.276489 0.0363246 0.0636497
1 0.551554 0.46683 0.0278101 0.0718016
0 0.236217 0.287583 0.036271 0.0611959
0 0.176627 0.460505 0.0365128 0.0773569
0 0.429642 0.289246 0.0275511 0.0635471
0 0.590555 0.282345 0.0284062 0.0610605
0 0.376505 0.287551 0.0330083 0.0618229
0 0.560606 0.282718 0.0249205 0.0565931
0 0.0268652 0.731238 0.0494535 0.07094
