0 0.138134 0.739012 0.0548792 0.0858068
0 0.779385 0.463734 0.0390814 0.0722166
0 0.257853 0.737205 0.0534235 0.0884401
0 0.774106 0.392512 0.0381383 0.0759304
0 0.337496 0.61656 0.0399958 0.077842
0 0.0942824 0.73766 0.0562859 0.0851183
0 0.313057 0.403733 0.0381009 0.0620148
0 0.299691 0.734788 0.0535032 0.0813869
1 0.471449 0.622739 0.0371986 0.0816639
0 0.177234 0.739258 0.0587598 0.090543
0 0.372763 0.621001 0.0495648 0.0858955
0 0.489895 0.46946 0.0319294 0.0741352
0 0.375593 0.402385 0.0359327 0.0608141
0 0.61433 0.391446 0.0348692 0.066632
0 0.578742 0.623575 0.0367346 0.0860759
0 0.850245 0.45956 0.0431339 0.0758246
0 0.218619 0.736031 0.0548874 0.0934181
0 0.188185 0.619645 0.0455968 0.0791548
0 0.29017 0.466204 0.0379909 0.0810606
0 0.435861 0.396809 0.0343468 0.0586001
0 0.54222 0.62192 0.0366773 0.0802991
0 0.344487 0.739958 0.0523482 0.079901
0 0.647293 0.389192 0.0305126 0.0721457
0 0.764486 0.626126 0.0408457 0.08983
0 0.429746 0.741919 0.0499001 0.0802807
0 0.644143 0.282829 0.0258584 0.0556739
0 0.533243 0.286129 0.0267082 0.0571604
0 0.404935 0.621317 0.0412245 0.0796371
0 0.223831 0.400805 0.0409021 0.0633779
0 0.456275 0.469667 0.0308725 0.0753567
0 0.336111 0.469313 0.0314733 0.0831373
0 0.788551 0.277012 0.030969 0.0546148
0 0.583985 0.466827 0.0307943 0.0711154
0 0.395684 0.469236 0.0371326 0.0782569
0 0.428397 0.464181 0.0376762 0.0833159
0 0.205328 0.462301 0.0449092 0.0827141
0 0.87606 0.622593 0.0498772 0.0893003
0 0.838928 0.390794 0.0360668 0.0671167
0 0.689673 0.628894 0.0416986 0.0857808
0 0.727916 0.62638 0.0418953 0.0829466
0 0.218625 0.616913 0.0412032 0.0790448
0 0.386676 0.747068 0.0514591 0.0838616
0 0.505841 0.625299 0.0367305 0.0870453
0 0.439535 0.622849 0.0416964 0.0801323
0 0.740883 0.390528 0.0331783 0.0707424
0 0.746813 0.466559 0.0324335 0.0701004
0 0.838128 0.625364 0.0415419 0.0894259
0 0.806353 0.389775 0.0332665 0.071514
0 0.813161 0.465582 0.0358727 0.0682856
0 0.520142 0.46823 0.0343702 0.0735395
0 0.710132 0.389968 0.0354361 0.0728513
0 0.615001 0.621599 0.034971 0.0824782
0 0.651275 0.625479 0.0371967 0.0826431
0 0.681384 0.467443 0.0315046 0.071377
0 0.511147 0.749044 0.0461571 0.0872456
0 0.368393 0.467323 0.0420254 0.082746
0 0.647622 0.466629 0.0311235 0.0726619
0 0.762148 0.279111 0.0280375 0.0649731
0 0.496287 0.396045 0.0327682 0.0616768
0 0.121899 0.616364 0.047166 0.0839388
0 0.152515 0.619005 0.0452047 0.0792521
0 0.614869 0.466748 0.0293277 0.0710505
0 0.0591078 0.73457 0.0538032 0.0763908
0 0.312208 0.28928 0.0372166 0.0653578
0 0.46583 0.396885 0.0342474 0.0631597
0 0.553876 0.394927 0.0299178 0.0690535
0 0.470466 0.744865 0.0428286 0.0847562
0 0.285235 0.290825 0.0343517 0.0667237
0 0.25969 0.290483 0.0351985 0.0651793
0 0.731678 0.280878 0.0300989 0.0589588
0 0.679746 0.393833 0.0314507 0.0745184
0 0.802938 0.629301 0.0449207 0.0933986
0 0.408357 0.396966 0.0341138 0.0597639
0 0.817462 0.274504 0.0369171 0.0616317
0 0.336289 0.290903 0.0345793 0.0636362
0 0.673459 0.282083 0.0277748 0.0543491
1 0.252788 0.621402 0.0438776 0.0765003
0 0.198069 0.40178 0.042536 0.0582405
0 0.589735 0.283315 0.0295038 0.0593004
0 0.235341 0.288518 0.0371394 0.0623233
0 0.232288 0.459949 0.0393835 0.086821
0 0.712213 0.466426 0.0351998 0.067658
0 0.560691 0.282858 0.0247183 0.0543796
0 0.522173 0.395926 0.0313953 0.0611869
0 0.280727 0.401078 0.0396404 0.0603062
1 0.303495 0.618188 0.039896 0.0704196
0 0.260819 0.467244 0.0406001 0.0815773
0 0.583374 0.396252 0.02983 0.0621044
0 0.404707 0.290212 0.0276942 0.0575366
0 0.50652 0.287308 0.0257521 0.0555338
0 0.350936 0.401946 0.0358054 0.0588429
0 0.250061 0.401621 0.0376519 0.0641905
0 0.481041 0.288715 0.0286695 0.0598971
0 0.430229 0.289794 0.0262571 0.0631373
0 0.702039 0.280845 0.0279521 0.0527117
0 0.552377 0.465706 0.0276318 0.0674242
0 0.618784 0.283157 0.0254111 0.0601616
0 0.377847 0.287596 0.0314711 0.0631157
0 0.455439 0.288183 0.0264615 0.0636461
1 0.176337 0.461101 0.0363013 0.0781483
0 0.0265907 0.732722 0.0491954 0.0713481
