1 0.710022 0.390966 0.035759 0.0708556
1 0.137584 0.740023 0.0575702 0.0843107
0 0.219372 0.738996 0.0545352 0.0905594
1 0.298999 0.735266 0.0525604 0.0788067
0 0.386841 0.747555 0.0528783 0.082815
1 0.220517 0.617082 0.0412459 0.0800459
1 0.252989 0.621884 0.0422304 0.0766523
1 0.0957266 0.739284 0.0545541 0.0841093
1 0.368983 0.466977 0.0440188 0.0856936
1 0.508671 0.625371 0.0367872 0.0881447
1 0.805357 0.393068 0.0350624 0.0726664
1 0.257766 0.738012 0.0541872 0.0872084
1 0.496241 0.395436 0.0332607 0.06273
1 0.337838 0.616912 0.0404742 0.0791857
1 0.312272 0.403677 0.037853 0.0620602
1 0.728406 0.625069 0.0424503 0.0843197
0 0.344648 0.740265 0.0517061 0.0777275
1 0.439878 0.623013 0.0410629 0.0816124
1 0.376123 0.401903 0.0371043 0.0626697
1 0.155795 0.617781 0.0441599 0.0807438
1 0.543858 0.620967 0.0356214 0.079229
1 0.689078 0.627779 0.0432425 0.0866679
0 0.429985 0.743684 0.0498201 0.0815979
1 0.771748 0.394866 0.0373995 0.0754159
1 0.877188 0.623182 0.0481741 0.0888506
1 0.371997 0.621105 0.0495922 0.0859727
1 0.290864 0.465801 0.0371068 0.0798841
0 0.177238 0.740214 0.0579654 0.0882021
0 0.471236 0.746134 0.0422277 0.085598
1 0.739831 0.392835 0.0316751 0.0690789
1 0.482096 0.288822 0.0282493 0.0643575
0 0.058945 0.735168 0.054009 0.0775517
1 0.533427 0.285837 0.0260204 0.0568986
1 0.816631 0.276516 0.0369652 0.0636604
1 0.302929 0.61804 0.0401845 0.072996
1 0.777904 0.464806 0.0397341 0.073312
1 0.849295 0.460611 0.0437366 0.07398
1 0.671993 0.280647 0.0275785 0.0539107
1 0.435817 0.395401 0.0329829 0.0591098
1 0.590824 0.283085 0.0283713 0.0588641
1 0.405183 0.622234 0.0426144 0.0817528
1 0.841546 0.625247 0.0415478 0.0891748
1 0.260416 0.466517 0.0422209 0.0808243
1 0.839639 0.391907 0.0371363 0.0687196
1 0.766249 0.628014 0.0433668 0.0932512
1 0.125042 0.615884 0.0469064 0.0838298
1 0.510641 0.748103 0.0463131 0.0845461
1 0.580061 0.622095 0.0375297 0.0848933
1 0.805622 0.629543 0.0466022 0.0926472
1 0.351201 0.401453 0.0358603 0.0583321
1 0.644002 0.280781 0.0264355 0.0564941
1 0.464482 0.395679 0.0342766 0.0642557
1 0.650501 0.624941 0.036228 0.0843115
1 0.339839 0.28952 0.0343498 0.0631317
1 0.490776 0.471456 0.0321131 0.0749563
1 0.614376 0.392117 0.0347905 0.066353
1 0.681319 0.468398 0.0315951 0.0716555
1 0.521296 0.468519 0.0332271 0.0739336
1 0.562106 0.282766 0.0258288 0.0562591
1 0.198248 0.401075 0.0433597 0.0603722
1 0.71243 0.467775 0.0352756 0.0712471
1 0.760943 0.279323 0.0282999 0.0644021
1 0.812338 0.4659 0.0350894 0.0688223
1 0.234449 0.289207 0.037912 0.0638815
1 0.25331 0.401121 0.0394615 0.063432
1 0.647839 0.389949 0.0307375 0.0714768
1 0.395834 0.469082 0.037569 0.0790399
1 0.615047 0.620757 0.034389 0.0847408
1 0.281887 0.400636 0.0384481 0.0608395
1 0.583798 0.39589 0.0298238 0.0627647
1 0.336833 0.469866 0.0304847 0.0867972
1 0.226099 0.400454 0.0418815 0.0629585
1 0.615696 0.467564 0.0272102 0.0721295
1 0.313432 0.290341 0.0368708 0.0660794
1 0.18852 0.618296 0.0443402 0.0818654
1 0.68041 0.393383 0.0321731 0.0749798
1 0.731602 0.281249 0.0294575 0.0596695
1 0.404515 0.290829 0.0269827 0.0598017
1 0.286373 0.290672 0.0354123 0.0665079
1 0.554364 0.466355 0.0279004 0.0712475
1 0.746243 0.467987 0.0326515 0.0723148
1 0.260169 0.290305 0.0362387 0.0661969
1 0.430745 0.290426 0.0258883 0.0636394
1 0.377526 0.287877 0.0333767 0.0632924
1 0.584994 0.467348 0.0302475 0.0714624
1 0.231518 0.460481 0.0407736 0.0842698
1 0.409722 0.396279 0.0318026 0.057682
1 0.17627 0.461264 0.0381908 0.0786818
1 0.472271 0.622225 0.0367336 0.0816847
1 0.456022 0.289548 0.0263206 0.0656235
1 0.45701 0.470244 0.030521 0.0769436
1 0.507134 0.286994 0.0255695 0.0558037
1 0.522701 0.395303 0.0311731 0.0620287
1 0.787331 0.279057 0.0308363 0.0570946
1 0.429433 0.464614 0.0366246 0.0859345
1 0.647599 0.467669 0.0307981 0.0745222
1 0.554459 0.39599 0.0290607 0.0654457
1 0.618395 0.281705 0.0246783 0.0602209
1 0.205485 0.461082 0.040699 0.0806491
1 0.700796 0.28123 0.0287026 0.0550557
