1 0.138765 0.739917 0.0548286 0.0860669
0 0.219378 0.617493 0.0427454 0.0793922
0 0.258107 0.737011 0.0530793 0.0875349
0 0.260415 0.291813 0.0358368 0.0650244
0 0.29045 0.466583 0.0372293 0.0812164
0 0.0953747 0.738573 0.0568821 0.0859198
0 0.299845 0.73506 0.0539891 0.0814461
0 0.614273 0.392238 0.0347589 0.0652922
0 0.773955 0.392414 0.0375332 0.0762329
1 0.727058 0.626126 0.0424922 0.0847607
0 0.466104 0.39721 0.0339614 0.0631933
0 0.3121 0.290661 0.0374437 0.0661192
0 0.533563 0.286758 0.0275604 0.05783
0 0.648031 0.390385 0.0307873 0.0716643
0 0.647575 0.465838 0.0307514 0.0717685
0 0.849922 0.459606 0.0431284 0.0768379
1 0.372517 0.621356 0.049919 0.0837912
0 0.584222 0.46682 0.0313534 0.070965
0 0.471706 0.622629 0.036732 0.0813889
0 0.205398 0.462993 0.0450829 0.0816049
0 0.429475 0.742116 0.0501932 0.0806016
0 0.439627 0.62228 0.0419628 0.0810612
1 0.312681 0.404684 0.0378632 0.0607714
0 0.490158 0.469874 0.0323784 0.0734375
1 0.436431 0.397668 0.0350677 0.0590179
0 0.779227 0.464531 0.0397299 0.0730337
0 0.375724 0.402433 0.0366297 0.0611171
0 0.386738 0.746132 0.0525245 0.0838639
0 0.764232 0.625983 0.0409584 0.0887123
0 0.2531 0.622501 0.0420812 0.0772411
0 0.643769 0.282882 0.0263412 0.0563117
0 0.58996 0.284353 0.0299612 0.0590965
1 0.260986 0.468639 0.041316 0.0821506
0 0.520322 0.468295 0.0332392 0.0728138
0 0.344336 0.739052 0.0519288 0.0795465
0 0.496402 0.396207 0.033349 0.0619871
0 0.224138 0.401467 0.0405926 0.0630978
1 0.838594 0.625059 0.0413176 0.0893614
1 0.746617 0.467226 0.0334903 0.0726584
0 0.408116 0.397693 0.0332805 0.0580716
1 0.367468 0.468042 0.0412066 0.0855858
0 0.176602 0.739613 0.0574094 0.0900008
1 0.218931 0.737433 0.0559293 0.0887981
0 0.511115 0.748546 0.0463449 0.0873989
0 0.813622 0.466761 0.0356731 0.0689465
1 0.681441 0.46764 0.0311451 0.0717432
0 0.741218 0.390765 0.0325779 0.0714931
0 0.651331 0.625844 0.0368546 0.080731
0 0.788218 0.277993 0.0317371 0.0548758
1 0.337991 0.617225 0.039822 0.0768742
0 0.615244 0.467221 0.0283892 0.0713978
1 0.405417 0.622058 0.0418921 0.0808199
1 0.553444 0.395159 0.0294193 0.0689652
0 0.0594504 0.735045 0.054477 0.0762371
1 0.802571 0.62859 0.0448574 0.0928562
0 0.395084 0.469654 0.0370332 0.0797319
1 0.689837 0.629936 0.0411682 0.0836094
0 0.198482 0.402391 0.0418451 0.0588129
0 0.876053 0.622805 0.0507803 0.0908175
1 0.284755 0.292297 0.0340224 0.0671132
0 0.456264 0.470337 0.0310715 0.0765158
1 0.578291 0.623866 0.0367178 0.0831786
0 0.471233 0.745338 0.0436464 0.0865787
0 0.25153 0.401737 0.0384342 0.0626223
1 0.83788 0.391129 0.0371639 0.0688986
0 0.761611 0.280192 0.0275619 0.0663831
1 0.560937 0.283842 0.0245207 0.0543906
1 0.430138 0.290755 0.0257089 0.0633091
1 0.731557 0.28142 0.029813 0.0593714
1 0.541704 0.623098 0.0368815 0.0807559
1 0.302737 0.61891 0.0407552 0.0732422
1 0.152904 0.619041 0.0458794 0.0802904
1 0.708875 0.390692 0.0369926 0.0728283
0 0.80602 0.39069 0.0330208 0.0722893
0 0.7016 0.280881 0.0263181 0.052483
0 0.232917 0.459838 0.0396297 0.0865095
0 0.187263 0.618701 0.0453977 0.0811976
0 0.28163 0.400587 0.0399355 0.0596442
0 0.235564 0.289683 0.0368655 0.0608034
0 0.176985 0.46095 0.0376609 0.0781786
1 0.614794 0.622905 0.034852 0.0834881
1 0.335089 0.29096 0.0324829 0.0632097
1 0.427972 0.46595 0.0375157 0.0828413
0 0.377537 0.288865 0.0332562 0.0642544
1 0.71208 0.467382 0.0358293 0.0698265
1 0.505905 0.62601 0.0361202 0.0880061
1 0.336112 0.470163 0.0315907 0.0868475
1 0.680004 0.394004 0.0306715 0.0729205
0 0.583462 0.396508 0.0295424 0.0621951
0 0.673289 0.282021 0.0280925 0.0546279
1 0.481114 0.289457 0.0286106 0.0598512
0 0.506463 0.287464 0.0255425 0.053861
0 0.817545 0.275086 0.0372837 0.0631857
1 0.122266 0.615988 0.0456809 0.082126
0 0.522374 0.395984 0.0304007 0.0610894
0 0.404867 0.291104 0.0278334 0.059105
0 0.35102 0.40209 0.0363699 0.0592901
0 0.455381 0.28902 0.0270271 0.0645046
1 0.619287 0.283075 0.0241478 0.0594699
1 0.552543 0.466679 0.026781 0.0707939
0 0.0265528 0.732679 0.0489995 0.0700481
