0 0.13798 0.739074 0.0550418 0.0851545
0 0.375641 0.402029 0.0357706 0.0611895
0 0.773772 0.392014 0.0379665 0.0754187
0 0.258622 0.737409 0.0523853 0.0875401
0 0.313197 0.403042 0.0371255 0.0610854
0 0.219942 0.615797 0.0428105 0.0804042
0 0.0943203 0.738073 0.0570446 0.0853704
0 0.647041 0.388306 0.0309437 0.0716542
0 0.405233 0.620683 0.0410055 0.0790304
0 0.177341 0.738981 0.0592087 0.0890417
0 0.519961 0.467874 0.0337552 0.0724528
0 0.290406 0.465774 0.0370709 0.081315
0 0.584107 0.466099 0.0317349 0.0703603
0 0.613639 0.391639 0.0349398 0.0648522
0 0.456673 0.469986 0.0306524 0.0749859
0 0.3728 0.620653 0.0492496 0.0847702
0 0.48988 0.46974 0.0318973 0.0738438
0 0.21979 0.738758 0.0545236 0.0926464
0 0.764368 0.624732 0.0407935 0.090279
0 0.533451 0.285782 0.0266459 0.0569803
1 0.252531 0.620655 0.0437017 0.0773365
0 0.300034 0.735029 0.0526106 0.0803366
0 0.205101 0.462002 0.0450155 0.0812878
0 0.466166 0.396675 0.0339318 0.0631175
0 0.779549 0.463348 0.0396718 0.073486
0 0.710126 0.389222 0.0357249 0.0728398
0 0.436428 0.39671 0.0342846 0.0592386
0 0.344844 0.739083 0.05239 0.0785498
0 0.223985 0.400226 0.040687 0.0629383
0 0.336459 0.469069 0.032075 0.0843681
0 0.429399 0.742733 0.0498984 0.0826482
0 0.428462 0.46409 0.037158 0.0832212
0 0.740895 0.390051 0.0328518 0.0710164
0 0.816567 0.273946 0.0364386 0.0610198
0 0.875941 0.621355 0.0488392 0.0893763
0 0.579009 0.62203 0.0364549 0.0842329
0 0.387431 0.746102 0.0506789 0.0845241
0 0.471347 0.621399 0.0366512 0.0820951
0 0.813237 0.465225 0.0359394 0.0686142
0 0.849392 0.459449 0.0424294 0.0746664
0 0.788081 0.276393 0.0307447 0.054695
0 0.746887 0.466652 0.033256 0.0726361
0 0.681338 0.466425 0.0313094 0.0713032
0 0.506137 0.625632 0.0373297 0.0897317
0 0.542323 0.62189 0.0367016 0.0810808
0 0.408715 0.396878 0.0341702 0.0590969
0 0.689407 0.627965 0.041256 0.0859106
0 0.496401 0.395882 0.032503 0.0610727
0 0.761579 0.278519 0.0278062 0.0644363
0 0.338403 0.615958 0.0397386 0.0792109
0 0.198622 0.401778 0.0421702 0.0575765
0 0.187121 0.618372 0.045759 0.0787272
0 0.647142 0.465865 0.0314445 0.0724455
0 0.368343 0.466646 0.0418445 0.0828016
0 0.838804 0.623258 0.0423683 0.0918652
0 0.727741 0.624969 0.0423506 0.0825753
0 0.650847 0.624592 0.0364528 0.0822258
0 0.802572 0.627647 0.045248 0.094425
0 0.614889 0.62039 0.0346661 0.083444
0 0.712485 0.465814 0.0355999 0.0666147
0 0.590075 0.28197 0.0299633 0.0583996
0 0.470829 0.743722 0.0434755 0.0843107
0 0.232378 0.45837 0.0394468 0.0873325
0 0.439847 0.622036 0.0409141 0.0796797
0 0.644267 0.281161 0.02572 0.055466
0 0.260199 0.289948 0.0354462 0.0643963
0 0.281486 0.400603 0.0389703 0.0591343
0 0.511442 0.748358 0.0451256 0.0874916
0 0.805616 0.389512 0.033489 0.0723575
0 0.731259 0.279896 0.0297915 0.0577886
0 0.614984 0.466894 0.028646 0.0714376
0 0.336265 0.290191 0.0344144 0.0636757
0 0.560871 0.282394 0.0242998 0.0542335
0 0.285135 0.290177 0.0333849 0.065311
0 0.83837 0.390964 0.0368002 0.0663315
0 0.679732 0.393362 0.0310872 0.0742533
1 0.304448 0.61638 0.041087 0.0708869
0 0.236167 0.287946 0.0358894 0.0606913
0 0.583265 0.396054 0.0293944 0.0623237
0 0.261215 0.467326 0.04055 0.0811971
0 0.672986 0.280877 0.0279974 0.0541833
0 0.553985 0.394954 0.0297904 0.0687919
0 0.311872 0.289088 0.0377373 0.065854
0 0.058802 0.735358 0.0543864 0.077928
0 0.250907 0.400582 0.0387374 0.0631674
0 0.378094 0.287653 0.0332078 0.061394
1 0.395676 0.469659 0.0366807 0.075613
0 0.480665 0.287958 0.0283871 0.0600328
0 0.522218 0.395319 0.0312084 0.0613551
0 0.701857 0.279673 0.0268177 0.0519299
0 0.404677 0.289559 0.026762 0.0596224
0 0.351388 0.40044 0.0339266 0.058309
0 0.430081 0.289602 0.0261057 0.0634934
0 0.61891 0.281513 0.0250916 0.0594799
0 0.151498 0.618056 0.0455316 0.0782837
0 0.506045 0.286828 0.0260537 0.0553492
0 0.455336 0.28802 0.0258217 0.0631405
0 0.552194 0.465316 0.0274478 0.0673005
0 0.176512 0.459149 0.0356826 0.0767988
0 0.124013 0.614914 0.0471096 0.0826283
0 0.0258805 0.732721 0.0484064 0.0714767
