1 0.814796 0.465239 0.0388978 0.0722455
1 0.258677 0.741565 0.0522223 0.0804388
1 0.369211 0.621324 0.0402454 0.0762267
1 0.258761 0.290242 0.0376244 0.0621502
1 0.332564 0.290111 0.0306179 0.0622428
1 0.136036 0.740955 0.0514841 0.0778628
1 0.437784 0.621926 0.0429781 0.0807676
1 0.561182 0.285615 0.0310592 0.0544348
1 0.33555 0.620524 0.045567 0.0752906
1 0.185702 0.618595 0.0471081 0.0767328
1 0.781173 0.466659 0.0381131 0.0720742
1 0.534634 0.286125 0.0308018 0.0554367
1 0.543077 0.622022 0.0372592 0.0786747
1 0.730896 0.282876 0.028613 0.0545986
1 0.219549 0.619026 0.0439667 0.0763866
1 0.471148 0.622485 0.0397287 0.0805977
1 0.400981 0.289379 0.0293215 0.060102
1 0.520778 0.467424 0.0308375 0.0735169
1 0.427812 0.289113 0.0301235 0.0592099
1 0.688439 0.624189 0.0396889 0.0818553
1 0.256109 0.619877 0.0440113 0.0754124
1 0.453774 0.288611 0.0289336 0.0582087
1 0.489762 0.467526 0.0361432 0.0744713
1 0.677411 0.394053 0.0318127 0.0647738
1 0.615588 0.466897 0.0351003 0.0712755
1 0.404744 0.621595 0.0409143 0.0797778
1 0.709275 0.393726 0.0370708 0.0657125
