1 0.138079 0.738712 0.0541413 0.0867527
1 0.175928 0.739498 0.0588104 0.0902008
1 0.299397 0.735182 0.0527555 0.0821369
0 0.094695 0.737135 0.055288 0.0854612
0 0.385991 0.745817 0.0526996 0.0857863
1 0.70936 0.389291 0.0357033 0.0715686
1 0.187962 0.618289 0.0446998 0.0802845
1 0.368543 0.466483 0.0416416 0.0822868
1 0.375881 0.400881 0.035179 0.0636616
1 0.219934 0.616865 0.0420461 0.0781521
1 0.481268 0.28804 0.0280666 0.0624188
1 0.496366 0.394779 0.0322934 0.0612218
1 0.801371 0.627768 0.044224 0.0938023
1 0.553473 0.394111 0.0297735 0.0690369
1 0.763713 0.625436 0.0411327 0.0895481
1 0.428208 0.464948 0.0368857 0.0807692
1 0.470672 0.745322 0.0421392 0.0863821
0 0.344555 0.737986 0.051929 0.0792625
1 0.779032 0.462954 0.0389651 0.0753675
1 0.614307 0.62049 0.0355394 0.084232
0 0.219283 0.737012 0.0534048 0.0904142
1 0.373466 0.620225 0.0486697 0.0821892
1 0.0588203 0.735348 0.053473 0.0800731
1 0.394769 0.467998 0.0368269 0.0778454
1 0.740785 0.390333 0.0330359 0.0696971
1 0.613991 0.391237 0.0342911 0.0646101
0 0.42905 0.742407 0.0501593 0.082925
1 0.578583 0.62238 0.0365309 0.0851134
1 0.257767 0.737359 0.055095 0.0878871
1 0.338445 0.617506 0.0410815 0.077815
1 0.64628 0.465075 0.0310436 0.0732216
1 0.815947 0.273822 0.0363932 0.0622032
1 0.727162 0.623376 0.0426491 0.0814827
1 0.31144 0.289439 0.0362616 0.0666964
1 0.848603 0.459237 0.0423363 0.0752954
1 0.74662 0.465053 0.0342139 0.0740826
1 0.123186 0.615368 0.0496736 0.0804337
1 0.489199 0.468612 0.0322904 0.0749445
1 0.430008 0.289988 0.0255617 0.0637287
1 0.313373 0.402326 0.0390738 0.0644381
1 0.583657 0.466356 0.0320109 0.0732071
1 0.50506 0.624603 0.036709 0.0875574
1 0.812799 0.465464 0.0359257 0.0706505
1 0.650539 0.624251 0.0368607 0.0827869
1 0.688821 0.625992 0.0412527 0.0859121
1 0.336149 0.468752 0.0321567 0.0847368
1 0.260926 0.466835 0.042443 0.0801288
1 0.80782 0.389168 0.0342775 0.069146
1 0.787213 0.276276 0.031007 0.055233
1 0.405682 0.621235 0.0402971 0.0797058
1 0.350718 0.401171 0.0358467 0.0599401
1 0.37618 0.287361 0.0340759 0.064416
1 0.456312 0.469162 0.0303585 0.0743576
1 0.87572 0.621651 0.0504002 0.0887032
1 0.519252 0.467256 0.0323168 0.0736534
1 0.541615 0.621412 0.0368881 0.080901
1 0.471155 0.622725 0.035942 0.0822389
1 0.439852 0.621771 0.0413698 0.0798778
1 0.613996 0.466066 0.0284323 0.0724558
1 0.673279 0.279534 0.0272875 0.0541652
1 0.154065 0.617961 0.0441158 0.0800207
1 0.583245 0.395305 0.0303293 0.0637204
1 0.64631 0.388678 0.0308659 0.071108
1 0.253279 0.621906 0.0422699 0.0727118
1 0.281951 0.399822 0.0394395 0.0604383
1 0.204696 0.46225 0.0431258 0.0802973
1 0.176229 0.461364 0.0385323 0.077802
1 0.731088 0.27913 0.029739 0.0580571
1 0.533219 0.285296 0.0263696 0.0564688
1 0.455014 0.288752 0.026465 0.0651258
1 0.760932 0.277963 0.0283164 0.0639276
1 0.251127 0.400829 0.0405732 0.062322
1 0.838414 0.623933 0.0431644 0.0897345
1 0.560996 0.283092 0.0253883 0.0553482
1 0.465819 0.394953 0.0347422 0.0642884
1 0.232215 0.462262 0.0395408 0.0802327
1 0.259469 0.289573 0.0367583 0.0659172
1 0.711694 0.464523 0.034823 0.0672209
1 0.521856 0.394201 0.0314013 0.0632113
1 0.2851 0.29087 0.0353107 0.0680367
1 0.773945 0.391699 0.0389084 0.0754977
1 0.618982 0.282157 0.0239082 0.05925
1 0.510862 0.748547 0.0459406 0.0880537
1 0.643406 0.281039 0.027355 0.0574354
1 0.408376 0.396377 0.0333815 0.060298
1 0.680197 0.392347 0.0309219 0.074554
1 0.302971 0.617528 0.0399566 0.0714623
1 0.589613 0.282904 0.0297404 0.0586683
1 0.222653 0.400368 0.0436234 0.0615307
1 0.506499 0.286115 0.0256381 0.0537951
1 0.289832 0.465584 0.0378297 0.0815819
1 0.404448 0.28998 0.0274419 0.0592141
1 0.839578 0.390459 0.0357437 0.0667686
1 0.68084 0.465808 0.0322458 0.0687584
1 0.436541 0.395476 0.0336945 0.0595845
1 0.701047 0.279356 0.0274865 0.0518195
1 0.335671 0.289387 0.0330382 0.0639378
1 0.234979 0.288453 0.0364625 0.0618537
1 0.194585 0.400832 0.043228 0.0608503
1 0.551451 0.465885 0.0280298 0.0697109
1 0.0225343 0.735111 0.043693 0.0819027
