1 0.138216 0.739192 0.0545609 0.0848503
0 0.299586 0.735858 0.0523685 0.0829844
0 0.773851 0.392615 0.0375249 0.0756883
0 0.177405 0.739285 0.0573957 0.0893951
0 0.25748 0.738522 0.054847 0.0901997
0 0.219224 0.737135 0.0549644 0.0924044
0 0.408268 0.396257 0.0334443 0.057621
0 0.386482 0.746535 0.0532048 0.0850323
0 0.0955549 0.73769 0.0546747 0.0820375
1 0.506139 0.626593 0.0376986 0.0881552
1 0.260734 0.467099 0.0405458 0.081287
0 0.187814 0.619099 0.045971 0.0793742
1 0.541891 0.621667 0.0359406 0.0793291
1 0.429669 0.741473 0.050078 0.0822145
0 0.643908 0.281903 0.0257403 0.0553938
1 0.709743 0.390296 0.0357434 0.0733515
1 0.647232 0.465488 0.0309038 0.0710363
1 0.428156 0.463119 0.0384207 0.082411
0 0.77895 0.463495 0.0398333 0.0734861
1 0.372698 0.620853 0.0495475 0.0841479
0 0.510436 0.748167 0.0463919 0.0874034
0 0.343987 0.739963 0.0527467 0.0813732
1 0.817012 0.274448 0.036903 0.0622991
0 0.235634 0.289602 0.0363122 0.0612616
0 0.0604736 0.732841 0.0521104 0.0729675
1 0.689894 0.627927 0.0411694 0.0831355
0 0.151224 0.616682 0.0479573 0.0833067
1 0.764586 0.627329 0.0409868 0.0879379
0 0.224323 0.400938 0.041181 0.0632264
0 0.583806 0.467528 0.0303959 0.0725322
0 0.435324 0.396516 0.0345628 0.0589054
1 0.61495 0.466518 0.0293511 0.0705587
0 0.741131 0.391545 0.0325377 0.071554
0 0.673434 0.281473 0.027622 0.0535327
0 0.313044 0.403169 0.0379657 0.0600641
0 0.848259 0.459828 0.0422825 0.0747435
1 0.405544 0.620821 0.041288 0.0789116
0 0.260101 0.29107 0.0369572 0.0652524
1 0.651686 0.625811 0.0369363 0.0842204
0 0.614323 0.391211 0.033979 0.0660097
1 0.680053 0.393943 0.0311487 0.0759734
1 0.490306 0.469494 0.032217 0.0740219
1 0.838064 0.624862 0.0404415 0.0897402
0 0.198276 0.402273 0.0414563 0.0573262
1 0.30352 0.617922 0.0403142 0.0711466
0 0.647137 0.38887 0.030932 0.0754404
1 0.368409 0.466589 0.0419263 0.0828875
0 0.55422 0.394616 0.0296358 0.0699277
1 0.22012 0.618216 0.0423524 0.0766933
1 0.465829 0.395851 0.0353855 0.0654293
0 0.813061 0.465901 0.0356548 0.0697613
0 0.589893 0.283729 0.0293682 0.0584594
1 0.439946 0.622062 0.0408087 0.0819761
1 0.253094 0.623102 0.0419184 0.0748194
1 0.615071 0.621395 0.0361982 0.0845909
1 0.533708 0.286051 0.0276561 0.058008
1 0.746731 0.467396 0.0336936 0.073995
1 0.57866 0.621571 0.0374841 0.0831556
1 0.728281 0.626259 0.0422796 0.0807149
0 0.403986 0.289001 0.0282447 0.0634217
0 0.583591 0.395762 0.0302841 0.0637372
1 0.376591 0.400909 0.0341846 0.0617069
1 0.802428 0.628462 0.0446286 0.0928619
0 0.232271 0.458984 0.039182 0.0870064
1 0.338536 0.617082 0.0400797 0.0769844
1 0.285317 0.29153 0.0347306 0.0669411
1 0.204705 0.461949 0.0419565 0.0814755
0 0.552125 0.466289 0.0272171 0.0707829
0 0.837941 0.391409 0.0373581 0.0656483
0 0.177776 0.459829 0.0386384 0.0790312
0 0.335072 0.290288 0.0335678 0.0621207
1 0.520199 0.468209 0.0334646 0.072982
0 0.470795 0.744738 0.0426001 0.0857767
1 0.455872 0.46875 0.031074 0.0747001
0 0.480627 0.288816 0.0286633 0.0599413
0 0.681065 0.466997 0.0323841 0.0702181
0 0.312214 0.289943 0.0367202 0.0647892
0 0.280587 0.401454 0.0396436 0.0591516
0 0.561925 0.28351 0.0253325 0.0563125
0 0.395754 0.468188 0.0352702 0.0758564
1 0.290389 0.466642 0.0369436 0.0791872
0 0.788103 0.277039 0.0299856 0.0536198
0 0.522449 0.395737 0.0320121 0.0638593
0 0.25131 0.400731 0.0382271 0.0622822
1 0.761894 0.278306 0.0273313 0.0656582
1 0.805655 0.389283 0.0331184 0.0724654
0 0.874567 0.623436 0.0497997 0.0879889
1 0.120062 0.613858 0.0462223 0.0846922
1 0.472198 0.621987 0.0369011 0.081268
0 0.430049 0.290031 0.0263292 0.0628113
0 0.496529 0.39563 0.0328205 0.0613943
1 0.337595 0.46948 0.0301427 0.0853036
1 0.711762 0.467487 0.0360785 0.0686273
0 0.505862 0.287992 0.0260854 0.0544864
0 0.73059 0.280593 0.0301636 0.0588304
0 0.45557 0.28956 0.0252516 0.0635473
1 0.351355 0.401884 0.0361071 0.0601477
0 0.701041 0.280605 0.0262951 0.0513938
0 0.618642 0.282646 0.0251762 0.0605328
0 0.377669 0.28877 0.0324568 0.0655739
0 0.02791 0.730247 0.0508164 0.0688826
