0 0.299404 0.734941 0.0528704 0.081773
0 0.258188 0.737052 0.0532764 0.0887194
1 0.178118 0.739284 0.0579642 0.0897179
1 0.138741 0.7392 0.0564533 0.0863123
1 0.849195 0.45966 0.0429491 0.0770702
1 0.376892 0.400529 0.03489 0.063097
0 0.0594434 0.733795 0.0534305 0.0776762
1 0.312312 0.289926 0.0371604 0.0664855
0 0.386995 0.745948 0.0516521 0.084095
0 0.219196 0.7363 0.0549939 0.0929525
1 0.672901 0.280522 0.0277394 0.0550636
1 0.584096 0.466049 0.0321559 0.0717085
1 0.740779 0.392202 0.0328909 0.0691152
0 0.344388 0.738944 0.052696 0.0786407
1 0.0963848 0.737551 0.0546902 0.0836361
1 0.312673 0.402703 0.0382822 0.0630962
1 0.70993 0.391531 0.0351854 0.0711629
1 0.42949 0.741351 0.0505974 0.0833881
1 0.689282 0.627933 0.0413369 0.0828871
1 0.368642 0.467834 0.0425539 0.0823463
1 0.651187 0.624939 0.0367445 0.0816333
1 0.647225 0.462864 0.0302265 0.0717144
1 0.764023 0.627313 0.0406097 0.0870008
0 0.261285 0.467072 0.0402244 0.0802805
1 0.224039 0.400075 0.0410064 0.0632614
1 0.496425 0.395124 0.0320782 0.0606456
1 0.46676 0.396005 0.0347279 0.0635177
1 0.396455 0.468404 0.038099 0.078319
1 0.801777 0.628806 0.0457333 0.0909864
1 0.542474 0.619571 0.0364019 0.0780076
1 0.505855 0.623388 0.0381215 0.0895704
1 0.408633 0.395891 0.033294 0.0588635
1 0.489809 0.468568 0.0320643 0.0741024
1 0.253389 0.621509 0.0420742 0.0763237
1 0.578636 0.622022 0.0361691 0.0846613
1 0.519463 0.467084 0.0333476 0.0743021
1 0.614738 0.621123 0.0361509 0.0858954
1 0.817017 0.274911 0.0381994 0.0638528
1 0.481561 0.289008 0.0295268 0.0635714
1 0.188434 0.617834 0.0440988 0.0821037
1 0.428181 0.464469 0.0367308 0.0818506
1 0.220784 0.616355 0.0431927 0.080298
1 0.646543 0.388979 0.0310144 0.0710367
1 0.404768 0.620215 0.0420111 0.0803757
1 0.813406 0.466168 0.0366658 0.0691155
1 0.154533 0.617487 0.0458181 0.0825735
1 0.679909 0.39384 0.0312628 0.0744887
1 0.372554 0.619913 0.0497584 0.0846983
1 0.338554 0.615615 0.0403474 0.0768715
1 0.786893 0.277147 0.0321705 0.0566011
1 0.351708 0.40093 0.0350191 0.0591558
1 0.435773 0.396063 0.0346949 0.0601179
1 0.778879 0.463674 0.0393513 0.0723926
1 0.773693 0.393469 0.037623 0.0754073
1 0.74637 0.466144 0.0329523 0.0704907
1 0.727106 0.62554 0.0412552 0.0817955
1 0.510759 0.748053 0.0468645 0.0851389
1 0.231781 0.462536 0.0403942 0.0830069
1 0.61363 0.391215 0.0351274 0.0646237
1 0.590528 0.283081 0.0296995 0.0607935
1 0.471204 0.619474 0.0364571 0.082423
1 0.439394 0.621379 0.0401354 0.0819479
1 0.805483 0.390662 0.0341467 0.0685844
1 0.838136 0.626075 0.0410967 0.0899908
1 0.206076 0.461998 0.0448577 0.0822824
1 0.875973 0.62232 0.0508381 0.0897585
1 0.176387 0.461841 0.0366592 0.0792007
1 0.303462 0.616901 0.0393192 0.0698413
1 0.280943 0.400438 0.0388673 0.0609963
1 0.730398 0.281263 0.0301612 0.0603774
1 0.712707 0.465474 0.0352707 0.0673269
1 0.430764 0.291008 0.0257198 0.0628576
1 0.506731 0.287119 0.0255034 0.0545889
1 0.700131 0.279548 0.0271195 0.0526254
1 0.522286 0.394347 0.0314582 0.062937
1 0.235712 0.289101 0.0367867 0.0600376
1 0.336292 0.468836 0.0313705 0.0857803
1 0.614803 0.465738 0.0281065 0.0706583
1 0.290489 0.465546 0.036516 0.0776881
1 0.642879 0.28189 0.0270868 0.0563028
1 0.583172 0.395349 0.0295393 0.0600228
1 0.378352 0.287964 0.0335671 0.0644687
1 0.456762 0.468763 0.0303082 0.0743372
1 0.259986 0.290476 0.0355349 0.0651975
1 0.838261 0.391621 0.0366772 0.0673553
1 0.532964 0.286695 0.0255037 0.0582882
1 0.405023 0.29076 0.027979 0.0591608
1 0.19789 0.400424 0.0431887 0.0611841
1 0.335452 0.290623 0.0345338 0.0640602
1 0.285724 0.290897 0.0347674 0.0675003
1 0.681403 0.466063 0.0330843 0.0707024
0 0.470441 0.74516 0.0419266 0.08686
1 0.252024 0.400592 0.0389283 0.0632401
1 0.560657 0.282741 0.0259429 0.0582674
1 0.61897 0.28254 0.0234317 0.0602245
1 0.552285 0.464671 0.0273618 0.0695171
1 0.554789 0.395243 0.0285286 0.0660543
1 0.123943 0.61496 0.0477033 0.0829321
1 0.455527 0.289263 0.0266049 0.0647286
1 0.760117 0.27788 0.0271996 0.0649387
0 0.0269107 0.731691 0.0500101 0.0728388
