0 0.258492 0.736802 0.0525301 0.086755
1 0.137041 0.738095 0.052472 0.0856021
0 0.0946749 0.737539 0.0558159 0.0851429
0 0.219438 0.73675 0.0542191 0.0916018
1 0.690514 0.628404 0.0404124 0.0829659
0 0.335044 0.29057 0.0341818 0.0634876
1 0.252867 0.621872 0.0423768 0.0759947
0 0.456331 0.46937 0.0308222 0.0745028
0 0.299773 0.73424 0.0525013 0.0797613
0 0.773714 0.392023 0.0379556 0.0758454
0 0.375681 0.40205 0.0364719 0.0620955
1 0.31163 0.289192 0.036072 0.0659649
0 0.428123 0.464674 0.0363224 0.0821837
1 0.442149 0.62192 0.0430996 0.0807103
0 0.812623 0.465881 0.0369792 0.0695422
1 0.304454 0.617536 0.0404196 0.0722752
1 0.313206 0.402792 0.0372541 0.0602486
1 0.176941 0.738982 0.0632628 0.0902657
1 0.470244 0.742882 0.0441982 0.0833347
0 0.542078 0.621929 0.0369009 0.0818386
0 0.34413 0.739232 0.0517146 0.080655
0 0.223726 0.400683 0.0400702 0.0631495
0 0.259948 0.291274 0.0356873 0.0645387
0 0.408551 0.396881 0.0345599 0.0602026
0 0.788366 0.277064 0.0309869 0.0541
0 0.741172 0.389551 0.0326337 0.0718009
0 0.763954 0.626486 0.0413038 0.0905407
1 0.339652 0.617397 0.0411288 0.0803536
0 0.506314 0.626508 0.0368575 0.089836
1 0.368194 0.466519 0.0437183 0.0849203
0 0.387061 0.745258 0.0512532 0.0832305
0 0.428695 0.742271 0.0492687 0.0814604
0 0.816564 0.274493 0.0361593 0.0612088
0 0.849063 0.458955 0.0424408 0.0761267
1 0.373889 0.621709 0.0502981 0.0849308
0 0.436077 0.396669 0.0341692 0.0596868
0 0.584573 0.396802 0.029063 0.0585362
0 0.0587247 0.734798 0.0544474 0.0762785
0 0.614777 0.620584 0.0348443 0.0835817
1 0.837476 0.625399 0.0418129 0.0893524
0 0.578898 0.622075 0.0370039 0.0870237
0 0.802043 0.629028 0.0443384 0.0925556
1 0.152437 0.618023 0.0456483 0.0807752
0 0.560562 0.282712 0.0249096 0.0546741
0 0.204665 0.463094 0.0449355 0.0808096
0 0.726886 0.625441 0.0411055 0.0809467
1 0.378062 0.287752 0.0332603 0.0636035
1 0.219403 0.616618 0.0443647 0.0797838
1 0.647706 0.464022 0.0304803 0.0724806
0 0.583717 0.466427 0.0313453 0.0706175
0 0.285176 0.290943 0.0342102 0.0670324
1 0.614397 0.390984 0.0358757 0.0652866
0 0.589869 0.283041 0.0307562 0.059651
0 0.805763 0.389393 0.0335447 0.0707132
1 0.408125 0.62183 0.0438045 0.0810521
1 0.519539 0.467194 0.0328064 0.0713639
0 0.532864 0.285998 0.0268546 0.0574866
0 0.681449 0.466258 0.0318775 0.0706918
1 0.262441 0.467583 0.0423437 0.0791498
1 0.395329 0.4684 0.0373994 0.0788982
0 0.18609 0.618851 0.0454249 0.0794584
0 0.198379 0.401639 0.0422988 0.0587626
1 0.292262 0.46479 0.0373484 0.0817461
1 0.777756 0.463849 0.040674 0.0759944
1 0.710111 0.388474 0.0360697 0.0733708
1 0.876802 0.622111 0.0520016 0.0899131
0 0.235249 0.288426 0.0353739 0.0601363
1 0.651849 0.625086 0.0381085 0.0843421
0 0.838318 0.390655 0.0375935 0.0661694
0 0.511095 0.745741 0.0454346 0.0850975
1 0.121822 0.615279 0.0478025 0.084936
0 0.480988 0.288346 0.0290116 0.0611611
1 0.465371 0.396377 0.0334582 0.063284
1 0.489148 0.469288 0.0314627 0.0728273
1 0.645046 0.282026 0.0274972 0.0563509
0 0.280615 0.400521 0.0405638 0.0598656
1 0.555867 0.395312 0.029162 0.0688794
0 0.49558 0.395939 0.033122 0.0619844
1 0.745438 0.465851 0.032616 0.0702052
0 0.404997 0.290461 0.0277676 0.058674
1 0.33552 0.468012 0.0294442 0.0855734
1 0.43054 0.290228 0.0267632 0.0646643
1 0.762083 0.278967 0.0282228 0.0656812
0 0.250795 0.400827 0.0389887 0.0637398
1 0.232976 0.458805 0.0403945 0.0892218
1 0.615203 0.465572 0.0281881 0.0699519
0 0.731092 0.280454 0.0298227 0.0576166
0 0.673876 0.281745 0.0273477 0.0542097
1 0.712129 0.465738 0.035068 0.0663065
0 0.701874 0.280475 0.0267626 0.0519994
0 0.522548 0.395514 0.0316025 0.0623149
1 0.506133 0.286708 0.0259238 0.0547659
0 0.351919 0.400912 0.0336174 0.058601
1 0.681072 0.392368 0.0306056 0.0728206
0 0.47312 0.62259 0.0355118 0.0819017
0 0.455813 0.289508 0.0259405 0.0656321
0 0.176568 0.460642 0.036037 0.078194
0 0.64824 0.387655 0.0305454 0.0737417
1 0.551991 0.465747 0.0274382 0.0677959
0 0.619853 0.282459 0.0250324 0.0599918
0 0.0258033 0.731352 0.0475697 0.0681538
