1 0.370269 0.620397 0.0396927 0.0743526
1 0.337367 0.619849 0.0445622 0.073391
1 0.376109 0.290325 0.0291218 0.060751
1 0.815033 0.464492 0.0381664 0.0701586
1 0.217578 0.620842 0.0413274 0.0735077
1 0.616298 0.395142 0.0340073 0.0651708
1 0.712196 0.469242 0.0366514 0.0723316
1 0.186448 0.620208 0.0468523 0.0762644
1 0.466456 0.398717 0.0327266 0.060989
1 0.136298 0.742251 0.0516287 0.0776093
1 0.310657 0.291284 0.0357193 0.0621597
1 0.40619 0.621417 0.0419907 0.0781681
1 0.437944 0.623062 0.0406728 0.0779204
1 0.838138 0.392243 0.038671 0.0672609
1 0.401431 0.290195 0.0287717 0.0599113
1 0.560254 0.287295 0.0298815 0.055757
1 0.48037 0.289211 0.0302385 0.0568285
1 0.458226 0.46925 0.0363265 0.0757508
1 0.780715 0.466095 0.0369272 0.0700165
1 0.436487 0.399679 0.0334139 0.0607641
1 0.616531 0.470346 0.0339658 0.0707782
1 0.367028 0.470031 0.0378411 0.0810754
1 0.507079 0.623634 0.0366188 0.079685
1 0.648535 0.469246 0.0293707 0.0720155
