0 0.1379 0.739169 0.055334 0.0855413
0 0.218489 0.737642 0.055795 0.0908054
1 0.21973 0.617482 0.0425541 0.0796656
0 0.386619 0.745985 0.0521417 0.0840977
0 0.176412 0.740027 0.0580379 0.089534
1 0.817542 0.273324 0.0354639 0.0605124
1 0.337599 0.617318 0.0399375 0.0784028
0 0.299442 0.735721 0.0534258 0.0824282
1 0.18842 0.619779 0.0451174 0.0821734
1 0.312931 0.404005 0.038104 0.0636143
1 0.257551 0.737934 0.0538524 0.086946
0 0.344998 0.739225 0.0533072 0.0809048
1 0.154957 0.619583 0.0470237 0.0818935
0 0.0950928 0.738385 0.0564114 0.0846412
1 0.394799 0.469053 0.0371239 0.0774176
1 0.850267 0.460114 0.0431988 0.0747934
1 0.779924 0.464073 0.0407552 0.074827
1 0.652384 0.625009 0.0374302 0.0817271
1 0.372461 0.619505 0.0506572 0.0836462
1 0.875391 0.622852 0.0491035 0.0883654
0 0.510677 0.748577 0.0463336 0.0875116
1 0.690605 0.628529 0.0404922 0.0821889
1 0.506378 0.626131 0.0373385 0.0881365
1 0.25333 0.622157 0.0422692 0.0760588
1 0.614522 0.392052 0.0345175 0.0639837
1 0.480934 0.287578 0.0287165 0.0639389
1 0.0591081 0.735982 0.055165 0.0824392
1 0.614907 0.621177 0.035122 0.0824104
1 0.802367 0.628855 0.0452931 0.0926218
1 0.584427 0.46662 0.0324566 0.0729128
1 0.405082 0.620519 0.0413284 0.0785969
1 0.368938 0.467696 0.0419157 0.0819721
0 0.42972 0.742746 0.0497431 0.0834572
1 0.579047 0.623338 0.0369481 0.083882
1 0.312304 0.290106 0.0373172 0.0678217
0 0.471218 0.745216 0.0421053 0.0853636
1 0.542322 0.622221 0.0364845 0.079821
1 0.740955 0.390771 0.0325511 0.0703481
1 0.439386 0.622009 0.0404049 0.0806394
1 0.674162 0.280492 0.0276184 0.0553009
1 0.647273 0.465997 0.0314849 0.0744475
1 0.764141 0.625888 0.0397974 0.0881289
1 0.48949 0.469454 0.0330219 0.074539
1 0.520752 0.467293 0.0328924 0.074091
1 0.49604 0.395722 0.0331666 0.0609316
1 0.26167 0.467109 0.0411496 0.0797487
1 0.123204 0.615395 0.0468389 0.0817584
1 0.7893 0.275627 0.0315697 0.057932
1 0.377849 0.286584 0.0342655 0.0652397
1 0.590245 0.283095 0.0293232 0.0582988
1 0.727288 0.625237 0.0411509 0.082025
1 0.428128 0.464624 0.0368148 0.0812622
1 0.814152 0.466593 0.0351843 0.0681472
1 0.731963 0.278808 0.030541 0.0597908
1 0.28597 0.290769 0.0346014 0.0676536
1 0.773501 0.3929 0.0372118 0.0753607
1 0.838224 0.626632 0.0411911 0.088496
1 0.454738 0.287542 0.0268551 0.0686794
1 0.406549 0.397392 0.0335983 0.0587282
1 0.375155 0.401998 0.0348093 0.0634298
1 0.64516 0.28197 0.0278976 0.0583774
1 0.198505 0.400483 0.0440671 0.0610766
1 0.647321 0.389255 0.0308774 0.0715438
1 0.562579 0.282459 0.0252155 0.0558777
1 0.762507 0.277346 0.0282333 0.0661511
1 0.747081 0.466478 0.0333249 0.0724548
1 0.470955 0.622237 0.0361637 0.0814329
1 0.709386 0.390697 0.0352822 0.0710619
1 0.53306 0.285793 0.0270817 0.0573616
1 0.464426 0.396186 0.0346451 0.0630242
1 0.226961 0.399794 0.0417212 0.0622518
1 0.455739 0.469344 0.0293036 0.0744028
1 0.28178 0.400563 0.0396937 0.0609467
1 0.615927 0.467207 0.0283801 0.0730541
1 0.712956 0.466608 0.035058 0.0675714
1 0.290224 0.466189 0.0359261 0.0787609
1 0.176738 0.460886 0.0391452 0.0801052
1 0.682183 0.467808 0.0320717 0.0691118
1 0.26037 0.290741 0.0369378 0.0669345
1 0.554274 0.394204 0.0296722 0.0669233
1 0.429742 0.289234 0.0264779 0.064427
1 0.337777 0.289514 0.0320355 0.0644557
1 0.702239 0.279324 0.0264988 0.0539406
1 0.235679 0.288689 0.0361331 0.0617562
1 0.584303 0.395683 0.0297933 0.0616546
1 0.23284 0.462347 0.0412128 0.0811747
1 0.252719 0.401037 0.0390128 0.0631346
1 0.336293 0.469955 0.0313345 0.0856213
1 0.680121 0.393551 0.0313495 0.0738935
1 0.302857 0.617423 0.0394823 0.0716098
1 0.204784 0.462182 0.0434581 0.0816148
1 0.80553 0.390466 0.0337942 0.0717796
1 0.35085 0.401107 0.0366411 0.0611361
1 0.552429 0.465256 0.0276712 0.0700768
1 0.433969 0.396701 0.0349823 0.0598771
1 0.506381 0.285938 0.0259734 0.0551062
1 0.839753 0.389751 0.0387972 0.0701972
1 0.620039 0.282405 0.0249557 0.0617671
1 0.404385 0.289433 0.026507 0.0587723
1 0.521963 0.395221 0.0319389 0.0600179
0 0.0255647 0.732712 0.049629 0.0794325
