0 0.257559 0.737096 0.0539989 0.0876934
1 0.139409 0.738225 0.0561315 0.0866808
1 0.219521 0.618473 0.0434449 0.0786459
0 0.300104 0.735138 0.0531831 0.0818378
0 0.0950658 0.736142 0.0558466 0.083781
1 0.850206 0.460548 0.0427067 0.0758883
0 0.344074 0.740531 0.0518496 0.0813691
1 0.313997 0.402162 0.0389239 0.0643125
0 0.386528 0.745662 0.050878 0.085537
1 0.367971 0.467556 0.0417045 0.0820563
0 0.429551 0.740345 0.0492907 0.0800678
1 0.123426 0.615048 0.0473656 0.0836786
1 0.154336 0.618526 0.0450439 0.0822828
1 0.303358 0.618565 0.0403375 0.0715637
1 0.371621 0.620458 0.0482611 0.082761
1 0.395388 0.468493 0.0376128 0.0814686
1 0.218981 0.737513 0.0550875 0.0886366
1 0.764282 0.625445 0.0399414 0.0906143
1 0.338209 0.616133 0.0401472 0.0766615
1 0.187627 0.619409 0.0463728 0.079032
1 0.689513 0.628346 0.0404717 0.0832309
1 0.779046 0.463648 0.0399051 0.0720518
1 0.643785 0.280925 0.0270415 0.0577701
1 0.741927 0.391768 0.0326304 0.071583
1 0.802622 0.628729 0.0446171 0.0957079
1 0.252636 0.621883 0.0414984 0.0763261
1 0.540971 0.622208 0.037174 0.0814203
1 0.376732 0.401332 0.0348755 0.062762
1 0.35128 0.401226 0.0359984 0.0589238
1 0.745817 0.46589 0.0329292 0.0715132
1 0.439801 0.622741 0.0411044 0.0816942
1 0.761178 0.279394 0.0286407 0.0635926
1 0.838391 0.625424 0.0422474 0.0919357
0 0.471018 0.744443 0.0424454 0.0848718
0 0.176676 0.739869 0.057174 0.088895
1 0.428685 0.463834 0.0375309 0.0859247
1 0.456446 0.469353 0.0320662 0.0772099
1 0.405682 0.621721 0.0414129 0.0806602
0 0.0590607 0.733778 0.0538949 0.075844
1 0.647741 0.389965 0.0295608 0.0701971
1 0.408748 0.397407 0.0330461 0.0584314
1 0.496014 0.393983 0.032086 0.0630234
1 0.589623 0.282193 0.0284912 0.0601963
1 0.814007 0.466468 0.035144 0.0687191
1 0.488995 0.469854 0.0319351 0.075275
1 0.482314 0.287682 0.028494 0.0643091
1 0.728265 0.625398 0.0427408 0.0836323
1 0.583939 0.467025 0.0308891 0.0733374
1 0.510873 0.746901 0.0460664 0.0833172
1 0.465573 0.394713 0.0353878 0.0661004
1 0.613818 0.62243 0.0358291 0.0848182
1 0.311436 0.288709 0.0363656 0.0652729
1 0.47109 0.622292 0.0366105 0.0821697
1 0.177341 0.462223 0.0392287 0.0773083
1 0.285813 0.290206 0.0347394 0.0666888
1 0.613843 0.391163 0.0346638 0.065916
1 0.578074 0.622933 0.0369591 0.0820232
1 0.650819 0.623941 0.0376078 0.0820317
1 0.614951 0.466931 0.0270392 0.0714693
1 0.26113 0.467517 0.0406325 0.0791485
1 0.19846 0.400863 0.0435586 0.0620438
1 0.504668 0.625132 0.0366922 0.089444
1 0.83848 0.391897 0.0383762 0.0686468
1 0.560989 0.281463 0.0251089 0.0570401
1 0.252787 0.40111 0.0410214 0.0654332
1 0.817023 0.275346 0.0358147 0.0602146
1 0.335081 0.289774 0.0344128 0.0628633
1 0.5075 0.285219 0.0251032 0.0559606
1 0.376745 0.286326 0.034239 0.0657233
1 0.645975 0.464874 0.0311251 0.071003
1 0.519702 0.4673 0.032259 0.0720229
1 0.673449 0.281888 0.0287006 0.054157
1 0.336654 0.468604 0.0311796 0.0854153
1 0.680333 0.466411 0.0325521 0.0713686
1 0.582924 0.395344 0.0300904 0.0630169
1 0.282303 0.401289 0.0402866 0.0634792
1 0.730798 0.281494 0.0297534 0.0573477
1 0.235303 0.287847 0.0375888 0.0614491
1 0.711795 0.466317 0.0361526 0.0696343
1 0.875963 0.622259 0.0479778 0.0885887
1 0.77402 0.39312 0.0382608 0.0757692
1 0.456517 0.289298 0.0265852 0.0656962
1 0.553562 0.394918 0.0300646 0.0677662
1 0.290886 0.465784 0.0380623 0.0810123
1 0.533234 0.284016 0.0260971 0.0575893
1 0.430653 0.291071 0.026103 0.0634015
1 0.806088 0.390649 0.0337616 0.0722516
1 0.709964 0.391846 0.0351631 0.0722188
1 0.26048 0.289352 0.0364903 0.0650071
1 0.224869 0.400361 0.042454 0.0633582
1 0.679832 0.393727 0.0310522 0.0739919
1 0.437055 0.396798 0.0348097 0.0586192
1 0.787805 0.277637 0.0314978 0.0557795
1 0.205826 0.460662 0.044022 0.0808242
1 0.404201 0.289726 0.0288313 0.05915
1 0.232509 0.460769 0.0405282 0.085183
1 0.618547 0.28155 0.0243763 0.0602748
1 0.55213 0.465599 0.0280312 0.0696098
1 0.521952 0.395215 0.0308336 0.0617509
1 0.701242 0.281066 0.026158 0.0529145
0 0.0253141 0.731802 0.0473459 0.0722092
