1 0.338492 0.292312 0.0361799 0.0651332
1 0.218244 0.620803 0.0445901 0.0772892
1 0.678614 0.394705 0.0322672 0.0659595
1 0.714079 0.46779 0.0366631 0.0717796
1 0.40556 0.622547 0.0409567 0.0784644
1 0.13554 0.740971 0.052022 0.0779477
1 0.402391 0.291387 0.0304912 0.0623191
1 0.814249 0.464802 0.0393412 0.0698815
1 0.436966 0.623529 0.0421105 0.0786026
1 0.257666 0.621149 0.0480918 0.0742277
1 0.311549 0.292367 0.0380524 0.0650997
1 0.680521 0.467645 0.0338494 0.0710616
1 0.377291 0.291996 0.0316247 0.0638387
1 0.506357 0.288496 0.0315369 0.0574181
1 0.552072 0.466295 0.0315584 0.0676015
1 0.542256 0.62598 0.0347541 0.0750646
1 0.556391 0.397743 0.0316577 0.0580966
1 0.468549 0.745598 0.0415532 0.0726129
1 0.284446 0.292179 0.0379822 0.0644677
1 0.508436 0.74766 0.0418779 0.0708691
