0 0.138003 0.739658 0.0546359 0.0852911
0 0.25825 0.737321 0.0534688 0.0879511
0 0.376177 0.402493 0.0355803 0.0605093
0 0.0946537 0.737901 0.0569552 0.0845276
0 0.31285 0.405134 0.038023 0.0612751
0 0.773923 0.392178 0.0385418 0.0764894
0 0.299994 0.734678 0.052474 0.080447
0 0.710475 0.389952 0.035887 0.0723457
0 0.779575 0.463764 0.039241 0.0730007
0 0.614136 0.390305 0.0352688 0.0667659
0 0.489968 0.469122 0.032306 0.0728378
0 0.177298 0.738997 0.0584976 0.0891043
0 0.218753 0.737374 0.0556717 0.0929213
0 0.788144 0.277602 0.0311594 0.0542578
0 0.579034 0.623607 0.0362391 0.0868002
0 0.224531 0.400472 0.0406955 0.062891
0 0.76452 0.626365 0.041048 0.0888168
0 0.338247 0.61675 0.0405214 0.079154
0 0.542558 0.621943 0.0365518 0.0812232
0 0.204995 0.461508 0.0435031 0.0836053
0 0.533265 0.285825 0.0266447 0.0569354
0 0.38714 0.746868 0.0513006 0.0830544
0 0.152478 0.61902 0.0469559 0.080386
0 0.74069 0.390519 0.0329507 0.0711074
0 0.50672 0.625143 0.0363792 0.0887487
0 0.290188 0.466024 0.0376259 0.0816729
0 0.813511 0.4661 0.0353363 0.0687305
0 0.584099 0.466255 0.0316358 0.0700172
0 0.72784 0.626296 0.0414732 0.0825846
0 0.187986 0.61867 0.0456144 0.0805653
0 0.83823 0.624977 0.0412949 0.0877775
0 0.681041 0.466732 0.031369 0.0704124
0 0.372885 0.620857 0.0490504 0.0849752
0 0.644024 0.282345 0.0263065 0.055269
0 0.746829 0.46625 0.0334144 0.0720396
1 0.471712 0.622272 0.0375095 0.0817127
0 0.344554 0.739655 0.0527452 0.0796715
0 0.470788 0.744297 0.0419886 0.0847567
0 0.428343 0.463995 0.0369 0.0829404
0 0.761728 0.280108 0.0286954 0.0655753
0 0.43603 0.396401 0.0344889 0.0600214
0 0.456225 0.469651 0.0304104 0.0749685
0 0.689778 0.628586 0.0415373 0.0857461
1 0.405494 0.621702 0.0411878 0.0785917
0 0.395782 0.46875 0.0373523 0.0778578
0 0.615083 0.621318 0.0348455 0.0814472
0 0.511332 0.748996 0.046227 0.0867278
0 0.336437 0.469389 0.0317604 0.0839731
0 0.838797 0.390686 0.0372156 0.0677546
0 0.647122 0.389539 0.0308187 0.0705634
0 0.806226 0.389076 0.0339146 0.0733385
0 0.312339 0.289292 0.036984 0.0653626
0 0.260331 0.290307 0.0352325 0.0647347
0 0.495721 0.395867 0.0327156 0.062229
0 0.651378 0.625317 0.0367287 0.0818514
0 0.561151 0.282611 0.025275 0.0545738
0 0.198341 0.401208 0.0419366 0.057811
0 0.430139 0.742655 0.0497932 0.0821848
0 0.647408 0.466021 0.0310917 0.0719164
0 0.28589 0.290427 0.0337712 0.0659772
0 0.731182 0.281078 0.0304237 0.0588764
0 0.520026 0.467695 0.0333502 0.0727808
0 0.875213 0.623677 0.0499863 0.0876001
0 0.0589116 0.735478 0.0557396 0.0802313
0 0.802806 0.629584 0.0446682 0.0928494
0 0.218752 0.616104 0.0411778 0.0782375
0 0.368407 0.467404 0.0422509 0.082139
1 0.252798 0.621068 0.0445245 0.076998
0 0.122859 0.61633 0.0451453 0.0834988
0 0.506567 0.287254 0.0259473 0.0549835
0 0.40839 0.395919 0.0339042 0.0595852
0 0.23618 0.28836 0.036863 0.0615148
0 0.377142 0.288126 0.0314851 0.0641231
0 0.466386 0.396447 0.0343692 0.0645878
0 0.712203 0.466315 0.0358549 0.0677967
0 0.618409 0.282592 0.0255608 0.0590284
0 0.554631 0.395236 0.0289353 0.067165
0 0.61476 0.466543 0.0284973 0.0703678
0 0.232265 0.460208 0.0394181 0.0872417
0 0.680286 0.393854 0.0314196 0.0742868
0 0.44008 0.62242 0.041291 0.0797351
0 0.59004 0.283263 0.0292383 0.0586012
0 0.849518 0.458717 0.0422476 0.0771108
0 0.336594 0.290765 0.0337531 0.0628204
0 0.481193 0.288584 0.0284269 0.0622994
0 0.816656 0.27504 0.0361023 0.059986
0 0.522156 0.395332 0.0313793 0.0631864
0 0.583439 0.395914 0.0299782 0.0620809
0 0.351427 0.402209 0.0355849 0.0588213
1 0.302961 0.618671 0.0411036 0.0704765
0 0.673521 0.281578 0.027729 0.0542757
0 0.404214 0.289564 0.0275858 0.0613045
0 0.251495 0.401119 0.0387338 0.0630149
0 0.429762 0.289961 0.0266123 0.0638209
0 0.552765 0.465537 0.0268648 0.067557
0 0.280515 0.401902 0.0400493 0.0602482
0 0.455516 0.28953 0.0264664 0.0656221
0 0.701388 0.280678 0.0270044 0.0520165
0 0.260554 0.467135 0.0411548 0.0817902
1 0.177053 0.460084 0.0375016 0.0799768
0 0.0263019 0.733623 0.0495901 0.0742842
