0 0.0589715 0.733233 0.0526452 0.0768261
0 0.219584 0.737033 0.0538048 0.0889135
0 0.344427 0.740313 0.0515778 0.0799391
1 0.13741 0.737238 0.0560781 0.0852434
0 0.177256 0.737694 0.0571513 0.0866671
1 0.367149 0.465392 0.0423334 0.084185
0 0.386468 0.745737 0.0519176 0.0830524
1 0.395419 0.467579 0.0374823 0.080742
0 0.470789 0.74403 0.0432389 0.0856747
0 0.429256 0.741241 0.049231 0.0794674
1 0.253208 0.620721 0.042258 0.0773729
1 0.740883 0.391084 0.0329271 0.0690824
1 0.220692 0.61599 0.0417819 0.0798763
1 0.54193 0.621407 0.0370663 0.0801184
0 0.299812 0.734441 0.0530349 0.0784293
1 0.690252 0.628486 0.0417957 0.0826199
1 0.205376 0.4614 0.0432475 0.0808909
1 0.338018 0.616698 0.0405153 0.0784962
1 0.428645 0.463147 0.0383062 0.0849648
1 0.312418 0.403105 0.037393 0.0629618
1 0.848977 0.459747 0.0429218 0.0744421
1 0.818409 0.274743 0.0363903 0.0622582
1 0.709697 0.390672 0.0350229 0.0705371
1 0.257254 0.736143 0.053357 0.0883238
1 0.80733 0.391284 0.0336302 0.0703551
1 0.262747 0.467495 0.0422987 0.0808504
1 0.470567 0.621323 0.0358372 0.081529
1 0.763759 0.626783 0.0406315 0.0904455
1 0.094652 0.737108 0.0533058 0.0842058
1 0.439422 0.622112 0.0411023 0.0829744
1 0.647586 0.389634 0.030169 0.0704169
1 0.673078 0.281421 0.0272028 0.0537556
1 0.236006 0.289116 0.0370998 0.0630439
1 0.30329 0.617612 0.0394662 0.0718658
1 0.405933 0.620376 0.0418165 0.0820299
1 0.505478 0.624598 0.0367163 0.0868594
1 0.680698 0.394423 0.0310506 0.0755618
1 0.584402 0.466196 0.030925 0.0724722
1 0.519359 0.466981 0.0333614 0.072202
1 0.280988 0.400556 0.0408802 0.0607889
1 0.121831 0.614107 0.0473593 0.0837231
1 0.375946 0.400778 0.0352843 0.063332
1 0.838747 0.626255 0.0425575 0.0873566
1 0.153005 0.616669 0.0464302 0.080875
1 0.802034 0.628864 0.0454641 0.092897
1 0.590903 0.283064 0.0298191 0.0610966
1 0.578702 0.622438 0.036693 0.0844048
1 0.644396 0.281849 0.0268064 0.0564655
1 0.456286 0.469044 0.0318127 0.0754829
1 0.533882 0.286671 0.0265293 0.0575953
1 0.29216 0.464634 0.0365193 0.080368
1 0.614508 0.621143 0.035615 0.0847185
1 0.876164 0.623213 0.0490635 0.0882595
1 0.489478 0.468898 0.031945 0.0738466
1 0.26041 0.290465 0.0351969 0.0660488
1 0.481158 0.288604 0.0275269 0.0626957
1 0.408552 0.395753 0.0335445 0.0589046
1 0.49668 0.39549 0.0324224 0.0615233
1 0.466023 0.396131 0.0349865 0.0646101
1 0.510793 0.746656 0.0466578 0.0843361
1 0.778412 0.463511 0.0408979 0.0774933
1 0.727668 0.625578 0.0418771 0.0847155
1 0.760056 0.278193 0.0280708 0.0644648
1 0.336594 0.290154 0.0342139 0.0636221
1 0.312192 0.289566 0.0374297 0.0653205
1 0.812995 0.465611 0.0353502 0.0687351
1 0.372308 0.619316 0.049069 0.0861082
1 0.249111 0.400677 0.0401724 0.0630781
1 0.615402 0.392088 0.0342232 0.0641762
1 0.731295 0.28026 0.0292005 0.0587886
1 0.774753 0.393126 0.038578 0.0759975
1 0.23177 0.459969 0.0407229 0.0869123
1 0.554293 0.396416 0.0299145 0.067
1 0.350127 0.400474 0.0361018 0.0599472
1 0.176363 0.462001 0.0370004 0.0780288
1 0.378407 0.288463 0.0338353 0.063194
1 0.647382 0.464646 0.0307456 0.0728423
1 0.745695 0.465796 0.0326319 0.073281
1 0.788233 0.277861 0.0318663 0.0552618
1 0.712276 0.467034 0.035767 0.0706882
1 0.615774 0.46607 0.0277781 0.0713085
1 0.197426 0.401036 0.0435671 0.0613992
1 0.681498 0.4667 0.0325308 0.0715036
1 0.435858 0.395368 0.0336323 0.060014
1 0.430031 0.291072 0.025362 0.0621776
1 0.286353 0.290448 0.0343524 0.0673908
1 0.651523 0.623903 0.0385317 0.0825211
1 0.335439 0.468022 0.0309975 0.0855772
1 0.562374 0.283407 0.0258155 0.0567344
1 0.455492 0.289177 0.026059 0.0654639
1 0.187096 0.617375 0.0468304 0.0810696
1 0.584871 0.395576 0.0311903 0.0622716
1 0.506383 0.287353 0.0261856 0.0553489
1 0.222845 0.40078 0.0397456 0.0628032
1 0.404583 0.290749 0.0273923 0.0583568
1 0.55254 0.465455 0.0280905 0.0703501
1 0.521825 0.395463 0.0317865 0.0621509
1 0.838954 0.391229 0.0367712 0.0686184
1 0.619617 0.282352 0.0245718 0.0605116
1 0.701457 0.280215 0.0287269 0.051695
0 0.0262404 0.730908 0.0487221 0.0694173
