0 0.139162 0.73846 0.0545896 0.0857416
0 0.258424 0.73746 0.0544787 0.0880522
0 0.77913 0.463168 0.0393463 0.0730469
0 0.338375 0.616522 0.0407609 0.0784386
0 0.220011 0.616596 0.0421997 0.0800901
0 0.313135 0.40316 0.0377913 0.0613781
0 0.405534 0.620495 0.0405423 0.0789593
0 0.376045 0.402131 0.0356611 0.0606076
0 0.3728 0.619726 0.0478495 0.0848789
0 0.219562 0.736223 0.0559344 0.0926353
0 0.17702 0.738896 0.0588463 0.0872231
0 0.300365 0.734838 0.052081 0.0807722
0 0.614273 0.39109 0.0345934 0.0662453
0 0.533008 0.285751 0.0263824 0.0564135
0 0.456255 0.46983 0.0306311 0.0764755
0 0.76438 0.625436 0.0404928 0.0890686
0 0.205523 0.462593 0.044713 0.0815295
0 0.0959908 0.736843 0.05607 0.0857065
0 0.489982 0.468989 0.0319262 0.0740358
0 0.838412 0.624577 0.0418398 0.0891838
0 0.290512 0.466005 0.0378397 0.0813812
0 0.773569 0.392409 0.0378319 0.0744998
0 0.387218 0.746584 0.0514467 0.0849648
0 0.740295 0.390397 0.0328445 0.0694537
0 0.815557 0.274833 0.0365463 0.0624786
0 0.252939 0.621305 0.0422989 0.0767906
0 0.647254 0.465553 0.03081 0.072131
0 0.428357 0.464166 0.0374001 0.083554
0 0.345153 0.738898 0.0531548 0.0791649
0 0.643739 0.28211 0.0258478 0.0552126
0 0.578744 0.622795 0.0363832 0.0865685
0 0.22403 0.400669 0.0401702 0.0631607
0 0.812745 0.46514 0.0358005 0.0685372
0 0.511214 0.748049 0.0461406 0.0872415
0 0.395436 0.469742 0.0368976 0.0771876
0 0.368175 0.466898 0.0420651 0.0833582
0 0.746611 0.465758 0.0331671 0.0715397
0 0.47116 0.621953 0.035761 0.0814075
0 0.875339 0.621355 0.0491564 0.0886128
0 0.506301 0.625001 0.0375026 0.0874187
0 0.435972 0.39656 0.0347685 0.0592579
0 0.647382 0.38949 0.0299314 0.0704247
0 0.336459 0.469298 0.0317728 0.0839922
0 0.727588 0.625422 0.0419869 0.0816738
0 0.805984 0.390098 0.0332683 0.0707844
0 0.260218 0.290719 0.0355516 0.0643724
0 0.430131 0.740779 0.0502377 0.0805979
0 0.542243 0.62144 0.03711 0.0804133
0 0.731451 0.280362 0.0300386 0.0593832
0 0.689496 0.628132 0.0413561 0.0845739
0 0.471066 0.743329 0.0420967 0.0838247
0 0.787795 0.276969 0.0305182 0.0541891
0 0.0608606 0.731807 0.0529477 0.0750213
0 0.152475 0.618027 0.0450897 0.0790735
0 0.802413 0.628678 0.0448444 0.0927469
1 0.302994 0.617823 0.0408623 0.0738388
0 0.651231 0.625103 0.0365559 0.080488
0 0.838253 0.390923 0.0363573 0.0660484
0 0.122788 0.615146 0.0454496 0.0837502
0 0.615317 0.620483 0.0355162 0.0833843
0 0.583575 0.465882 0.0307104 0.0703014
0 0.712066 0.465761 0.0362871 0.0678663
0 0.28587 0.290835 0.034241 0.0663444
0 0.466009 0.396412 0.0342785 0.0631202
0 0.520097 0.467658 0.0339285 0.0726658
0 0.439748 0.622368 0.0410671 0.08027
0 0.762165 0.278089 0.0279204 0.0651461
0 0.408724 0.396442 0.0336188 0.0592346
0 0.336162 0.290457 0.034549 0.0638559
0 0.188502 0.619355 0.0460672 0.0791914
0 0.680973 0.466087 0.0315231 0.0697367
0 0.198935 0.401927 0.0415584 0.0581928
0 0.710056 0.38943 0.0351568 0.0720717
0 0.673443 0.281494 0.0280601 0.0541713
0 0.232995 0.459255 0.0392978 0.087923
0 0.553703 0.395021 0.0301092 0.0688485
0 0.614404 0.466512 0.0290122 0.0713168
0 0.590005 0.283435 0.0297017 0.0591802
0 0.236241 0.288377 0.0365255 0.0614631
0 0.561124 0.283419 0.0253845 0.0538782
0 0.496467 0.395691 0.0326494 0.0615856
0 0.679718 0.393385 0.0317469 0.0744387
0 0.261633 0.467234 0.0399279 0.0812893
0 0.848992 0.458487 0.0422192 0.0764603
0 0.506294 0.286757 0.0258471 0.0536235
0 0.281236 0.400575 0.0393248 0.0597548
0 0.312235 0.289239 0.0369218 0.0653674
0 0.250259 0.401121 0.0384802 0.0639795
0 0.583417 0.396011 0.0299333 0.0623391
0 0.351568 0.400797 0.0348391 0.0587853
0 0.430192 0.289635 0.0260956 0.0633341
0 0.521921 0.395443 0.0312331 0.0613576
0 0.378189 0.287914 0.0327436 0.0620436
0 0.40482 0.290185 0.0272682 0.058508
0 0.176914 0.4602 0.0367665 0.0775961
0 0.480719 0.288189 0.0283141 0.0593511
0 0.701503 0.279835 0.0266113 0.0515053
0 0.455254 0.288178 0.0260401 0.0633594
0 0.61856 0.282557 0.025401 0.0598521
0 0.551841 0.465626 0.0275488 0.0676952
0 0.0280839 0.73053 0.0514694 0.0709387
