0 0.138393 0.738333 0.0562917 0.085916
1 0.219917 0.616086 0.0433251 0.0805714
1 0.336872 0.616598 0.0401289 0.0780638
0 0.219897 0.736939 0.0545732 0.0923296
0 0.096554 0.736743 0.05509 0.0851521
0 0.343783 0.737237 0.0552162 0.0785278
1 0.297879 0.733644 0.0509998 0.0797896
1 0.851665 0.458509 0.045216 0.0753441
1 0.376747 0.400839 0.0347607 0.0607696
1 0.253018 0.621961 0.0420158 0.0764466
1 0.439759 0.621511 0.042068 0.0819082
0 0.260034 0.290639 0.0358545 0.0647989
1 0.285496 0.291294 0.0359024 0.0662647
1 0.154476 0.617158 0.0457821 0.0819647
0 0.387608 0.744351 0.0518085 0.085281
1 0.816104 0.273241 0.0360012 0.0597356
1 0.371806 0.618365 0.0492951 0.0839108
1 0.187093 0.617305 0.0453604 0.0828177
0 0.471477 0.74251 0.0437538 0.0855273
0 0.177329 0.738929 0.0593217 0.0871612
1 0.368643 0.465591 0.0417531 0.0841485
1 0.313446 0.403867 0.0395214 0.0608391
1 0.577781 0.621512 0.0371318 0.0844013
1 0.311745 0.290586 0.0369738 0.0653912
1 0.30298 0.617206 0.0389435 0.0712446
1 0.258598 0.736299 0.053144 0.0877584
0 0.39545 0.467413 0.0372478 0.0767903
1 0.0602721 0.734307 0.0547286 0.083028
1 0.813081 0.46584 0.0362146 0.0695276
1 0.652959 0.623564 0.0380519 0.0826162
0 0.232658 0.46304 0.0393971 0.0796736
1 0.690445 0.626802 0.0404861 0.0845947
1 0.614474 0.61998 0.0362489 0.0846855
1 0.404949 0.619977 0.0416298 0.0794438
1 0.646892 0.464269 0.0313999 0.0739594
1 0.614911 0.390685 0.0334102 0.0646647
0 0.804723 0.388535 0.0349212 0.0717013
0 0.429378 0.740537 0.0494103 0.0824238
0 0.507421 0.623409 0.0363451 0.0855173
1 0.777489 0.463409 0.041827 0.0764847
1 0.25183 0.401446 0.0403118 0.0640999
1 0.262265 0.467913 0.0416363 0.0783218
1 0.799934 0.627384 0.0446272 0.0919924
0 0.351882 0.400048 0.0349666 0.0586671
1 0.465466 0.39592 0.0347924 0.0629665
1 0.290439 0.467045 0.0374713 0.078843
1 0.835715 0.624433 0.0425274 0.0885254
1 0.673746 0.281391 0.0283394 0.0565946
1 0.1231 0.613533 0.0470234 0.0835318
1 0.739226 0.390159 0.0324155 0.0716256
1 0.532427 0.285757 0.0274103 0.0578048
1 0.771654 0.391858 0.0381294 0.0770848
1 0.553201 0.396268 0.0299304 0.0658694
1 0.481481 0.28912 0.0282585 0.0607169
1 0.281533 0.401705 0.0410608 0.0613242
1 0.727328 0.623694 0.0404594 0.0801749
1 0.561686 0.28236 0.0251547 0.0558514
1 0.744348 0.465716 0.0324274 0.0708322
1 0.541607 0.620458 0.0361235 0.0788515
1 0.679368 0.393017 0.031181 0.0738266
1 0.76265 0.623971 0.0407312 0.0875746
1 0.760256 0.277019 0.029043 0.0646459
1 0.590336 0.283099 0.0293869 0.0596394
1 0.711526 0.465284 0.0338663 0.0667779
1 0.378523 0.288635 0.0325308 0.064233
1 0.489192 0.468695 0.0328247 0.0742943
1 0.435426 0.396584 0.0338288 0.0586384
1 0.223434 0.40049 0.0439939 0.0630912
1 0.472612 0.621961 0.0362213 0.0827687
1 0.619636 0.282134 0.0247784 0.0601495
1 0.512562 0.74638 0.0464276 0.0863207
1 0.582828 0.466005 0.0315632 0.0714588
1 0.407786 0.396775 0.0320876 0.0567292
1 0.428141 0.462408 0.0379186 0.0827921
1 0.455509 0.468283 0.0293969 0.0758013
1 0.17778 0.460949 0.0384982 0.0788668
1 0.336776 0.469249 0.0319824 0.0863391
1 0.874591 0.621445 0.0498196 0.0883551
1 0.583602 0.396499 0.0306049 0.0593397
1 0.709015 0.389949 0.0344655 0.0705997
1 0.429757 0.290641 0.025816 0.0635692
1 0.505889 0.286847 0.0252895 0.0538057
1 0.455436 0.289544 0.0271206 0.0647049
1 0.40445 0.291249 0.0253482 0.0611632
1 0.838908 0.389944 0.0391632 0.0704966
1 0.519526 0.466671 0.0324564 0.072823
1 0.787794 0.275012 0.0306989 0.0539293
1 0.614715 0.465507 0.0282037 0.0712376
1 0.681065 0.465171 0.031325 0.0685835
1 0.197492 0.400919 0.0429683 0.0611984
1 0.336873 0.290491 0.0342179 0.063912
0 0.646809 0.387205 0.02955 0.0737602
0 0.644402 0.281638 0.0272007 0.0567351
1 0.701558 0.279334 0.0266864 0.0542138
1 0.206069 0.461719 0.0422731 0.0815496
1 0.235545 0.289414 0.0349712 0.061374
0 0.729926 0.279372 0.030834 0.057791
1 0.551567 0.465309 0.027799 0.0702421
0 0.495402 0.3956 0.0316931 0.0627573
1 0.521254 0.395911 0.0322482 0.0595766
