1 0.74122 0.394967 0.0352014 0.0646848
1 0.439402 0.621925 0.0394954 0.0764941
1 0.613807 0.395603 0.034103 0.0622557
1 0.338212 0.619029 0.043584 0.0748552
1 0.401982 0.291701 0.0284602 0.0602155
1 0.708351 0.395354 0.0351959 0.0628019
1 0.370872 0.61911 0.0415022 0.0749844
1 0.309812 0.292504 0.0341048 0.0635598
1 0.136283 0.742967 0.0500722 0.0763385
1 0.804995 0.393129 0.0386291 0.0640801
1 0.713198 0.467975 0.038403 0.0733294
1 0.489675 0.468881 0.0363187 0.0730469
1 0.332337 0.292297 0.0308368 0.0628003
1 0.466051 0.400581 0.0326198 0.0579876
1 0.616084 0.469552 0.0343142 0.0693903
1 0.220553 0.6202 0.044016 0.0743766
1 0.305967 0.619462 0.0410734 0.0720373
1 0.365652 0.469254 0.038148 0.0826351
1 0.478954 0.289802 0.0297351 0.0582145
1 0.259858 0.291328 0.0385895 0.06286
1 0.728362 0.28318 0.0286169 0.0565708
1 0.646219 0.396083 0.0324427 0.0623439
1 0.376635 0.292023 0.0290869 0.0606785
1 0.427131 0.291242 0.0274376 0.0597512
1 0.507305 0.289031 0.0297179 0.0571748
1 0.553894 0.3965 0.0307584 0.0596177
1 0.533528 0.288118 0.0303597 0.0569025
1 0.755691 0.282856 0.030001 0.0567002
1 0.779787 0.467037 0.0375604 0.0746556
1 0.451866 0.290638 0.0275655 0.0591492
1 0.542872 0.622312 0.0359353 0.0804413
1 0.496673 0.400036 0.0300412 0.0569955
1 0.509417 0.62195 0.0392513 0.0793206
1 0.351941 0.405788 0.0310696 0.0566991
1 0.254052 0.620127 0.039783 0.0718492
1 0.648748 0.46897 0.029008 0.0708563
1 0.678903 0.468319 0.0321028 0.0720978
1 0.677951 0.396094 0.0304813 0.0614224
1 0.522079 0.469235 0.0291736 0.0719513
