1 0.370205 0.620196 0.0398979 0.0744759
1 0.337757 0.619577 0.0440827 0.0734823
1 0.375872 0.290587 0.028727 0.0607325
1 0.135961 0.74205 0.0522405 0.0780437
1 0.616097 0.394606 0.0341733 0.0646192
1 0.712087 0.468814 0.0369553 0.0723877
1 0.519187 0.469457 0.0332757 0.0729707
1 0.838047 0.392119 0.0391156 0.0692561
1 0.815052 0.46524 0.03816 0.071395
1 0.438064 0.623033 0.0407947 0.0786208
1 0.309707 0.291475 0.0351648 0.0620444
1 0.560434 0.287376 0.0305839 0.0556126
1 0.401142 0.290391 0.0283205 0.0600679
1 0.616753 0.46978 0.0339912 0.0714722
1 0.406006 0.621574 0.0418392 0.0784726
1 0.366584 0.469518 0.0379558 0.0801246
1 0.780593 0.466439 0.03747 0.0705292
1 0.331598 0.291478 0.0302328 0.062373
1 0.507235 0.623531 0.036011 0.0802661
1 0.648647 0.468907 0.0293278 0.0724509
1 0.747192 0.468163 0.0327688 0.0721243
1 0.28501 0.291439 0.0362415 0.0618745
