1 0.177063 0.740191 0.0592684 0.0913384
1 0.137698 0.739937 0.05587 0.0869277
0 0.257507 0.738081 0.0541932 0.0903574
1 0.849481 0.460423 0.0430088 0.0759937
0 0.299216 0.735619 0.0527687 0.0830611
0 0.386934 0.745692 0.0523564 0.0846059
0 0.0598911 0.733237 0.0522537 0.0746491
1 0.0958554 0.738754 0.0541836 0.0835337
0 0.429309 0.741171 0.0494903 0.0811735
1 0.646879 0.465267 0.0310604 0.0739401
1 0.312262 0.290237 0.0370787 0.0673272
1 0.541937 0.621735 0.0365013 0.0801462
0 0.219567 0.735964 0.0544909 0.0938196
1 0.338959 0.615496 0.0406327 0.0772316
1 0.689407 0.627726 0.0412634 0.0827633
0 0.344051 0.740315 0.0527452 0.0820024
1 0.672743 0.280835 0.0283398 0.0551271
1 0.368876 0.46595 0.0418009 0.0842953
1 0.578464 0.621551 0.0365427 0.0817595
1 0.740946 0.391822 0.0327219 0.0698116
1 0.261843 0.466434 0.0407553 0.0802396
1 0.377211 0.401441 0.0353135 0.061533
1 0.495983 0.395798 0.0325447 0.0604578
1 0.651437 0.6248 0.0365324 0.081871
0 0.511134 0.747612 0.0471455 0.0890077
1 0.787676 0.276814 0.0313031 0.0571296
1 0.489033 0.468837 0.0325674 0.0746677
1 0.223718 0.399745 0.0409378 0.0626647
1 0.615064 0.620494 0.0364912 0.0839767
1 0.817121 0.274876 0.0368595 0.0616563
1 0.405579 0.620923 0.0425967 0.0806543
1 0.518672 0.467574 0.0333007 0.0724947
1 0.773609 0.393345 0.0376658 0.0749162
1 0.838202 0.625541 0.0418518 0.0895166
0 0.470297 0.745508 0.0434677 0.0867153
1 0.746818 0.466676 0.0323367 0.0704246
1 0.764246 0.625847 0.0407401 0.0891323
1 0.7271 0.625499 0.0423073 0.0843201
1 0.802133 0.62801 0.0459789 0.0929371
1 0.124309 0.614292 0.0476704 0.0844788
1 0.372406 0.620263 0.0495036 0.0844746
1 0.779731 0.464088 0.0400023 0.0743727
1 0.40875 0.396279 0.0332977 0.05814
1 0.303095 0.616967 0.0409452 0.0713937
1 0.813616 0.466685 0.0358414 0.0697238
1 0.206732 0.461183 0.0452514 0.0825194
1 0.430487 0.29187 0.0253418 0.0619432
1 0.505641 0.62457 0.0368494 0.0869898
1 0.45629 0.468688 0.031798 0.0757742
1 0.709466 0.391234 0.0350387 0.0714173
1 0.220933 0.616508 0.0429625 0.0792236
1 0.188114 0.617717 0.0448262 0.0819999
1 0.35014 0.401287 0.036375 0.0586319
1 0.440006 0.620432 0.040637 0.0816773
1 0.427494 0.465669 0.036988 0.0803314
1 0.589952 0.283482 0.0296647 0.0591634
1 0.481418 0.289981 0.0287253 0.0615838
1 0.312669 0.402998 0.0378812 0.0606497
1 0.613594 0.391515 0.0350086 0.0650988
1 0.583435 0.466316 0.0316519 0.0714866
1 0.253513 0.621649 0.0421614 0.076135
1 0.532256 0.287242 0.0259615 0.057026
1 0.176633 0.461717 0.0379016 0.0787804
1 0.58308 0.395945 0.0298807 0.0616543
1 0.465725 0.396268 0.0341021 0.0635668
1 0.396036 0.46761 0.037931 0.0786369
1 0.154647 0.616705 0.0452014 0.0822957
1 0.64569 0.38921 0.0313084 0.0707621
1 0.4714 0.621531 0.0367439 0.0813828
1 0.679341 0.393685 0.0307457 0.0742741
1 0.435792 0.396607 0.0341952 0.0591833
1 0.876053 0.622149 0.0508926 0.0900372
1 0.236091 0.288739 0.0366194 0.0611776
1 0.805169 0.39068 0.0342554 0.068947
1 0.197432 0.399861 0.0429749 0.0607124
1 0.700606 0.2795 0.0269403 0.0528403
1 0.614839 0.466865 0.0281155 0.0715443
1 0.378059 0.288465 0.0333385 0.0643312
1 0.28581 0.290904 0.0351984 0.0688825
1 0.712592 0.466599 0.0358516 0.0675705
1 0.50631 0.287882 0.0256856 0.0532806
1 0.560622 0.28296 0.0252512 0.0562964
1 0.681384 0.467277 0.0321674 0.0722939
1 0.730815 0.280756 0.0302675 0.0603138
1 0.404957 0.291407 0.0278232 0.0593301
1 0.232222 0.461341 0.0405451 0.082214
1 0.291027 0.464838 0.0371173 0.0798935
1 0.251929 0.400722 0.0385247 0.0621105
1 0.455366 0.28978 0.0264029 0.0639212
1 0.335134 0.291339 0.0330582 0.0638688
1 0.259962 0.290193 0.0361636 0.0661792
1 0.337469 0.469489 0.0320115 0.0842953
1 0.281343 0.399974 0.0387842 0.0593685
1 0.643311 0.282155 0.0256388 0.0577424
1 0.553946 0.395549 0.0293936 0.0659779
1 0.760981 0.277292 0.0274218 0.0653881
1 0.52206 0.395294 0.0311716 0.0617284
1 0.551579 0.46591 0.0272604 0.0707834
1 0.838091 0.391651 0.036549 0.0670744
1 0.619465 0.28291 0.0240129 0.0621932
