0 0.138814 0.739264 0.0541162 0.0850169
0 0.257763 0.737476 0.0535463 0.0879531
0 0.337465 0.61617 0.0402108 0.0771494
0 0.778793 0.463267 0.0391718 0.0721926
0 0.773515 0.392483 0.038263 0.0754643
0 0.299388 0.735532 0.0534027 0.0817088
0 0.219686 0.615867 0.0425418 0.0811588
0 0.48983 0.46922 0.0326593 0.0745817
0 0.0954998 0.737358 0.0562675 0.085038
0 0.764075 0.625358 0.0410646 0.0895597
0 0.176815 0.739207 0.0587803 0.0896156
0 0.614119 0.391662 0.0347275 0.0654465
0 0.219179 0.737047 0.0555587 0.093667
0 0.312259 0.403392 0.0363966 0.0614472
0 0.533027 0.285928 0.0264967 0.0571587
0 0.261559 0.466966 0.0395372 0.0806188
0 0.647005 0.388594 0.0304123 0.0722197
0 0.38688 0.746197 0.0514025 0.0839597
0 0.849531 0.45884 0.0430634 0.076306
0 0.709891 0.389653 0.0359347 0.0728212
0 0.205089 0.462181 0.0436059 0.0817667
0 0.647536 0.465542 0.0308392 0.072579
0 0.435605 0.395984 0.0343079 0.0591228
0 0.812666 0.46514 0.0359131 0.0678881
0 0.874948 0.620679 0.0487045 0.0889175
0 0.376196 0.401678 0.035214 0.0605677
0 0.344469 0.738919 0.0528584 0.079249
0 0.188336 0.618734 0.0460046 0.0801748
1 0.372259 0.619317 0.048515 0.0853233
0 0.643953 0.282219 0.0260112 0.0557131
0 0.746591 0.466264 0.0329149 0.0727571
0 0.838229 0.623829 0.0420368 0.089425
0 0.224189 0.40034 0.0403256 0.0638527
0 0.689434 0.628443 0.0412816 0.0842905
1 0.578566 0.622563 0.0368212 0.0845492
0 0.740332 0.390502 0.0329863 0.070746
0 0.727596 0.625277 0.041691 0.0813745
0 0.816844 0.273441 0.0368063 0.0631485
0 0.805842 0.390386 0.0331001 0.0716836
0 0.506173 0.625258 0.0373221 0.0888475
0 0.439608 0.621559 0.0416546 0.0805824
0 0.471561 0.621392 0.0363204 0.0814841
1 0.42809 0.464534 0.0367056 0.0839165
0 0.650978 0.625815 0.0369565 0.0809469
0 0.510858 0.748339 0.0464499 0.0868765
0 0.395586 0.469538 0.0367985 0.0777621
0 0.40487 0.620834 0.0412609 0.0802965
0 0.408591 0.395914 0.0334242 0.0584598
0 0.542152 0.621641 0.0370749 0.081259
0 0.78792 0.276463 0.0310531 0.0540277
0 0.368033 0.466702 0.0416836 0.0823269
1 0.520318 0.467235 0.0328321 0.0726475
0 0.838337 0.391571 0.0372274 0.0664006
0 0.465949 0.396308 0.0340605 0.0636254
0 0.198772 0.401019 0.0419729 0.0593425
0 0.730596 0.280312 0.029991 0.058345
0 0.470806 0.74506 0.042561 0.0854078
0 0.429764 0.741784 0.0500361 0.0810911
0 0.673567 0.281663 0.0278446 0.0542685
0 0.712098 0.465609 0.0361206 0.0679798
0 0.312347 0.289207 0.0374161 0.0658533
0 0.281225 0.400463 0.0385062 0.0585967
0 0.67956 0.393448 0.0313709 0.0746596
0 0.761336 0.277874 0.0285852 0.0654221
0 0.61458 0.466256 0.0292991 0.0711038
0 0.680996 0.466401 0.0315099 0.0697651
0 0.58368 0.466064 0.0311015 0.0709045
0 0.260055 0.290989 0.0362479 0.066404
0 0.802239 0.628145 0.0450779 0.093791
0 0.253347 0.621457 0.0433476 0.0793466
0 0.589745 0.283001 0.028941 0.0581801
0 0.303223 0.618025 0.039252 0.0713184
0 0.560818 0.282685 0.0252262 0.0546312
0 0.176949 0.460447 0.0381389 0.0782238
0 0.059868 0.732806 0.0539287 0.0759233
0 0.377842 0.287431 0.0334964 0.0626758
0 0.23236 0.460757 0.039176 0.0867931
0 0.554443 0.394538 0.0291239 0.0679958
0 0.455941 0.469912 0.0313107 0.0768297
0 0.614869 0.620875 0.0350594 0.0839735
0 0.33629 0.290074 0.0350271 0.0646372
0 0.153554 0.616832 0.0448628 0.0802521
0 0.25097 0.400604 0.0385997 0.063439
1 0.290917 0.465251 0.0382687 0.0817857
0 0.496535 0.395633 0.0323844 0.0612908
0 0.583179 0.396041 0.0299416 0.0613878
1 0.234698 0.288672 0.0378919 0.0626946
0 0.480812 0.288044 0.0283378 0.0594975
0 0.552415 0.465618 0.0262306 0.0704084
0 0.285555 0.291069 0.0341002 0.0668946
1 0.336621 0.468563 0.0296527 0.0849402
0 0.351261 0.40079 0.0347073 0.0587818
0 0.404903 0.289936 0.027544 0.0587795
0 0.618531 0.282418 0.0253157 0.0603793
0 0.430353 0.289735 0.0258834 0.0631853
0 0.506043 0.287058 0.0257812 0.0544458
0 0.45538 0.28812 0.0262506 0.0629708
0 0.701258 0.280087 0.0260686 0.0515995
1 0.521881 0.396756 0.0308561 0.0624599
0 0.126041 0.615142 0.0424103 0.0803997
0 0.0273265 0.730393 0.0502455 0.071346
1 0.116873 0.614219 0.0530211 0.0825674
