1 0.259661 0.739856 0.0515618 0.0812644
1 0.511507 0.744362 0.0446942 0.0773572
1 0.336343 0.619247 0.0444611 0.0743731
1 0.218764 0.618091 0.0374852 0.0764131
1 0.740256 0.393474 0.0354846 0.063481
1 0.331138 0.290071 0.0308312 0.0601438
1 0.616655 0.393953 0.0326294 0.0593373
1 0.427884 0.289454 0.0295648 0.0584863
1 0.303373 0.619375 0.0381067 0.07296
1 0.690693 0.624172 0.0392327 0.0805599
1 0.479545 0.288876 0.0312393 0.0583451
1 0.401422 0.289833 0.0284153 0.0590438
1 0.679491 0.394286 0.0314871 0.0626658
1 0.309162 0.289638 0.0342274 0.060599
1 0.375689 0.290028 0.0276999 0.0592567
1 0.764864 0.624913 0.0412406 0.080837
1 0.838179 0.392667 0.0397008 0.0652246
1 0.713133 0.46926 0.0364754 0.0726298
1 0.440535 0.619474 0.0400832 0.0773218
1 0.508116 0.620199 0.0382194 0.0757848
1 0.804224 0.392345 0.0365772 0.0657337
1 0.371682 0.619406 0.0371013 0.0745708
1 0.453831 0.289179 0.0305072 0.0583065
1 0.495941 0.399499 0.0306459 0.0550334
1 0.542778 0.620603 0.0359231 0.0755005
1 0.579674 0.620553 0.0366123 0.0786422
1 0.408825 0.619079 0.0448667 0.0773827
1 0.552951 0.394973 0.0310419 0.0596632
1 0.614877 0.468199 0.0345073 0.0726553
1 0.187248 0.617413 0.0461227 0.0764429
1 0.363841 0.469567 0.0386843 0.0856306
1 0.489904 0.468364 0.0367531 0.0753418
1 0.506639 0.288392 0.031779 0.058466
1 0.284646 0.289263 0.034865 0.0620331
1 0.814065 0.466615 0.0379778 0.0749732
1 0.234142 0.288029 0.0389142 0.0651812
1 0.778108 0.466963 0.0336668 0.0728929
1 0.46651 0.399529 0.0313528 0.0554408
1 0.64486 0.285 0.028742 0.054203
1 0.458956 0.468199 0.0367176 0.0759546
1 0.75487 0.283143 0.0297423 0.0525814
1 0.583474 0.394354 0.0322993 0.060093
1 0.771751 0.392574 0.0333347 0.0634657
1 0.407097 0.399705 0.0308274 0.0554098
1 0.708635 0.394029 0.0339543 0.0625439
1 0.534016 0.287706 0.0323102 0.0585363
1 0.137061 0.739649 0.0503607 0.081423
