1 0.13888 0.738621 0.0548594 0.0862659
0 0.257801 0.737323 0.053349 0.088052
0 0.299695 0.734834 0.0532393 0.0810907
1 0.372458 0.621361 0.0496517 0.083625
0 0.095093 0.737698 0.0564448 0.0855627
0 0.408113 0.398162 0.0342184 0.0602724
1 0.614459 0.391653 0.0353132 0.0666616
0 0.773825 0.39225 0.0371841 0.0769123
0 0.218818 0.736287 0.0546585 0.0923615
0 0.386941 0.746679 0.0523425 0.0842215
0 0.429602 0.743071 0.0500797 0.0817775
0 0.644055 0.283139 0.0260356 0.0554539
0 0.534338 0.286796 0.0263866 0.0585649
0 0.647377 0.390797 0.0303953 0.0717712
1 0.747128 0.466667 0.0336165 0.0720134
1 0.367647 0.468686 0.0411927 0.0805792
1 0.456744 0.470994 0.0300783 0.0750324
0 0.177285 0.738117 0.05802 0.0878234
0 0.590562 0.284399 0.029798 0.0597402
0 0.344195 0.73937 0.0522483 0.0795534
1 0.312866 0.405228 0.0382176 0.0626236
1 0.466473 0.396415 0.0349213 0.0665447
1 0.374468 0.40117 0.0375274 0.0639528
0 0.740899 0.390982 0.0329596 0.0717322
0 0.709681 0.390238 0.0359632 0.072962
1 0.726905 0.625947 0.0426123 0.0866392
1 0.848643 0.459841 0.0432072 0.0768146
1 0.731158 0.281158 0.0299801 0.0585125
1 0.519893 0.469043 0.0321354 0.0730084
1 0.764225 0.626726 0.0405869 0.0886353
1 0.405464 0.622419 0.0424841 0.0802065
1 0.338111 0.617072 0.0396661 0.0772348
1 0.436376 0.39761 0.0344507 0.0610808
1 0.553611 0.394917 0.0293081 0.069233
1 0.689832 0.628594 0.0406559 0.0842496
1 0.39601 0.469174 0.0372671 0.0787491
1 0.802351 0.628535 0.0460531 0.0924575
0 0.0593757 0.735427 0.0545337 0.0777401
1 0.779619 0.464618 0.0390476 0.0735735
1 0.430441 0.291487 0.0256462 0.0629271
1 0.838737 0.625019 0.0413876 0.0884401
1 0.679955 0.393979 0.0315818 0.0752303
1 0.561199 0.28336 0.024326 0.0543343
1 0.281604 0.401768 0.0401236 0.0613486
1 0.311836 0.289762 0.0368156 0.0664163
1 0.490581 0.470421 0.0329622 0.0742132
1 0.579217 0.622701 0.036447 0.0837812
1 0.123427 0.616368 0.0477099 0.0823589
1 0.5846 0.468575 0.0322304 0.0731361
1 0.260059 0.291583 0.0359027 0.0657876
1 0.255502 0.622633 0.0413254 0.0730799
0 0.470549 0.744519 0.0423752 0.0858715
1 0.647075 0.465648 0.0314718 0.0732895
1 0.199873 0.401685 0.0411906 0.0596938
1 0.510909 0.748297 0.0467798 0.0857508
1 0.6813 0.467713 0.0321185 0.071478
0 0.583008 0.396524 0.0298777 0.0630734
1 0.812532 0.466542 0.0345755 0.068665
1 0.29041 0.467006 0.0393119 0.0781496
0 0.805958 0.389274 0.0332901 0.0703136
1 0.54285 0.622383 0.0366135 0.0833683
1 0.875782 0.623294 0.0498953 0.0898705
1 0.18866 0.618679 0.0457767 0.0795884
1 0.815881 0.275082 0.035711 0.0616826
1 0.651544 0.62408 0.0371132 0.0833201
1 0.615006 0.467957 0.0279505 0.072686
0 0.701554 0.280339 0.0262418 0.0515489
1 0.233278 0.462408 0.0406052 0.0814386
0 0.67367 0.281895 0.0279222 0.054091
0 0.618836 0.2839 0.024967 0.0597751
1 0.506484 0.625122 0.0359848 0.0879483
1 0.154422 0.619237 0.0462582 0.0820333
1 0.349221 0.402099 0.0354188 0.0610428
1 0.252195 0.401705 0.0383385 0.0631244
1 0.30238 0.618864 0.0399544 0.0708191
0 0.787665 0.277668 0.0321188 0.0553309
1 0.285886 0.290831 0.0347144 0.0669178
1 0.43991 0.62315 0.0417624 0.0815479
1 0.205504 0.462456 0.0417681 0.082131
1 0.61555 0.621604 0.0352087 0.0855043
1 0.83774 0.390794 0.0367548 0.0672482
1 0.261722 0.46738 0.0415041 0.0782398
1 0.481772 0.289584 0.0280866 0.0603284
1 0.521969 0.395693 0.0308543 0.0619049
1 0.71261 0.466402 0.0351458 0.0672548
0 0.235624 0.28958 0.0367791 0.0613017
1 0.377935 0.288211 0.0341342 0.0648859
0 0.496871 0.396144 0.0318007 0.0612248
1 0.428626 0.465077 0.0370114 0.0840957
1 0.336173 0.469343 0.0313911 0.083043
1 0.761572 0.278707 0.0273537 0.0646445
1 0.405246 0.29089 0.0273779 0.0602593
0 0.220234 0.61725 0.0421406 0.0775719
1 0.22473 0.400862 0.0415711 0.0638727
1 0.506714 0.287586 0.0255739 0.0541493
1 0.220061 0.618487 0.0419088 0.0776291
1 0.552545 0.467263 0.0288441 0.0721151
1 0.472011 0.622773 0.0362354 0.0829325
1 0.177479 0.461794 0.0378945 0.08048
1 0.335882 0.290947 0.032889 0.0628388
0 0.45574 0.289108 0.0272226 0.063947
0 0.0264793 0.733708 0.0496977 0.0724759
