1 0.137606 0.738299 0.0570576 0.0874453
1 0.219744 0.616707 0.0436465 0.07936
1 0.17524 0.460934 0.039738 0.078686
0 0.223951 0.399708 0.0413759 0.0639996
1 0.338472 0.617222 0.0394733 0.0775632
1 0.252855 0.622303 0.0427023 0.0746292
1 0.186841 0.61821 0.0447019 0.0792276
0 0.344201 0.738821 0.0518704 0.0791805
1 0.349412 0.399916 0.0370884 0.0600571
1 0.84998 0.458818 0.0429592 0.0754234
0 0.385905 0.745818 0.0525497 0.0855078
1 0.372376 0.619872 0.0489606 0.0848259
1 0.175187 0.738741 0.0579209 0.0911086
1 0.257001 0.738074 0.0538856 0.0877123
1 0.366975 0.467445 0.0427737 0.0834345
1 0.312299 0.286738 0.0366538 0.0652273
0 0.375245 0.400822 0.0370181 0.0634792
1 0.219065 0.736889 0.0560952 0.0918807
0 0.470189 0.74276 0.0431118 0.0830811
0 0.428664 0.740761 0.0491827 0.080838
1 0.802929 0.625054 0.0454182 0.0902014
0 0.249128 0.400263 0.0393576 0.0636035
1 0.395669 0.468946 0.038098 0.0779784
0 0.298849 0.735719 0.053858 0.0810155
1 0.406298 0.621028 0.0424635 0.0802788
0 0.839172 0.38906 0.0379911 0.0678169
1 0.28531 0.28806 0.0343756 0.0656608
1 0.691532 0.627837 0.0407009 0.0855557
1 0.094929 0.737722 0.0565266 0.0841924
1 0.506384 0.625183 0.0375634 0.0884804
1 0.771707 0.390234 0.0380037 0.0746772
1 0.260442 0.468066 0.0411798 0.0788012
1 0.728109 0.625732 0.0424646 0.0842906
1 0.613568 0.390874 0.0336475 0.0648811
1 0.520035 0.466498 0.0324871 0.0726889
1 0.302119 0.618586 0.0412949 0.0732688
0 0.0577885 0.733765 0.0550513 0.0776512
1 0.542789 0.621586 0.0378134 0.0825552
1 0.816624 0.271342 0.0351952 0.0604694
1 0.681412 0.465273 0.0316782 0.072555
1 0.465448 0.395331 0.0342144 0.0627469
1 0.765236 0.624748 0.0413404 0.0882637
1 0.876418 0.621554 0.0481049 0.0901502
0 0.511056 0.746601 0.046843 0.0861248
1 0.533682 0.283807 0.028441 0.0594596
1 0.259784 0.287316 0.0352965 0.0633878
1 0.439687 0.622487 0.0415498 0.0811409
1 0.311162 0.403299 0.0380074 0.0655399
1 0.471725 0.622034 0.0361385 0.0818641
1 0.673034 0.279128 0.0274387 0.055365
1 0.731326 0.277319 0.0296402 0.0578956
1 0.579888 0.621691 0.0378586 0.0839783
0 0.436476 0.394915 0.0345465 0.0591475
1 0.56192 0.28035 0.0243862 0.0555029
1 0.646537 0.463739 0.031665 0.0738365
1 0.805634 0.388413 0.0342697 0.0695109
0 0.196785 0.399325 0.0425649 0.0612443
0 0.480588 0.287313 0.028748 0.0626375
1 0.456208 0.469127 0.031502 0.0758524
1 0.429912 0.289333 0.0260483 0.0648129
1 0.739469 0.389288 0.033078 0.0706625
0 0.59 0.280909 0.0283933 0.0578656
1 0.408913 0.394684 0.0342516 0.0594212
1 0.787535 0.274756 0.0305395 0.0549746
1 0.37692 0.28585 0.032127 0.0666759
1 0.760616 0.276021 0.0278158 0.0636079
1 0.583399 0.464752 0.0317749 0.0706386
1 0.839536 0.624628 0.0410431 0.0894211
1 0.428287 0.465757 0.0374407 0.0807484
1 0.489495 0.468778 0.0310788 0.0746599
1 0.813915 0.463534 0.0348021 0.068504
0 0.644613 0.279584 0.0256397 0.0560844
1 0.746731 0.465381 0.0328761 0.0723803
1 0.236222 0.286303 0.035241 0.0604998
1 0.553871 0.392775 0.029355 0.0701831
1 0.780366 0.462281 0.0392588 0.0762584
1 0.708792 0.388165 0.0346529 0.0710337
1 0.615791 0.622487 0.0345275 0.0847345
1 0.712838 0.464569 0.0348452 0.0669769
1 0.152779 0.616411 0.0450327 0.0790943
0 0.505786 0.285071 0.0262796 0.0559407
1 0.333048 0.467503 0.0310978 0.0838376
0 0.496857 0.394492 0.0330324 0.0619199
1 0.280915 0.39937 0.0396237 0.0605365
0 0.454649 0.287343 0.0261746 0.0653444
0 0.618986 0.280243 0.0254492 0.059787
1 0.645831 0.389235 0.0300609 0.0703419
1 0.651926 0.623683 0.0379574 0.0846338
1 0.614929 0.465586 0.0272799 0.0721839
1 0.203237 0.461364 0.0441616 0.0808924
1 0.336886 0.28712 0.035033 0.0634207
1 0.583144 0.394049 0.0301594 0.063715
0 0.67891 0.391222 0.0317726 0.0731247
0 0.404193 0.288654 0.026639 0.0632856
1 0.290228 0.465912 0.0369045 0.0803074
1 0.551862 0.465158 0.028228 0.069098
1 0.701485 0.277573 0.0268551 0.0528394
1 0.231149 0.461811 0.0413175 0.0815888
0 0.522517 0.393765 0.0312125 0.0638885
1 0.122307 0.613907 0.0427296 0.0838289
0 0.123899 0.613613 0.0437897 0.0834349
1 0.0245557 0.735689 0.0468847 0.0807959
