1 0.496643 0.399502 0.0288043 0.0595189
1 0.337225 0.620546 0.0455649 0.0747625
1 0.187837 0.620078 0.0456645 0.077306
1 0.333466 0.293364 0.0319787 0.0641845
1 0.54163 0.622906 0.037081 0.0811648
1 0.218409 0.620425 0.0441039 0.0749855
1 0.466501 0.400008 0.0316136 0.0595519
1 0.678611 0.39517 0.0327519 0.0656247
1 0.560678 0.288172 0.0307595 0.0561593
1 0.136473 0.741473 0.0515358 0.077734
1 0.454243 0.290665 0.0292208 0.0589258
1 0.429288 0.290566 0.0293799 0.0594235
1 0.789161 0.282293 0.0328928 0.0572646
1 0.283718 0.293091 0.035975 0.06477
1 0.406284 0.62135 0.0428398 0.0798043
1 0.21323 0.7403 0.0497588 0.080158
