0 0.137586 0.738277 0.0547388 0.0854555
0 0.772954 0.391464 0.0375301 0.0751152
0 0.837409 0.622911 0.0405962 0.0902557
0 0.0950679 0.736408 0.0558477 0.084598
1 0.251448 0.621151 0.0421248 0.0763908
0 0.17703 0.738606 0.0579767 0.0883251
1 0.349995 0.400562 0.0370008 0.0594063
0 0.370091 0.619897 0.0498335 0.0858727
0 0.298547 0.733379 0.0513178 0.0797853
0 0.257959 0.735665 0.0528822 0.0872845
1 0.311422 0.289086 0.0358798 0.0654983
1 0.746011 0.465352 0.0324377 0.071616
0 0.405053 0.620515 0.0413514 0.0785988
1 0.290863 0.465414 0.0394813 0.081877
0 0.280391 0.399986 0.0404276 0.0612742
0 0.218128 0.736004 0.0552515 0.0910811
1 0.336393 0.615798 0.0402463 0.0807525
0 0.681804 0.465859 0.0308326 0.0695862
0 0.312283 0.402332 0.0369639 0.0620397
0 0.614868 0.618378 0.0351537 0.0845714
0 0.335601 0.289647 0.0331757 0.0632494
0 0.689918 0.627886 0.0398843 0.0866041
0 0.469562 0.743601 0.0418333 0.0838896
0 0.812835 0.465014 0.0357968 0.0680866
1 0.801745 0.626979 0.0447065 0.0942503
1 0.465319 0.396242 0.0339008 0.0644248
1 0.258839 0.290303 0.0357615 0.0651337
0 0.76384 0.624797 0.0417305 0.0878965
0 0.541957 0.621337 0.0370655 0.0819259
1 0.470457 0.620046 0.036961 0.0825491
1 0.222759 0.39971 0.0417087 0.0621778
0 0.0586591 0.733193 0.0541204 0.078003
0 0.779222 0.463195 0.0391995 0.0718753
0 0.816178 0.274337 0.0366688 0.0617172
0 0.578604 0.621225 0.0367361 0.0877963
0 0.712148 0.465312 0.0357383 0.0665764
1 0.377443 0.286777 0.0331005 0.063473
0 0.643674 0.281458 0.0253617 0.055067
0 0.368204 0.467425 0.0406669 0.0796953
1 0.344511 0.739031 0.0552582 0.0812253
0 0.726934 0.623955 0.0420145 0.0822844
0 0.740242 0.389962 0.033024 0.0707761
0 0.38697 0.745098 0.0516601 0.083466
0 0.43945 0.621264 0.0413825 0.0795534
0 0.428513 0.741804 0.0492233 0.081964
0 0.374939 0.40104 0.0367947 0.0627037
1 0.651222 0.623299 0.0369049 0.0822926
1 0.201859 0.46078 0.0449374 0.0801734
0 0.645911 0.388701 0.0312498 0.0709431
1 0.613111 0.392184 0.0354656 0.0642771
0 0.519745 0.466967 0.0333086 0.071624
1 0.457393 0.469652 0.0296792 0.0753892
0 0.582331 0.396567 0.0295615 0.0587676
0 0.7876 0.276215 0.0310602 0.0543512
0 0.731173 0.279536 0.0295086 0.0581638
0 0.28517 0.290727 0.0349644 0.0674858
0 0.49051 0.468431 0.0310703 0.0740938
1 0.709213 0.389509 0.035607 0.0724394
1 0.40845 0.395809 0.0335653 0.0575191
1 0.56018 0.282401 0.0255532 0.0557021
0 0.505488 0.624404 0.0375788 0.0885182
0 0.395614 0.468647 0.036914 0.0767389
0 0.532409 0.285316 0.0266588 0.056372
0 0.589039 0.282573 0.0299653 0.0589789
0 0.261306 0.465963 0.0415242 0.0797758
0 0.837886 0.390512 0.0376383 0.0672203
0 0.510003 0.746624 0.0453598 0.0862396
1 0.873723 0.620616 0.0494766 0.0891888
0 0.672462 0.280557 0.0284618 0.0530123
1 0.301915 0.616017 0.0394307 0.0719885
0 0.404199 0.289844 0.0275176 0.0580711
1 0.701406 0.278905 0.0270952 0.0523435
0 0.250306 0.400289 0.0377364 0.0626587
0 0.582808 0.466257 0.0307799 0.0707531
0 0.805193 0.389555 0.0335804 0.0725811
1 0.648314 0.464192 0.0306625 0.0725919
1 0.429188 0.463506 0.0380226 0.0840626
1 0.123957 0.615574 0.0483069 0.0835365
0 0.435788 0.396337 0.0342756 0.0603012
0 0.235768 0.288413 0.0347938 0.061608
1 0.189648 0.617884 0.044926 0.081069
0 0.614034 0.466118 0.0299429 0.0707995
0 0.679193 0.394412 0.0315388 0.0731633
1 0.48128 0.288605 0.0283052 0.0597034
0 0.156151 0.617241 0.0437065 0.0794189
1 0.849347 0.458628 0.0433899 0.0771851
0 0.455102 0.288348 0.0267913 0.0628358
0 0.761366 0.278515 0.0284424 0.06308
1 0.230171 0.458153 0.0405135 0.0863697
0 0.495878 0.395175 0.0319505 0.0628497
0 0.335122 0.468697 0.0303044 0.0856234
0 0.219345 0.617143 0.0391671 0.0778477
1 0.520915 0.394781 0.0307972 0.0627197
0 0.553123 0.393988 0.029756 0.0693778
0 0.618361 0.281949 0.0255901 0.0599574
1 0.506444 0.285749 0.0256058 0.0536841
0 0.429773 0.289466 0.0264418 0.0634062
1 0.552791 0.465343 0.0253793 0.0703363
0 0.174184 0.459161 0.0346426 0.0772528
0 0.196625 0.401186 0.039056 0.0574377
