1 0.439485 0.621062 0.0393401 0.0768097
1 0.740872 0.394091 0.0356705 0.0651433
1 0.40233 0.291519 0.028893 0.060014
1 0.338365 0.619094 0.0435375 0.0745614
1 0.805055 0.394155 0.039074 0.0666021
1 0.615299 0.394914 0.0331427 0.0619604
1 0.50651 0.2897 0.0306195 0.0557963
1 0.713087 0.468241 0.0386573 0.0732388
1 0.708203 0.394553 0.0353467 0.0629974
1 0.310082 0.292715 0.0346846 0.0640096
1 0.496469 0.400038 0.0301519 0.056035
1 0.452186 0.290854 0.0283422 0.0583003
1 0.377075 0.291799 0.030035 0.06107
1 0.479222 0.290329 0.0297705 0.0571712
1 0.332719 0.292624 0.0316011 0.0638482
1 0.427206 0.29123 0.0278196 0.0591746
1 0.466496 0.400208 0.0319296 0.0571657
1 0.728318 0.283144 0.028814 0.0556749
1 0.284728 0.29214 0.035038 0.0633403
1 0.370993 0.61907 0.0413403 0.0746972
1 0.48894 0.469347 0.0358897 0.0728032
1 0.260222 0.291225 0.0381085 0.0628079
1 0.616614 0.470007 0.0343221 0.0697333
1 0.305878 0.619531 0.0411155 0.0721766
1 0.520309 0.469619 0.0304253 0.0717159
1 0.509374 0.621162 0.0401251 0.0799046
1 0.533289 0.288955 0.029869 0.0550858
1 0.779302 0.4684 0.0363731 0.0749087
1 0.646517 0.394766 0.0316051 0.0621828
1 0.64874 0.469964 0.0281914 0.0705762
1 0.543148 0.622137 0.0361404 0.0806869
1 0.220978 0.620121 0.0438589 0.0744587
1 0.755955 0.282467 0.0300734 0.0562405
1 0.36565 0.469643 0.0380453 0.0827374
1 0.255523 0.620096 0.0422914 0.0728125
1 0.553696 0.397537 0.0303672 0.0576766
1 0.677831 0.395137 0.0310123 0.0614281
1 0.615384 0.622605 0.0380667 0.0836037
1 0.156685 0.618846 0.0478482 0.0792548
1 0.814058 0.468686 0.0401454 0.0777086
1 0.687219 0.625637 0.0398442 0.0779914
1 0.263182 0.467576 0.039389 0.0793502
1 0.678442 0.468557 0.0316309 0.0718184
