1 0.18479 0.619646 0.0472725 0.0754852
1 0.816264 0.464922 0.0389575 0.0723095
1 0.781916 0.466092 0.0385993 0.0715779
1 0.135538 0.741072 0.0526207 0.0803066
1 0.521039 0.467363 0.0305404 0.0724133
1 0.365397 0.466144 0.0374996 0.0794897
1 0.218497 0.619846 0.0451691 0.0751758
1 0.47073 0.622698 0.0411881 0.0808994
1 0.257288 0.290276 0.0371601 0.0620692
1 0.437144 0.622195 0.0445437 0.0806603
1 0.335508 0.620544 0.04532 0.0732906
1 0.614277 0.624453 0.0371628 0.0791649
1 0.405064 0.622107 0.0413631 0.0793074
1 0.257027 0.620056 0.0458703 0.0733211
1 0.534501 0.285439 0.0317635 0.0566229
1 0.427391 0.288521 0.0302865 0.0590303
1 0.489508 0.467302 0.0367025 0.0746047
1 0.615655 0.467069 0.0350765 0.070657
