1 0.217341 0.619859 0.0417827 0.0741179
1 0.337501 0.620009 0.0420827 0.0723517
1 0.186834 0.620005 0.0444551 0.0751154
1 0.459382 0.468931 0.03562 0.0744178
1 0.615663 0.469015 0.0346684 0.069247
1 0.30572 0.620062 0.0399826 0.0707139
1 0.814949 0.467436 0.0379906 0.0754327
1 0.368737 0.621238 0.0379692 0.0732417
1 0.13612 0.743385 0.0509068 0.0760036
1 0.712956 0.469783 0.0364955 0.072551
1 0.491627 0.468973 0.0340965 0.0739024
1 0.559797 0.287527 0.0305783 0.0557363
1 0.375906 0.292793 0.0300501 0.0619805
1 0.368545 0.470345 0.0363896 0.0795163
1 0.543012 0.624156 0.0355355 0.0784129
1 0.509354 0.624226 0.038917 0.0776273
1 0.579648 0.622453 0.0362458 0.0803576
1 0.615585 0.622598 0.038353 0.0822849
1 0.311282 0.292789 0.03562 0.0647603
1 0.438783 0.624486 0.0393123 0.0785703
1 0.5829 0.468628 0.0344303 0.0704258
