1 0.439347 0.621809 0.0398499 0.0761398
1 0.740848 0.394105 0.0360019 0.0653781
1 0.402415 0.291213 0.0291671 0.0597618
1 0.337623 0.619694 0.0435408 0.0751054
1 0.506398 0.289547 0.0303861 0.0559073
1 0.370541 0.61973 0.0413377 0.075013
1 0.707901 0.394658 0.0349804 0.0631198
1 0.427284 0.291076 0.0276929 0.0587859
1 0.136085 0.742961 0.0510183 0.0764081
1 0.645733 0.396173 0.0314942 0.0607627
1 0.309705 0.292752 0.0342199 0.0629065
1 0.478831 0.29012 0.029319 0.0572209
1 0.712929 0.468783 0.0385813 0.0728199
1 0.465656 0.400227 0.0320689 0.0572459
1 0.33226 0.292365 0.0310918 0.0627456
1 0.305908 0.620056 0.0412059 0.0729655
1 0.496074 0.400338 0.0302901 0.0562824
1 0.508977 0.621688 0.0401952 0.0795734
1 0.532919 0.288938 0.0300712 0.0549281
1 0.259769 0.292059 0.0377365 0.0619091
1 0.376953 0.291307 0.0299131 0.0606922
1 0.613837 0.396361 0.0323108 0.059924
1 0.489001 0.468731 0.0359759 0.0724386
1 0.728177 0.283067 0.0284494 0.0557433
1 0.543099 0.622875 0.0364433 0.0801106
1 0.365049 0.46867 0.0378096 0.0813514
1 0.284081 0.29247 0.0346214 0.0621741
1 0.52065 0.469271 0.0295238 0.0711573
1 0.220784 0.620195 0.044224 0.0743841
1 0.805487 0.394372 0.0393926 0.0656193
1 0.405646 0.621074 0.039306 0.0760218
1 0.779649 0.467841 0.0375343 0.0746384
1 0.616047 0.469976 0.0342995 0.0697027
1 0.452058 0.290797 0.0275026 0.0581782
1 0.234376 0.465888 0.0417591 0.0788746
1 0.378947 0.404978 0.0341229 0.0575784
1 0.677368 0.395427 0.0307076 0.0610743
1 0.644018 0.284226 0.0311592 0.0566322
1 0.559661 0.287872 0.0311129 0.054092
1 0.756073 0.282485 0.0300381 0.0562588
