1 0.259452 0.74265 0.0534797 0.0806402
1 0.336765 0.290416 0.0376647 0.0623834
1 0.335422 0.620507 0.0444252 0.0741522
1 0.427189 0.288754 0.0292597 0.057605
1 0.435698 0.62198 0.0420066 0.0768886
1 0.817866 0.464346 0.037014 0.0693684
1 0.543683 0.622038 0.0357023 0.0800907
1 0.36753 0.621305 0.0391149 0.0741686
1 0.309347 0.290151 0.0375718 0.0620162
1 0.401249 0.289243 0.0290002 0.0580992
1 0.135445 0.742365 0.053073 0.0796485
1 0.613792 0.623478 0.0383156 0.0792956
1 0.152838 0.619484 0.0435264 0.0757725
1 0.470682 0.621884 0.0403258 0.0756816
1 0.578883 0.622242 0.0357886 0.0793989
1 0.506291 0.286293 0.0304727 0.0571113
1 0.259752 0.46646 0.0417498 0.0813229
1 0.534043 0.285196 0.0310576 0.056404
1 0.403646 0.62175 0.0404056 0.076511
1 0.487675 0.46794 0.0358877 0.0742221
1 0.519237 0.467676 0.0325671 0.0733307
