0 0.13842 0.738027 0.054902 0.0856192
1 0.299341 0.734369 0.0526508 0.0810011
0 0.680818 0.466158 0.0323892 0.0710047
0 0.290087 0.466117 0.0373317 0.0807959
1 0.368989 0.466251 0.0423758 0.0844494
0 0.218794 0.737253 0.0563624 0.0927751
1 0.253103 0.621866 0.0419642 0.0766447
1 0.542018 0.621327 0.0368312 0.0794346
0 0.805549 0.38948 0.0334675 0.0716451
1 0.219466 0.616928 0.0423916 0.0793739
0 0.647261 0.388444 0.030324 0.0726944
1 0.285155 0.291547 0.0342348 0.0669389
0 0.155499 0.617085 0.0440432 0.0789761
0 0.176931 0.739098 0.0584183 0.08965
0 0.312457 0.289142 0.0368793 0.0654572
0 0.260136 0.290122 0.0357664 0.0647763
1 0.257361 0.737603 0.0545725 0.0889274
1 0.337302 0.616628 0.0396686 0.0773104
0 0.387041 0.745432 0.0515828 0.0843538
1 0.313861 0.403646 0.0388872 0.0617491
0 0.09663 0.736582 0.05482 0.0825093
1 0.850671 0.459192 0.044511 0.0766338
1 0.647104 0.465406 0.0306478 0.0756433
1 0.26096 0.467349 0.041017 0.0813
1 0.709434 0.389526 0.0356068 0.0708856
0 0.395799 0.469118 0.0366519 0.0767574
0 0.532792 0.285235 0.0266983 0.0571746
1 0.651361 0.624238 0.0368664 0.0822242
1 0.584063 0.466499 0.0317153 0.0718835
0 0.344821 0.73845 0.0526662 0.0790432
1 0.481697 0.288187 0.027808 0.0625515
1 0.465638 0.395838 0.0345882 0.0629848
0 0.231377 0.46224 0.041406 0.0816898
0 0.429367 0.74163 0.0496307 0.0810066
1 0.198321 0.400888 0.042212 0.0587975
0 0.50656 0.625228 0.0361862 0.0871193
0 0.68967 0.627439 0.0410704 0.0843855
1 0.761844 0.277837 0.027929 0.0650342
1 0.188889 0.617812 0.0430484 0.0799604
1 0.489747 0.468961 0.0332466 0.0751993
0 0.838357 0.390282 0.0376122 0.0679699
1 0.614791 0.619994 0.0356877 0.0827607
1 0.578836 0.62388 0.0369318 0.0862623
0 0.471092 0.745115 0.0423807 0.0851816
1 0.377781 0.287507 0.033572 0.063902
0 0.67959 0.393094 0.0311501 0.074107
0 0.225711 0.400346 0.0427212 0.06264
1 0.0609464 0.734399 0.0531324 0.0780257
1 0.778992 0.463239 0.0407585 0.0764906
0 0.643946 0.282082 0.0262594 0.0569371
1 0.123558 0.615002 0.045789 0.0823411
1 0.52074 0.467455 0.0327932 0.0743271
1 0.76335 0.624776 0.0404294 0.088678
1 0.20386 0.462501 0.043711 0.0806482
1 0.614487 0.390727 0.0348189 0.0653697
0 0.731467 0.279791 0.0320178 0.0595385
1 0.37205 0.619704 0.0497896 0.0835187
1 0.813802 0.465735 0.0356878 0.0694679
1 0.67311 0.281053 0.0276987 0.0550264
1 0.376616 0.401976 0.0361823 0.0617855
1 0.439308 0.621928 0.0410671 0.0808191
1 0.471407 0.622926 0.0367201 0.0815974
1 0.816358 0.274142 0.0362059 0.0626862
1 0.740971 0.39017 0.0320316 0.0695323
0 0.252117 0.400861 0.040057 0.0636662
1 0.727594 0.623986 0.0416861 0.080442
1 0.302847 0.617749 0.0397378 0.0723755
1 0.33703 0.289896 0.0337417 0.0639722
1 0.405069 0.62081 0.0418141 0.0798614
1 0.80095 0.628749 0.0457212 0.0935717
1 0.773437 0.392246 0.0373266 0.0743517
1 0.510978 0.748866 0.0464824 0.0872091
0 0.561313 0.282796 0.0253092 0.0547805
1 0.874318 0.622865 0.0488913 0.087816
0 0.590065 0.282872 0.029777 0.0601577
1 0.837878 0.624751 0.0415369 0.0888049
1 0.615283 0.46575 0.0275873 0.0718535
1 0.455751 0.469573 0.0296139 0.0752048
1 0.746128 0.465318 0.0342232 0.073653
1 0.336819 0.469285 0.0316502 0.0854256
1 0.455768 0.288912 0.026836 0.0653877
1 0.787845 0.275591 0.0320599 0.0559825
1 0.23567 0.288777 0.0354604 0.0620566
1 0.521071 0.394761 0.0325167 0.0601333
1 0.583648 0.395628 0.030385 0.0624636
1 0.428421 0.464105 0.0371956 0.0836723
1 0.553334 0.395081 0.0300068 0.0659458
1 0.711689 0.464887 0.0351626 0.0669563
0 0.351251 0.400756 0.0355201 0.0590374
1 0.282954 0.399783 0.0407383 0.0602653
1 0.506606 0.286501 0.025398 0.0546227
0 0.404025 0.289928 0.0254602 0.0592844
1 0.701555 0.279468 0.0267701 0.054239
1 0.429792 0.290038 0.0265415 0.0624579
1 0.407895 0.39663 0.0325624 0.0566655
0 0.49574 0.394568 0.0318656 0.0611301
1 0.552613 0.465261 0.0275457 0.070303
1 0.434665 0.396532 0.035378 0.0599177
0 0.176493 0.459966 0.0359694 0.0772127
1 0.619708 0.282202 0.0237608 0.0601274
