0 0.138333 0.738428 0.0559458 0.0866051
1 0.220118 0.616195 0.0433116 0.0806375
0 0.344504 0.736601 0.0547218 0.0773582
1 0.336672 0.616842 0.0406671 0.0783956
1 0.439717 0.621749 0.0420511 0.0814194
0 0.219392 0.737587 0.0549391 0.0923241
1 0.313309 0.404656 0.0396485 0.0617199
1 0.311758 0.290658 0.0376834 0.0666104
0 0.0962932 0.737196 0.0547601 0.0864982
1 0.376013 0.402662 0.0353571 0.061038
1 0.394613 0.467743 0.0377533 0.0776154
1 0.284577 0.291948 0.035902 0.067646
1 0.851638 0.458487 0.0451576 0.0757619
0 0.177006 0.739296 0.0593962 0.0897716
0 0.259634 0.291498 0.0355963 0.0653462
0 0.387678 0.744607 0.051645 0.085528
1 0.816392 0.273752 0.036331 0.0607327
0 0.471221 0.743172 0.0438059 0.0869355
1 0.371759 0.61877 0.0491485 0.0841175
1 0.302687 0.617177 0.0388725 0.0718613
1 0.297846 0.733591 0.0514766 0.0796988
1 0.253336 0.62204 0.0421297 0.0766611
1 0.154807 0.617684 0.0460158 0.0822433
1 0.506593 0.624941 0.0351636 0.0866885
1 0.258468 0.736735 0.0535251 0.0881506
1 0.653177 0.623671 0.0376879 0.0826014
1 0.578352 0.623411 0.0373009 0.0850264
1 0.187302 0.617756 0.0449984 0.0823384
1 0.835768 0.624853 0.0425814 0.0887075
1 0.614679 0.619947 0.0358942 0.084105
1 0.059649 0.734526 0.0548032 0.0825211
0 0.429502 0.740715 0.0480753 0.0828042
1 0.813244 0.465919 0.0363615 0.069491
1 0.465531 0.39567 0.0351848 0.0629564
1 0.615249 0.390982 0.0338146 0.0649137
1 0.690432 0.627325 0.0403095 0.0853264
1 0.427221 0.463043 0.038017 0.0834265
1 0.368281 0.466462 0.0416473 0.0839124
1 0.777491 0.463455 0.0418573 0.0771275
1 0.251383 0.402548 0.0406261 0.064724
1 0.738873 0.390632 0.0321886 0.0700484
0 0.804857 0.388914 0.0346272 0.0716517
1 0.727437 0.624145 0.04032 0.080267
1 0.224499 0.400744 0.0427631 0.0635771
1 0.404516 0.620424 0.0412579 0.079535
1 0.553706 0.396648 0.0294687 0.065009
1 0.541331 0.622067 0.037402 0.0796156
1 0.407521 0.397959 0.0325837 0.0581966
1 0.762249 0.623913 0.0405348 0.0875917
1 0.647008 0.464692 0.0317675 0.0736469
1 0.67425 0.281844 0.0282362 0.057138
1 0.28077 0.402988 0.0408399 0.0625497
1 0.511477 0.747081 0.0462176 0.0879042
1 0.289337 0.468121 0.0384997 0.0787691
1 0.771322 0.391841 0.0381208 0.0763611
1 0.123185 0.61468 0.046844 0.0823101
1 0.590117 0.283247 0.0287405 0.0599947
1 0.435381 0.396444 0.0335634 0.0583344
1 0.232562 0.463926 0.0393129 0.0835827
1 0.79987 0.62789 0.0447148 0.0930351
1 0.561887 0.282651 0.0252027 0.0563685
1 0.481399 0.288859 0.0279352 0.061684
1 0.711058 0.465414 0.0343689 0.0667533
0 0.351494 0.401731 0.0350369 0.0585079
1 0.532392 0.285768 0.0275501 0.0575341
1 0.761107 0.277787 0.0287642 0.0647169
1 0.583721 0.396928 0.0304728 0.0584996
1 0.378424 0.288904 0.0329332 0.0645999
1 0.336903 0.470275 0.0307511 0.084252
1 0.744259 0.465716 0.0325268 0.070845
1 0.488894 0.469282 0.032317 0.0746722
1 0.235619 0.290146 0.0355516 0.0625694
1 0.261198 0.468753 0.0411213 0.0791014
1 0.874959 0.621977 0.0496704 0.0887424
1 0.455341 0.46796 0.0297163 0.0759575
1 0.582979 0.465763 0.0313162 0.0709076
1 0.455339 0.290018 0.0270442 0.065032
1 0.619249 0.282777 0.0243378 0.0612856
1 0.709283 0.390224 0.0340324 0.0709918
1 0.614587 0.465797 0.0281403 0.0708876
1 0.429897 0.290897 0.0259133 0.0634939
1 0.787891 0.275795 0.0306313 0.0537945
1 0.206415 0.462259 0.0425409 0.0834579
1 0.197292 0.401436 0.0428542 0.0615254
1 0.681505 0.465593 0.0310658 0.0682663
1 0.519587 0.466871 0.0329557 0.0729142
1 0.177181 0.461431 0.0379892 0.0802972
1 0.679822 0.393379 0.0317825 0.0716993
1 0.701998 0.279487 0.0264524 0.0534926
1 0.404349 0.291394 0.0258809 0.0607275
1 0.336735 0.290464 0.0345731 0.06464
0 0.646798 0.387918 0.0306036 0.0723398
1 0.505803 0.286683 0.0255358 0.0540703
1 0.472247 0.622741 0.0349993 0.083014
1 0.495537 0.395975 0.0328577 0.0606927
1 0.551876 0.465331 0.0276915 0.069822
1 0.83858 0.389955 0.0388668 0.0700772
0 0.730921 0.279816 0.0308685 0.058176
1 0.52165 0.396475 0.0304114 0.0618036
0 0.644338 0.282422 0.0279173 0.058123
