1 0.259574 0.741723 0.0521178 0.0798493
1 0.405099 0.621743 0.0404445 0.0773669
1 0.219471 0.619795 0.042964 0.0756637
1 0.40192 0.290305 0.0294008 0.0592765
1 0.541783 0.622808 0.0364928 0.0784207
1 0.336296 0.291472 0.0340949 0.060882
1 0.678328 0.395595 0.0321107 0.0637588
1 0.336394 0.621603 0.0436359 0.0738198
1 0.437727 0.622498 0.0400626 0.0777571
1 0.370205 0.622068 0.040611 0.0757402
1 0.814196 0.465052 0.0385338 0.0711393
1 0.305452 0.62118 0.0389541 0.0721433
1 0.506378 0.288573 0.0302548 0.0567951
1 0.284153 0.291976 0.037267 0.0630575
1 0.467206 0.746627 0.0391062 0.0741341
1 0.310608 0.291826 0.0364263 0.0622185
1 0.522375 0.467756 0.0294569 0.0721506
1 0.779669 0.466108 0.0335036 0.0699269
1 0.135659 0.74118 0.0505471 0.0767711
1 0.616543 0.468427 0.0329541 0.0692735
1 0.617145 0.622906 0.0357717 0.0824171
1 0.376765 0.290722 0.0300579 0.0597426
1 0.31008 0.405794 0.0391654 0.057275
1 0.5071 0.622297 0.038426 0.0785694
1 0.616799 0.397249 0.0309922 0.0576674
1 0.560917 0.286588 0.0284072 0.0548576
1 0.367005 0.468014 0.0380634 0.0805859
