1 0.338695 0.29091 0.0349356 0.0633347
1 0.260207 0.741624 0.0520456 0.0788358
1 0.440073 0.621748 0.0405625 0.0806631
1 0.37569 0.29025 0.0295026 0.0616197
1 0.64732 0.391622 0.0309304 0.0682245
1 0.616804 0.393183 0.0335245 0.0656384
1 0.405273 0.62177 0.0413034 0.0802117
1 0.336172 0.621165 0.044776 0.0784352
1 0.532834 0.286748 0.0301351 0.0541724
1 0.714318 0.46924 0.0362292 0.0718212
1 0.678083 0.392078 0.0313838 0.0691855
1 0.369097 0.622216 0.0418212 0.0812394
1 0.189041 0.619324 0.0443047 0.0776817
1 0.522989 0.468332 0.0290166 0.0727428
1 0.647709 0.46849 0.0300272 0.0709998
1 0.490105 0.468234 0.0358893 0.0739547
1 0.8161 0.466646 0.0373491 0.0740819
1 0.157698 0.618841 0.0475304 0.076996
1 0.136619 0.740915 0.0507848 0.0785228
1 0.510929 0.621881 0.0402997 0.0786599
1 0.543708 0.622519 0.0354692 0.0780044
1 0.304481 0.620318 0.0410302 0.0749125
1 0.615431 0.468276 0.0349359 0.0698646
1 0.613978 0.623788 0.0380103 0.0782427
