1 0.138107 0.739253 0.0550029 0.0879545
1 0.299386 0.735627 0.0532241 0.0824883
1 0.176247 0.739058 0.0584283 0.0913796
0 0.0951093 0.736708 0.0553066 0.0851239
1 0.553063 0.394542 0.0300018 0.0694809
1 0.187138 0.617973 0.0459605 0.0808437
1 0.310987 0.290047 0.0360062 0.066169
0 0.3447 0.739371 0.0521813 0.0806545
1 0.372957 0.620291 0.0486091 0.0831591
1 0.368411 0.467445 0.0411601 0.0816307
1 0.709032 0.389323 0.0357622 0.071445
1 0.801457 0.62728 0.0436821 0.0923672
0 0.385927 0.745988 0.0527085 0.0854089
1 0.614155 0.619587 0.0356659 0.0844976
1 0.25814 0.737823 0.0558049 0.0887131
1 0.375413 0.401407 0.034634 0.0636105
1 0.848224 0.459126 0.0411293 0.0743773
1 0.481371 0.288324 0.0281442 0.0619272
1 0.779282 0.463042 0.0398419 0.0754211
1 0.48914 0.469157 0.0317436 0.0746754
1 0.12344 0.615104 0.0491688 0.0807913
1 0.613213 0.392696 0.033984 0.0642659
1 0.764077 0.625233 0.0410599 0.0885633
0 0.219386 0.737093 0.0547405 0.0925413
1 0.495974 0.395084 0.0329814 0.0612253
0 0.428846 0.742324 0.0505093 0.0821601
1 0.220596 0.616809 0.0430331 0.0782933
1 0.740812 0.390746 0.0325348 0.0688535
0 0.672669 0.280333 0.0277056 0.0549217
1 0.427831 0.465733 0.0353711 0.0794015
1 0.57844 0.622893 0.0361589 0.0852368
1 0.689101 0.626765 0.0411134 0.0852505
1 0.337748 0.617592 0.0413208 0.0791473
1 0.350633 0.401595 0.0358574 0.0594468
1 0.650655 0.623467 0.0364738 0.0822228
1 0.336577 0.469683 0.031846 0.0846648
1 0.430136 0.290309 0.0254742 0.0639341
1 0.583271 0.466211 0.0316471 0.0720205
1 0.0589453 0.735832 0.0534186 0.0826616
1 0.261333 0.466928 0.0421037 0.0805254
1 0.815842 0.274138 0.0366449 0.0620195
1 0.505605 0.625684 0.0371494 0.0881787
1 0.643242 0.282224 0.0254215 0.0574375
1 0.454989 0.289245 0.0260155 0.0648109
1 0.313336 0.403356 0.0389437 0.0638123
1 0.875709 0.623136 0.0495661 0.088216
1 0.47091 0.623131 0.0360609 0.0821409
1 0.583069 0.396196 0.0297432 0.0629886
1 0.727125 0.62473 0.0420548 0.0832123
1 0.614188 0.46644 0.0285969 0.0715786
1 0.439554 0.622355 0.0410929 0.0814005
1 0.560905 0.28276 0.0258993 0.0556908
1 0.519163 0.467194 0.0321331 0.0732563
1 0.541744 0.621817 0.0366334 0.0809004
1 0.377024 0.287915 0.0338927 0.064757
0 0.68051 0.465731 0.0313486 0.0703644
1 0.223692 0.40033 0.0423905 0.062009
1 0.532513 0.285782 0.0259977 0.0566604
1 0.711003 0.464672 0.0345919 0.0667368
0 0.456628 0.468376 0.0304447 0.0743452
1 0.470849 0.746751 0.0413019 0.0861879
1 0.203312 0.462113 0.0431149 0.0800188
1 0.281859 0.400337 0.039867 0.0610059
1 0.394906 0.468684 0.036624 0.0772671
1 0.405255 0.621847 0.0410686 0.0799769
0 0.646688 0.465266 0.0310175 0.0719117
1 0.812634 0.465517 0.0354567 0.0700313
1 0.465456 0.395365 0.0348854 0.0630411
1 0.838314 0.624979 0.0416098 0.0886432
1 0.731169 0.279236 0.0297693 0.0571772
1 0.25184 0.400874 0.0399302 0.062303
1 0.787569 0.276426 0.031262 0.0552888
1 0.285632 0.290944 0.0359879 0.0680117
1 0.80803 0.389726 0.0344821 0.0705168
1 0.679518 0.393198 0.0313608 0.0746654
1 0.336095 0.289661 0.0337205 0.0656006
1 0.761235 0.278287 0.0282916 0.0640526
1 0.253847 0.622266 0.0426496 0.073043
1 0.153519 0.617801 0.0438502 0.0790996
1 0.510682 0.749366 0.0460421 0.088357
1 0.745916 0.465076 0.034605 0.0730824
1 0.58978 0.28328 0.0302012 0.0596005
1 0.700747 0.279284 0.0280233 0.0516743
1 0.259997 0.289523 0.0366986 0.0664265
1 0.64554 0.390491 0.0305017 0.069946
1 0.506566 0.286788 0.0254424 0.0545599
1 0.175796 0.461362 0.0386661 0.0767436
1 0.436039 0.396338 0.0346702 0.0600603
1 0.407952 0.3965 0.0323154 0.0603495
1 0.773686 0.392742 0.0390879 0.075522
1 0.404619 0.290512 0.0272302 0.0601411
1 0.231808 0.461754 0.0407794 0.0817861
1 0.290512 0.465681 0.0375167 0.0794937
1 0.839719 0.39035 0.0358419 0.0678871
1 0.30242 0.618005 0.0403749 0.0736882
1 0.23568 0.288023 0.036267 0.0614842
1 0.195646 0.40138 0.0423073 0.0612106
1 0.618947 0.282362 0.0239166 0.0602804
1 0.55157 0.465562 0.0278921 0.0703041
0 0.521974 0.394321 0.03044 0.0610717
1 0.0221273 0.736012 0.0432086 0.0854879
