1 0.177006 0.740007 0.058387 0.0895224
0 0.673102 0.282547 0.0281578 0.0542862
1 0.137818 0.740523 0.0565925 0.0864763
1 0.688885 0.628333 0.0413523 0.0846204
0 0.34487 0.739374 0.0528228 0.0785143
1 0.386405 0.745084 0.0504313 0.0821941
1 0.299726 0.735392 0.0525786 0.0808226
0 0.532432 0.286612 0.0264759 0.0558952
0 0.408563 0.396914 0.0341647 0.0595838
1 0.0950046 0.739439 0.0554329 0.0842545
1 0.497329 0.395932 0.032432 0.0614406
1 0.466762 0.397102 0.0361465 0.0655583
0 0.61387 0.392094 0.0352333 0.0647668
0 0.589415 0.283851 0.0293444 0.0591969
1 0.372712 0.622355 0.0501557 0.085066
1 0.205629 0.462883 0.0418006 0.0806661
1 0.312091 0.29053 0.0363036 0.065732
1 0.731035 0.281818 0.0310207 0.0575923
1 0.368529 0.468016 0.0415461 0.082013
1 0.848537 0.459853 0.0415937 0.0771843
0 0.435459 0.396708 0.034112 0.0599
1 0.560113 0.283583 0.0252657 0.0550289
0 0.219207 0.737224 0.0549914 0.0941416
1 0.779477 0.464702 0.0387658 0.0759048
1 0.312777 0.404164 0.038013 0.0618628
1 0.470248 0.744883 0.0439112 0.0864567
1 0.252846 0.622006 0.0427586 0.0756808
0 0.643319 0.282841 0.0260754 0.056434
1 0.646773 0.465066 0.0307386 0.0724875
1 0.812562 0.466162 0.0356297 0.069973
1 0.376358 0.401144 0.0349898 0.063189
0 0.427546 0.465009 0.0371754 0.0821694
1 0.510435 0.749439 0.0458043 0.0864501
1 0.257746 0.738544 0.0554134 0.0898552
1 0.405082 0.622769 0.0425408 0.0809163
1 0.506139 0.62656 0.0374288 0.0887794
0 0.74078 0.391261 0.0319088 0.0706008
1 0.837522 0.624765 0.0408321 0.0905216
1 0.578971 0.622968 0.0363772 0.084877
1 0.726881 0.626268 0.0427971 0.0857226
1 0.74664 0.466502 0.033474 0.0727881
1 0.763516 0.625878 0.0405838 0.0898275
0 0.428546 0.742968 0.0485374 0.0820657
1 0.219233 0.617076 0.0411579 0.0781351
1 0.302724 0.618082 0.0413408 0.0714334
1 0.542204 0.62343 0.03687 0.0822635
0 0.0596349 0.735498 0.0545102 0.0768835
1 0.711938 0.466576 0.0360386 0.0697927
1 0.197126 0.400751 0.0439675 0.0608469
1 0.224432 0.400246 0.0415526 0.0631697
0 0.709612 0.390477 0.0366533 0.072338
1 0.700579 0.281331 0.0275024 0.052053
1 0.553505 0.395391 0.0289606 0.0688664
1 0.395796 0.46936 0.0376596 0.0789147
0 0.805662 0.390364 0.0341064 0.0715847
1 0.439418 0.622934 0.0418047 0.0811999
1 0.772706 0.393317 0.0377378 0.0758146
1 0.518864 0.468259 0.0326368 0.0732409
1 0.261415 0.467863 0.040334 0.0798515
1 0.875642 0.622409 0.0493402 0.0905434
1 0.582904 0.466923 0.0313955 0.0716782
1 0.801793 0.628627 0.0446949 0.0932356
1 0.471211 0.623796 0.0370469 0.0819826
1 0.681224 0.466937 0.031956 0.0738684
1 0.337738 0.617258 0.0394418 0.0765526
1 0.761831 0.27994 0.0278276 0.064432
1 0.456054 0.469971 0.030986 0.0752206
1 0.680141 0.39388 0.0317414 0.0742283
1 0.232944 0.459454 0.0397308 0.0882232
1 0.336012 0.469672 0.0325476 0.084382
1 0.377736 0.289421 0.0340804 0.0645815
1 0.614896 0.466917 0.0281097 0.0703552
1 0.522594 0.395585 0.0305216 0.0627164
1 0.650734 0.62451 0.0363268 0.0816656
1 0.647081 0.389755 0.030006 0.0702313
1 0.429992 0.291553 0.0260769 0.063168
1 0.290334 0.465644 0.036997 0.0812338
1 0.251665 0.401893 0.0381873 0.0647454
1 0.787455 0.278631 0.0308837 0.0539681
1 0.260324 0.291888 0.0367863 0.0652669
1 0.285965 0.291762 0.0344723 0.0667793
1 0.614897 0.620883 0.0357243 0.0838922
1 0.489424 0.469247 0.0314173 0.0738435
0 0.582521 0.39689 0.0298143 0.0594836
1 0.28082 0.401693 0.0399787 0.061441
1 0.126747 0.616743 0.0461668 0.0820139
1 0.838609 0.392011 0.0362389 0.0657267
1 0.188912 0.619702 0.0427395 0.0795212
1 0.454665 0.290135 0.0265543 0.0660064
1 0.505603 0.288594 0.0264849 0.0541245
1 0.404455 0.291327 0.0277034 0.0589225
1 0.815981 0.276669 0.0364166 0.0615789
1 0.619121 0.282825 0.0233806 0.0596976
1 0.335405 0.291351 0.0330066 0.0623727
1 0.23622 0.289673 0.0360355 0.0611929
1 0.480681 0.290011 0.0279613 0.0601933
1 0.15595 0.618634 0.0436972 0.0790355
1 0.176831 0.461211 0.0362855 0.0787629
1 0.350917 0.401295 0.036379 0.0593724
1 0.551316 0.465633 0.0275476 0.0689272
