1 0.138288 0.739879 0.0563703 0.085717
1 0.337082 0.616483 0.0398214 0.0781334
1 0.436818 0.396146 0.035779 0.0599846
0 0.344188 0.738565 0.0519184 0.0796756
1 0.312819 0.40448 0.0376616 0.0629814
0 0.258074 0.736108 0.0528999 0.0880503
1 0.371953 0.621427 0.0492807 0.0846247
1 0.350935 0.40157 0.0367128 0.060465
1 0.0952166 0.738646 0.0558489 0.0834494
0 0.299972 0.732083 0.052119 0.0778423
1 0.646816 0.465207 0.0306084 0.0731798
1 0.263006 0.467569 0.0424717 0.0787754
0 0.386534 0.745161 0.0517378 0.0836625
1 0.430271 0.740286 0.0500789 0.0817286
0 0.0576581 0.73537 0.0534554 0.0784542
0 0.177373 0.740105 0.0585484 0.0918359
1 0.689222 0.628637 0.0411538 0.0829525
0 0.673659 0.282019 0.0272871 0.0540226
1 0.773421 0.393098 0.0374264 0.0760597
1 0.612704 0.391871 0.0342013 0.0638312
1 0.224672 0.400225 0.0397523 0.0648573
1 0.709661 0.390929 0.0353279 0.0717472
1 0.395193 0.468575 0.0373502 0.0764765
1 0.235643 0.288667 0.0363066 0.0642953
1 0.495889 0.395845 0.0323896 0.0603319
1 0.219522 0.617792 0.0417836 0.0798798
1 0.507688 0.626679 0.0374622 0.0895248
1 0.812794 0.467697 0.0353071 0.0693377
0 0.589868 0.28362 0.0301765 0.0591753
1 0.876124 0.622815 0.0500362 0.0914164
1 0.368339 0.467035 0.0436011 0.083527
1 0.43992 0.621477 0.0418842 0.0814961
1 0.802453 0.627927 0.04511 0.0917946
0 0.510997 0.748733 0.0464745 0.0857938
0 0.740556 0.390734 0.0331535 0.071294
1 0.543136 0.622107 0.0362422 0.0806531
0 0.679084 0.394873 0.0325375 0.0740295
1 0.281671 0.401262 0.0385246 0.0618465
1 0.25147 0.402147 0.0394797 0.065978
0 0.303598 0.617079 0.0395669 0.0709223
1 0.849818 0.460139 0.0425545 0.0757162
1 0.56024 0.283049 0.0250921 0.0545793
1 0.816617 0.276171 0.0376165 0.0646171
1 0.727755 0.625608 0.0419031 0.0830772
1 0.579406 0.622019 0.0364918 0.085141
0 0.532218 0.28558 0.0264014 0.0551034
1 0.779341 0.464698 0.039407 0.0741261
1 0.405185 0.620998 0.0433293 0.0815202
1 0.518952 0.46715 0.0333861 0.0738628
1 0.253229 0.622123 0.0434707 0.0756632
1 0.292791 0.465358 0.0375965 0.0809668
0 0.787436 0.277686 0.0322227 0.0563937
1 0.583905 0.467336 0.0317329 0.0706614
1 0.311631 0.289254 0.0373507 0.066023
1 0.74591 0.466214 0.0323563 0.070548
1 0.652113 0.625216 0.0368294 0.0824426
0 0.40774 0.396467 0.0330392 0.0574945
1 0.615407 0.621525 0.0356861 0.0860271
1 0.259541 0.290257 0.0338343 0.0653333
0 0.471225 0.743487 0.0427234 0.0839375
1 0.645278 0.387834 0.0309353 0.0717046
1 0.219745 0.737708 0.0542255 0.0899256
1 0.764418 0.626686 0.04088 0.0878172
1 0.614761 0.467875 0.0279973 0.0717793
1 0.761265 0.280095 0.0274675 0.0658176
0 0.285166 0.290593 0.0346153 0.0669516
1 0.680724 0.467192 0.0318423 0.0716766
1 0.45507 0.289539 0.0274454 0.0644636
1 0.644595 0.282381 0.026128 0.0565344
1 0.730099 0.281381 0.0317675 0.0584074
1 0.838441 0.625526 0.0410606 0.0902644
1 0.712201 0.466961 0.0352232 0.0672958
1 0.377126 0.287286 0.0315008 0.0641397
1 0.45709 0.468482 0.0298841 0.0761156
1 0.155405 0.618857 0.0451422 0.0807044
1 0.188037 0.619759 0.0431645 0.0809406
1 0.404222 0.290594 0.0271408 0.0597897
1 0.176607 0.461793 0.0377518 0.0772688
1 0.428233 0.463711 0.0371868 0.0833046
0 0.700937 0.280255 0.0276632 0.0532396
1 0.33655 0.46954 0.0294566 0.0854324
1 0.481385 0.289403 0.0275444 0.0626762
1 0.583413 0.396949 0.0289812 0.0597176
1 0.805487 0.391226 0.0328396 0.0697649
1 0.205202 0.461794 0.0440688 0.0808588
0 0.466117 0.397171 0.0328628 0.0628457
1 0.471772 0.622135 0.0364086 0.0822249
1 0.489198 0.469574 0.0310315 0.0746393
1 0.232848 0.459686 0.0413999 0.087105
0 0.375998 0.40117 0.0357854 0.0633738
1 0.50568 0.28663 0.025423 0.0533447
1 0.336407 0.290206 0.03393 0.0623031
1 0.125942 0.614241 0.0460741 0.0840109
1 0.554209 0.39563 0.0291229 0.0670972
1 0.838156 0.39109 0.0378986 0.0680676
1 0.619198 0.282694 0.0252698 0.0589395
1 0.42959 0.290629 0.0262274 0.0638757
1 0.5515 0.466187 0.028012 0.0707191
0 0.198287 0.400927 0.0415214 0.0639227
0 0.522162 0.395406 0.0313417 0.0607035
0 0.0262465 0.732559 0.0491367 0.0723318
1 0.19924 0.401137 0.0432756 0.0616024
