0 0.680408 0.466212 0.0323996 0.0702738
0 0.672721 0.281537 0.0290007 0.0555066
0 0.0945886 0.736986 0.0561166 0.085408
1 0.646509 0.465998 0.0310286 0.0745659
0 0.137874 0.738944 0.0539866 0.086101
1 0.176629 0.740399 0.0606204 0.0909024
1 0.299574 0.735057 0.0528391 0.0822386
1 0.188341 0.61834 0.0448116 0.080271
1 0.369333 0.466129 0.0427567 0.0852392
1 0.219938 0.617417 0.0421199 0.0776769
1 0.373339 0.620367 0.0507139 0.0848734
1 0.337669 0.617521 0.0400256 0.078606
1 0.352025 0.400049 0.0374452 0.0599536
0 0.386573 0.746119 0.0525218 0.08506
1 0.395285 0.468646 0.0359198 0.0780828
1 0.258247 0.73705 0.0542159 0.0883223
1 0.67983 0.393462 0.0314119 0.074902
0 0.837606 0.39189 0.0370489 0.0671625
0 0.77258 0.392015 0.037583 0.07578
0 0.469991 0.741867 0.0415041 0.0823346
0 0.805136 0.390218 0.0334555 0.0711541
1 0.253612 0.622589 0.0416721 0.0750877
0 0.26002 0.290271 0.0363272 0.0659717
0 0.286302 0.29074 0.0349179 0.0685156
0 0.740219 0.390304 0.0324287 0.0710546
0 0.21926 0.736989 0.054733 0.0935032
0 0.429439 0.741053 0.050325 0.0814962
0 0.643296 0.282584 0.0255348 0.057163
1 0.312306 0.289465 0.0378284 0.0674419
1 0.727701 0.624294 0.0427767 0.0819123
0 0.561087 0.283511 0.0251727 0.054806
1 0.763568 0.626068 0.0401244 0.0887403
0 0.0602269 0.733294 0.054097 0.0768276
1 0.119824 0.615053 0.0488871 0.0843972
0 0.436753 0.396128 0.0344257 0.0590467
1 0.197838 0.400531 0.0417141 0.0609959
1 0.812956 0.466451 0.0349735 0.0681993
1 0.46534 0.396869 0.0339554 0.0630762
0 0.2242 0.399618 0.0398665 0.0621558
1 0.650277 0.624185 0.0370241 0.0822792
1 0.688553 0.628376 0.0412913 0.0862849
1 0.778858 0.464797 0.0392012 0.0736889
1 0.376454 0.400336 0.0348428 0.0615567
0 0.532738 0.286338 0.0262157 0.0573077
1 0.57813 0.623374 0.0371828 0.0860683
1 0.541876 0.622457 0.0362176 0.0819458
1 0.84961 0.459278 0.0422417 0.0766685
1 0.583586 0.395797 0.0296421 0.0611275
1 0.613955 0.392109 0.03451 0.0637157
0 0.344625 0.738887 0.0527939 0.0799337
1 0.74636 0.466899 0.0335681 0.0739748
1 0.71209 0.466288 0.0356222 0.0695656
1 0.25247 0.400787 0.0417826 0.0639012
1 0.377349 0.288445 0.0343063 0.0650578
1 0.584104 0.466289 0.0314262 0.0722213
1 0.151219 0.618879 0.0479002 0.0817661
0 0.708858 0.389375 0.035952 0.0712375
1 0.590094 0.283038 0.0290228 0.0588217
1 0.283572 0.399945 0.0401695 0.0612406
1 0.518991 0.468086 0.0334962 0.0725082
1 0.873531 0.623287 0.0485888 0.0868518
1 0.336892 0.469988 0.0320925 0.0848719
1 0.801697 0.628106 0.0456656 0.0925818
1 0.701227 0.279608 0.0265517 0.0534379
1 0.510724 0.747359 0.0466402 0.0839979
0 0.495626 0.396251 0.0319143 0.0626124
1 0.31371 0.402714 0.0373479 0.0630716
1 0.406255 0.620857 0.04128 0.0802102
1 0.816524 0.274658 0.037053 0.0637815
1 0.261743 0.467948 0.0414889 0.0780668
1 0.613762 0.620218 0.0360098 0.084128
1 0.505926 0.625292 0.0370134 0.0879999
1 0.408533 0.395706 0.0345576 0.0576112
1 0.47155 0.622209 0.0359549 0.0824593
1 0.836938 0.624883 0.0417501 0.0878826
0 0.506155 0.28707 0.0257473 0.0538353
0 0.64618 0.388879 0.0310661 0.0719289
1 0.303305 0.617675 0.0397214 0.0708416
1 0.440507 0.622255 0.0416531 0.082251
1 0.456383 0.469594 0.030732 0.0752793
1 0.760124 0.278796 0.0278309 0.0626009
1 0.290934 0.465448 0.0365852 0.0787918
1 0.730381 0.2801 0.0295559 0.0586641
1 0.615237 0.466131 0.02666 0.0721808
1 0.489593 0.469839 0.0310452 0.074838
1 0.787028 0.277095 0.0319153 0.0570703
1 0.177259 0.462724 0.0409457 0.0795146
1 0.480831 0.289429 0.0284647 0.0608172
0 0.553887 0.39594 0.0293334 0.0667223
1 0.42737 0.466071 0.035882 0.083437
1 0.234091 0.463315 0.0402937 0.0810829
1 0.521223 0.396816 0.0321396 0.0599369
1 0.403713 0.290961 0.0258974 0.0612491
1 0.429151 0.29023 0.0267379 0.0648249
1 0.551494 0.465518 0.0283004 0.0702953
1 0.337332 0.290148 0.0340898 0.0648676
0 0.23586 0.287486 0.0346084 0.0615609
1 0.619083 0.282531 0.0242672 0.059157
0 0.454863 0.288933 0.0264662 0.0649324
1 0.206996 0.462349 0.0437205 0.082354
