0 0.407873 0.398556 0.0349508 0.0595535
1 0.1389 0.738994 0.0551196 0.0876514
0 0.257846 0.737462 0.0534547 0.0878813
0 0.176961 0.739569 0.0596555 0.0918543
0 0.218605 0.73658 0.0550067 0.0926771
0 0.709913 0.391348 0.0352671 0.0719975
0 0.344462 0.740018 0.0518252 0.0797365
0 0.647369 0.391417 0.030324 0.0713066
0 0.429659 0.741937 0.0494827 0.0808008
1 0.673213 0.283151 0.0280447 0.0555326
1 0.614345 0.391889 0.0353856 0.0668608
1 0.495913 0.397418 0.0328568 0.0601579
0 0.299869 0.733979 0.0528509 0.0792252
0 0.386931 0.746731 0.0514062 0.0832024
1 0.253028 0.622754 0.0437633 0.075964
0 0.0959888 0.738099 0.0557806 0.0861572
1 0.372849 0.621138 0.0494626 0.0851988
1 0.726901 0.625737 0.0426493 0.0867829
1 0.218925 0.617162 0.0422416 0.07978
1 0.740598 0.392145 0.0336761 0.0710132
1 0.311964 0.290753 0.0368348 0.0659397
0 0.436461 0.398826 0.0346014 0.0598
1 0.520233 0.468914 0.0320984 0.0729567
0 0.470546 0.743934 0.0424393 0.0830133
1 0.367832 0.46863 0.0417853 0.0810029
1 0.848695 0.460458 0.0421379 0.0766903
0 0.280215 0.401719 0.0399271 0.0605996
0 0.122624 0.614834 0.0489379 0.0832691
0 0.510711 0.747934 0.0461239 0.0866777
0 0.534244 0.287174 0.0260073 0.0583948
1 0.338642 0.617173 0.0401594 0.0794422
1 0.405662 0.622639 0.0423096 0.0794926
0 0.77402 0.393351 0.0373149 0.075656
0 0.582889 0.396923 0.0301042 0.0629454
1 0.430178 0.292145 0.0248051 0.0616107
1 0.689629 0.629625 0.0417526 0.0866278
1 0.839128 0.624982 0.0418058 0.0893398
1 0.802251 0.628398 0.0462904 0.0930212
1 0.153502 0.617923 0.0450788 0.0813683
1 0.0600258 0.736878 0.0552694 0.0800797
1 0.562359 0.284592 0.0254839 0.0553628
1 0.731095 0.281402 0.0303062 0.0592731
1 0.680309 0.395182 0.0313231 0.0747501
1 0.395539 0.469424 0.0372179 0.0786375
1 0.457279 0.470209 0.0300869 0.0766432
1 0.302943 0.618476 0.041134 0.0738634
1 0.591026 0.284981 0.0293009 0.0597643
1 0.764242 0.626476 0.0405118 0.0900276
1 0.746877 0.466675 0.0329422 0.0721748
1 0.584265 0.4677 0.0316617 0.0706472
1 0.779414 0.465722 0.0387918 0.0751766
1 0.542579 0.621685 0.0372717 0.0807173
0 0.311606 0.404405 0.0365636 0.0610953
0 0.55394 0.396392 0.0298897 0.0682435
0 0.805668 0.390747 0.0329121 0.0716623
1 0.837897 0.391553 0.0371822 0.0687331
0 0.466347 0.39795 0.0345598 0.062753
1 0.579068 0.622882 0.0364788 0.0854914
1 0.373283 0.401568 0.037669 0.0633592
1 0.259303 0.291697 0.0363889 0.0653771
1 0.812518 0.467192 0.0348178 0.0681183
1 0.64659 0.465422 0.0312565 0.0731525
1 0.490486 0.470606 0.0325467 0.0743128
0 0.643501 0.283685 0.0272898 0.0553634
1 0.651132 0.623969 0.0370218 0.083666
0 0.787957 0.278441 0.0319214 0.0555516
1 0.681212 0.467556 0.032304 0.0722425
0 0.701169 0.281289 0.0265984 0.0531193
1 0.198134 0.401742 0.0419681 0.0621039
1 0.405121 0.292143 0.0270258 0.0596942
1 0.286064 0.291503 0.0355586 0.0664569
1 0.81529 0.275048 0.0357527 0.0623272
1 0.439882 0.622467 0.0421848 0.080916
1 0.506479 0.625844 0.0372883 0.0889278
0 0.522443 0.396564 0.030554 0.0604688
1 0.349157 0.402355 0.0356312 0.0587482
1 0.225091 0.401459 0.0413929 0.0647493
1 0.481852 0.290508 0.028465 0.0596875
1 0.261299 0.467406 0.0408146 0.0779872
1 0.615228 0.620857 0.0351245 0.0852692
1 0.876088 0.623246 0.0496475 0.0900935
1 0.233063 0.462157 0.0409043 0.0825029
1 0.471562 0.62282 0.0356323 0.0831966
1 0.251242 0.401841 0.0386784 0.0627931
1 0.614927 0.466903 0.027688 0.0700542
1 0.289771 0.466517 0.0361738 0.0781548
1 0.205327 0.462191 0.0434343 0.0841153
0 0.619628 0.284113 0.0243145 0.0598981
1 0.429097 0.464979 0.0371124 0.0839052
1 0.712853 0.466315 0.0357227 0.0677315
1 0.761739 0.279451 0.0274761 0.0644967
1 0.336085 0.47029 0.0310047 0.0844818
1 0.377886 0.289076 0.034282 0.0629446
1 0.187522 0.61932 0.0452748 0.0811731
1 0.50701 0.288557 0.0253584 0.0545598
1 0.335549 0.291396 0.0322999 0.0630236
1 0.552473 0.466535 0.0276032 0.0690258
0 0.235042 0.289889 0.0364997 0.0609505
1 0.1769 0.462415 0.0363537 0.0779418
0 0.455559 0.289913 0.0275896 0.0636256
0 0.0254095 0.73472 0.0496857 0.0783955
1 0.172754 0.403604 0.041896 0.0602589
