0 0.13856 0.739204 0.0548251 0.0844386
0 0.299301 0.735475 0.0531288 0.0825059
0 0.0955578 0.737877 0.0548392 0.0839172
0 0.257912 0.73728 0.053075 0.0879722
0 0.177712 0.739213 0.0570145 0.0862982
0 0.429676 0.740535 0.0494068 0.0809867
1 0.377593 0.401471 0.0354281 0.0615181
0 0.218916 0.737086 0.0544642 0.0919538
0 0.387498 0.74562 0.0518391 0.0843058
1 0.584237 0.466214 0.0317697 0.0713583
1 0.496096 0.395542 0.0322855 0.0606421
0 0.838174 0.626135 0.0411674 0.0898617
0 0.806062 0.389726 0.0338829 0.0703155
1 0.3693 0.467779 0.0428012 0.0818632
1 0.647418 0.464456 0.030406 0.0714725
1 0.746652 0.465625 0.0337532 0.072621
0 0.740539 0.391965 0.0330059 0.0688991
0 0.779246 0.463092 0.0386019 0.0726673
1 0.312683 0.289614 0.0370355 0.0668088
1 0.436173 0.396301 0.034334 0.0592051
1 0.672885 0.281019 0.0281456 0.0548554
1 0.224243 0.399542 0.0403266 0.0625509
1 0.339172 0.615343 0.0401533 0.0773068
0 0.71032 0.390279 0.0344898 0.0702784
0 0.773514 0.392836 0.0362979 0.0745751
1 0.372945 0.618588 0.0471137 0.0825546
1 0.816973 0.274778 0.0375626 0.0627406
1 0.408783 0.396574 0.0328976 0.0576837
0 0.0593362 0.73468 0.0528321 0.078898
1 0.651651 0.6253 0.0364656 0.0805344
1 0.189418 0.617256 0.0448077 0.0823328
1 0.262248 0.466403 0.0406754 0.0800467
1 0.689399 0.627759 0.0408789 0.0812476
1 0.848467 0.458737 0.0419983 0.0763776
1 0.506053 0.623599 0.0372879 0.0875268
1 0.764351 0.626987 0.0405179 0.0886477
1 0.802276 0.629951 0.0437876 0.0913642
0 0.511028 0.74671 0.0461878 0.08662
1 0.615097 0.62067 0.0363438 0.0841959
1 0.35114 0.401526 0.0354919 0.0583797
0 0.344528 0.739429 0.0528445 0.0793455
1 0.519666 0.467524 0.033884 0.0732628
1 0.428086 0.464569 0.0370333 0.0818708
1 0.542097 0.6211 0.0366579 0.0803768
1 0.465968 0.396088 0.0335684 0.0616507
1 0.176917 0.461259 0.0374116 0.079405
1 0.48892 0.469427 0.0316863 0.0747017
1 0.72715 0.625979 0.0419428 0.0827219
1 0.3964 0.468344 0.0378738 0.0776314
1 0.812452 0.465844 0.0355141 0.0679689
0 0.837868 0.389982 0.0368011 0.0677846
1 0.646437 0.388943 0.0311965 0.0702558
1 0.456185 0.468938 0.0317235 0.0762218
1 0.613896 0.390986 0.0347523 0.0653839
1 0.155057 0.617544 0.0454608 0.0820061
1 0.221406 0.616412 0.0427474 0.0796652
1 0.680293 0.393324 0.0319008 0.0737277
1 0.405547 0.620464 0.0415351 0.0793282
1 0.712292 0.465242 0.0350932 0.0667521
1 0.303672 0.616579 0.0403738 0.0710661
1 0.471632 0.621296 0.0368828 0.0823413
0 0.614502 0.466278 0.0282319 0.0704871
1 0.729926 0.280613 0.0304566 0.0577926
1 0.439757 0.62109 0.0396172 0.0803349
1 0.481552 0.289435 0.0287243 0.0632777
1 0.313212 0.402978 0.0380005 0.0611835
1 0.590307 0.28284 0.0302169 0.0602044
1 0.578756 0.620713 0.0364859 0.0840471
0 0.787832 0.277876 0.0310229 0.0559891
1 0.253751 0.621796 0.0417604 0.0757849
1 0.532471 0.287106 0.0260842 0.0571736
1 0.236564 0.288587 0.0367665 0.060153
1 0.52239 0.394663 0.0315388 0.0623187
1 0.681173 0.465981 0.0321596 0.0699663
1 0.643052 0.281793 0.0269001 0.0564708
0 0.470951 0.743474 0.0426723 0.0849506
1 0.583449 0.394879 0.0303812 0.0637532
1 0.337469 0.468751 0.0309348 0.0860897
1 0.506512 0.287456 0.0257421 0.0541365
1 0.554212 0.394304 0.0293793 0.0664908
1 0.286371 0.290813 0.0346326 0.0673443
1 0.430808 0.290879 0.0253966 0.063024
1 0.207394 0.460995 0.044866 0.0829217
1 0.292116 0.464377 0.0374501 0.0803752
1 0.405534 0.291027 0.0280209 0.059176
1 0.335589 0.290783 0.0343161 0.0647981
1 0.198625 0.399078 0.0445749 0.0620203
1 0.281783 0.399758 0.0388361 0.0596427
1 0.378526 0.288197 0.0338766 0.065801
1 0.551848 0.465396 0.0273903 0.0705486
1 0.260643 0.290092 0.0358095 0.0647677
1 0.876244 0.622879 0.0495907 0.0893894
1 0.760854 0.278561 0.0273928 0.0644053
1 0.252827 0.40021 0.0387875 0.0619558
1 0.561057 0.283715 0.0259682 0.0572937
1 0.700404 0.279778 0.0270802 0.0524647
1 0.619074 0.282036 0.0233784 0.0600981
1 0.233069 0.459904 0.0409775 0.0870605
1 0.123476 0.615072 0.0488728 0.0819933
1 0.455663 0.289378 0.0261248 0.0652679
0 0.0270404 0.731279 0.0491374 0.0714865
