1 0.680263 0.394422 0.0341668 0.065431
1 0.258116 0.621298 0.0476022 0.072997
1 0.506218 0.288855 0.0310808 0.057586
1 0.136226 0.740581 0.0514094 0.0787573
1 0.371289 0.621955 0.0418335 0.0769629
1 0.616131 0.622737 0.0364263 0.0829289
1 0.542104 0.623515 0.0376195 0.0780119
1 0.407283 0.622197 0.0452829 0.0788541
1 0.311685 0.292116 0.0365203 0.0646977
1 0.746394 0.468494 0.0334576 0.0730236
1 0.616447 0.468196 0.0342121 0.0713237
1 0.715313 0.469385 0.0346251 0.0717507
1 0.33821 0.466332 0.0388386 0.0794277
1 0.468202 0.744492 0.0433823 0.0746171
1 0.443167 0.622801 0.0403771 0.0786388
1 0.307435 0.406675 0.0389963 0.0572592
