0 0.779315 0.462493 0.0391317 0.0730411
0 0.137821 0.738162 0.0553141 0.0860885
0 0.337877 0.616076 0.039918 0.0784611
0 0.257041 0.737646 0.0537289 0.0876753
0 0.372404 0.619607 0.0493257 0.0841592
0 0.773497 0.390889 0.0381037 0.0757371
0 0.223876 0.398728 0.0421077 0.0627654
0 0.0943877 0.737224 0.0566507 0.0855379
0 0.375695 0.400122 0.0352003 0.0615809
0 0.204464 0.461595 0.044892 0.0820305
1 0.22074 0.617141 0.0415332 0.0777941
0 0.848772 0.458036 0.0415394 0.0747408
0 0.299164 0.735225 0.0535116 0.081221
0 0.367956 0.465777 0.0415223 0.0818192
0 0.489447 0.468423 0.0322613 0.0751464
0 0.312142 0.402242 0.0365151 0.0616341
0 0.469699 0.743288 0.0424294 0.0823933
0 0.812852 0.464273 0.0357086 0.0694716
0 0.646745 0.387471 0.0302753 0.0718448
0 0.816086 0.272959 0.0359108 0.0615838
0 0.281404 0.399562 0.039317 0.0592661
0 0.553682 0.392791 0.0300466 0.0695546
0 0.689392 0.626913 0.0415114 0.0842707
0 0.764159 0.62442 0.0410113 0.0899557
0 0.74691 0.464681 0.0326307 0.0722091
0 0.385982 0.746183 0.0524916 0.0851394
0 0.343714 0.739128 0.0522645 0.0803212
0 0.217839 0.736135 0.0542176 0.091338
0 0.176057 0.738747 0.0595018 0.087616
1 0.427345 0.464178 0.0369027 0.0814947
0 0.613824 0.391132 0.0344708 0.064654
0 0.404196 0.620084 0.0411209 0.0792899
0 0.533144 0.284683 0.026395 0.0570294
0 0.643244 0.280477 0.0256829 0.055844
0 0.542309 0.620785 0.0369259 0.0817555
0 0.578734 0.620784 0.0365185 0.0857038
0 0.646975 0.463784 0.0312452 0.0724754
0 0.394663 0.468155 0.0364291 0.076614
0 0.259475 0.289578 0.0356203 0.0660604
0 0.435872 0.395465 0.0352451 0.0601622
0 0.428507 0.741556 0.0490664 0.0799932
0 0.438716 0.620725 0.0416673 0.0801529
0 0.234719 0.287795 0.0362051 0.0624369
0 0.802182 0.626532 0.0451733 0.0924328
0 0.470881 0.62038 0.0364294 0.0817789
0 0.614791 0.619106 0.0352057 0.0834635
0 0.74059 0.38922 0.0321205 0.0705969
0 0.197617 0.399971 0.0419128 0.0581885
0 0.51066 0.747935 0.0467249 0.0871611
0 0.709995 0.388067 0.0353609 0.0714595
0 0.679676 0.391952 0.0318402 0.0749523
0 0.261434 0.466535 0.0411259 0.078556
1 0.250187 0.399953 0.0389223 0.0629027
0 0.506126 0.62481 0.0367247 0.0887199
0 0.730621 0.277983 0.0298758 0.0580957
0 0.18783 0.619031 0.0470089 0.0794635
0 0.838246 0.389555 0.0361914 0.0671954
0 0.311423 0.28821 0.0371051 0.0662679
0 0.455485 0.468086 0.0321358 0.0758415
0 0.519907 0.46613 0.0335381 0.0731512
0 0.0580764 0.733325 0.0548129 0.0779452
0 0.72737 0.623133 0.0419539 0.081784
0 0.712292 0.464616 0.0361614 0.0675545
0 0.788023 0.27498 0.0311228 0.0545809
0 0.151943 0.616904 0.0469894 0.0815702
0 0.465489 0.394735 0.0328876 0.0625453
0 0.761356 0.276402 0.0277199 0.0628901
0 0.651148 0.624069 0.0366711 0.082032
0 0.838206 0.622016 0.0415064 0.0892296
0 0.805889 0.388353 0.0331293 0.0721457
0 0.583229 0.465063 0.0309011 0.0718806
0 0.231865 0.458689 0.038882 0.087459
0 0.614279 0.465397 0.0285444 0.0717014
0 0.495492 0.39412 0.0332979 0.0619532
1 0.876255 0.61983 0.0502365 0.0896495
0 0.680929 0.465158 0.0313757 0.0703232
0 0.284796 0.289576 0.0338088 0.0674446
0 0.122039 0.614202 0.0456304 0.085717
0 0.673294 0.279457 0.0285448 0.0546378
0 0.175819 0.460082 0.0376812 0.0776426
0 0.408292 0.394961 0.0333292 0.0584467
1 0.335113 0.28891 0.0338618 0.0646017
0 0.58949 0.282398 0.0296545 0.0589349
1 0.30262 0.61703 0.0406817 0.0750892
0 0.351453 0.39993 0.0355393 0.0584992
0 0.404544 0.288455 0.0273087 0.058849
0 0.377531 0.286456 0.0331662 0.063411
0 0.505877 0.285662 0.0254773 0.0553215
0 0.561033 0.281369 0.0249657 0.0537825
0 0.42963 0.288682 0.0259123 0.0636086
0 0.480181 0.2876 0.0282917 0.0601663
1 0.253677 0.621775 0.0427431 0.0742311
0 0.454707 0.28742 0.0265067 0.0632708
1 0.289591 0.465549 0.0368063 0.0791925
1 0.336422 0.468477 0.0301243 0.0845642
0 0.701268 0.278432 0.0260385 0.0516126
0 0.52193 0.393688 0.0309519 0.0623802
0 0.583234 0.395214 0.0295843 0.0611318
0 0.618671 0.281508 0.0248 0.060299
0 0.551838 0.464471 0.0263115 0.0703489
