1 0.138049 0.739796 0.0564041 0.086473
0 0.258364 0.736953 0.0529418 0.0883442
1 0.338423 0.61689 0.0394243 0.0793386
0 0.300072 0.733804 0.0524469 0.0805408
0 0.0588562 0.734361 0.0536309 0.0789978
0 0.372162 0.62014 0.0468267 0.0853769
1 0.312646 0.404863 0.0374103 0.062036
0 0.176657 0.740772 0.0587947 0.0927731
1 0.437378 0.396548 0.0354021 0.0595838
1 0.0955921 0.738311 0.0555048 0.0845223
0 0.386831 0.745354 0.0521081 0.0851816
1 0.615431 0.62014 0.0361235 0.0853836
0 0.344416 0.738761 0.0518862 0.0800526
1 0.647502 0.465513 0.0312597 0.0726418
1 0.430187 0.741139 0.0503738 0.0831954
1 0.39542 0.468103 0.038088 0.0762924
1 0.263832 0.46763 0.0417099 0.0782801
1 0.739865 0.39091 0.0333043 0.0719091
0 0.643927 0.281906 0.0256056 0.0553863
1 0.496448 0.395716 0.0323326 0.060904
1 0.303867 0.617927 0.0404552 0.0733634
1 0.219868 0.738497 0.0548437 0.0909765
1 0.689411 0.628361 0.0412793 0.0832561
0 0.709917 0.390995 0.034045 0.0711734
1 0.6524 0.624278 0.0369182 0.0816683
1 0.727568 0.625694 0.0416598 0.0812819
0 0.51101 0.747276 0.0458666 0.0852877
0 0.590354 0.28365 0.0301671 0.0590792
1 0.542884 0.621033 0.0361361 0.0791639
1 0.31189 0.289658 0.0379984 0.0667267
1 0.375816 0.402563 0.0357708 0.0638137
1 0.439629 0.621533 0.0423206 0.0822346
1 0.508109 0.626872 0.0368773 0.0898041
1 0.260576 0.290354 0.035445 0.064236
1 0.156403 0.617938 0.0456728 0.0804544
1 0.221261 0.617617 0.0418096 0.0781261
1 0.367972 0.467156 0.0416473 0.0824463
0 0.646372 0.389443 0.0316238 0.0691483
1 0.816492 0.275262 0.0363693 0.0623066
1 0.405362 0.620941 0.0425461 0.0822137
1 0.613587 0.391926 0.0344288 0.063802
1 0.519076 0.467522 0.0335884 0.0741698
1 0.849443 0.459717 0.0416313 0.075087
1 0.874097 0.622651 0.0514092 0.0912675
1 0.836396 0.626352 0.0403025 0.0894026
1 0.583688 0.467453 0.0316574 0.0711077
0 0.579351 0.6219 0.0368394 0.085424
1 0.281797 0.401448 0.0386528 0.0617438
1 0.561206 0.282623 0.0242803 0.0540371
1 0.764299 0.625805 0.0410149 0.0865726
1 0.802557 0.62719 0.0451017 0.0923861
1 0.812228 0.466274 0.0338325 0.0674395
1 0.700618 0.279166 0.0258823 0.0493402
1 0.407897 0.398147 0.0342646 0.0591645
1 0.731026 0.280967 0.0301952 0.057599
0 0.471299 0.744125 0.0427071 0.0847731
1 0.455537 0.289103 0.026833 0.0650241
1 0.53302 0.285265 0.0275421 0.0567875
1 0.778741 0.46455 0.040378 0.0730534
1 0.404439 0.290218 0.0274403 0.059722
0 0.673046 0.281194 0.0275287 0.0525725
1 0.772344 0.393758 0.0375032 0.0749198
1 0.335882 0.470198 0.0292747 0.0847926
1 0.746318 0.466938 0.0319128 0.0700966
1 0.253427 0.622478 0.0426666 0.0759502
1 0.292647 0.46552 0.0379831 0.0798697
1 0.377465 0.287575 0.0336868 0.0644384
1 0.583788 0.397149 0.0291115 0.0597335
1 0.761404 0.278581 0.02685 0.063014
1 0.25174 0.401944 0.0396725 0.0660401
1 0.480896 0.287917 0.0273993 0.0621638
1 0.712584 0.466656 0.0351082 0.0671532
0 0.787775 0.277957 0.0316966 0.0545812
1 0.188437 0.61964 0.0457282 0.0810069
1 0.234129 0.45984 0.0410625 0.0875648
0 0.679222 0.394633 0.0307341 0.0730165
0 0.286059 0.291012 0.0339806 0.0662341
1 0.197488 0.400981 0.0431895 0.0616859
1 0.457019 0.468232 0.0300726 0.076622
1 0.681293 0.467132 0.0307176 0.0713062
1 0.615287 0.467561 0.0279965 0.0708206
1 0.428239 0.46444 0.037995 0.0821695
1 0.236304 0.288858 0.0366395 0.0600598
1 0.42977 0.29035 0.025944 0.06376
1 0.80493 0.391978 0.0340717 0.0710384
1 0.4885 0.46972 0.030954 0.0743681
1 0.206472 0.461191 0.0445241 0.0801556
0 0.506256 0.286103 0.0258558 0.0544153
1 0.177189 0.460327 0.0388671 0.0752679
1 0.33649 0.290316 0.0345766 0.0647341
1 0.224871 0.400037 0.0414323 0.0641204
1 0.472482 0.622199 0.0376198 0.0831638
1 0.619833 0.28177 0.0239535 0.0592187
1 0.553565 0.396356 0.0301595 0.0685227
0 0.46636 0.397602 0.0331663 0.0632773
1 0.350883 0.402364 0.0363318 0.0613248
1 0.838236 0.391379 0.0382729 0.0684991
1 0.126286 0.614807 0.0450763 0.0826628
1 0.55181 0.467235 0.0278169 0.0726715
0 0.522268 0.395569 0.0307912 0.061568
0 0.0266703 0.731965 0.0502904 0.0732801
