0 0.257888 0.737898 0.0539223 0.0884331
0 0.138695 0.738738 0.0546905 0.0852953
0 0.778823 0.462488 0.0390591 0.0723591
0 0.337806 0.616165 0.0401892 0.0775248
0 0.312932 0.40259 0.0375976 0.0617409
0 0.773454 0.392301 0.0381876 0.0748783
0 0.299564 0.73536 0.0533103 0.0815649
0 0.848591 0.458801 0.0419807 0.073776
0 0.219302 0.615794 0.0420055 0.0806702
0 0.218971 0.736805 0.0557915 0.0936368
0 0.532826 0.285487 0.0267622 0.0566871
0 0.29025 0.465858 0.0369081 0.080474
0 0.372984 0.620503 0.0496782 0.0845297
0 0.386843 0.745328 0.0515264 0.0832941
0 0.489946 0.468908 0.0327724 0.0747173
0 0.812283 0.46457 0.0356473 0.0680626
0 0.614009 0.391325 0.0346684 0.0656983
0 0.176294 0.739015 0.0594491 0.0895147
0 0.875346 0.621437 0.0490372 0.0882429
0 0.764246 0.624795 0.0413254 0.0899105
0 0.188179 0.618712 0.046233 0.0797617
0 0.375736 0.401254 0.0358438 0.0612142
0 0.838294 0.624041 0.0418314 0.0890322
0 0.205488 0.462339 0.0445568 0.0810465
0 0.404989 0.619915 0.0407955 0.0788991
0 0.223933 0.400206 0.0403523 0.0634281
0 0.583791 0.465408 0.031091 0.0709661
0 0.0961514 0.736931 0.0558196 0.0856571
0 0.746622 0.465641 0.0326793 0.0718727
0 0.838199 0.391308 0.0368765 0.0667887
0 0.647252 0.464965 0.0312588 0.0718866
0 0.643976 0.28168 0.0257244 0.0556805
0 0.47142 0.621042 0.0358432 0.0816849
0 0.510747 0.748074 0.0468113 0.08824
0 0.646904 0.388574 0.0301627 0.0719151
0 0.121937 0.615072 0.0470601 0.0846971
0 0.689167 0.627158 0.0415928 0.0866525
0 0.505869 0.624309 0.0367224 0.0880745
0 0.436007 0.395735 0.0342485 0.0599545
1 0.578452 0.622562 0.0372219 0.0856072
0 0.368128 0.466273 0.0415529 0.0818743
0 0.344815 0.737485 0.052142 0.0777023
0 0.730845 0.279909 0.0299797 0.0592715
0 0.54199 0.62075 0.0367912 0.0814708
0 0.740649 0.390162 0.0324083 0.0700509
0 0.650829 0.624138 0.0370213 0.0809412
0 0.439431 0.621218 0.0413332 0.0801433
0 0.259716 0.290609 0.0361848 0.0669762
0 0.816524 0.273915 0.0369373 0.0625914
0 0.709979 0.389556 0.0355591 0.0726423
0 0.395821 0.468886 0.0368358 0.0777622
0 0.727258 0.624246 0.041733 0.0821266
0 0.198484 0.401014 0.0417533 0.0587997
0 0.470824 0.743921 0.0424673 0.0844465
0 0.805795 0.389869 0.0334236 0.0715917
0 0.232616 0.459021 0.0390708 0.0870689
0 0.261475 0.466629 0.0399712 0.0804755
0 0.673309 0.28109 0.028129 0.054142
0 0.46588 0.395852 0.0337657 0.0641846
0 0.761281 0.277661 0.0281219 0.0642977
0 0.679541 0.393291 0.0315455 0.0742903
0 0.787676 0.276462 0.0312761 0.0538488
1 0.520644 0.467387 0.0329397 0.0729481
0 0.303142 0.616756 0.0395144 0.0711889
1 0.427882 0.464484 0.0367192 0.0835606
0 0.554265 0.393883 0.0293088 0.0679794
0 0.589388 0.282751 0.0298836 0.0591918
0 0.802284 0.627532 0.0447048 0.0933092
0 0.253213 0.621288 0.0430487 0.0772087
0 0.312254 0.288813 0.037453 0.0659453
0 0.429836 0.740355 0.0492134 0.0807668
0 0.712098 0.465234 0.0362917 0.067234
0 0.336291 0.289581 0.0349714 0.0645677
0 0.176746 0.460135 0.0374274 0.0777118
0 0.285821 0.290487 0.0336887 0.0672202
0 0.681061 0.466079 0.031301 0.0695967
0 0.614226 0.466234 0.0287754 0.0715309
0 0.560398 0.281984 0.0246784 0.0541421
0 0.614788 0.620169 0.0352587 0.0848593
0 0.408745 0.395521 0.0336925 0.0592804
0 0.0596962 0.73225 0.0538932 0.0765697
1 0.336369 0.468137 0.029761 0.0839783
0 0.152103 0.617696 0.0459311 0.0794792
0 0.280916 0.40037 0.0394184 0.0598252
0 0.377591 0.287214 0.033402 0.0622156
0 0.49624 0.395225 0.0327605 0.0623002
0 0.552493 0.464756 0.02615 0.0695253
0 0.25053 0.400593 0.0385572 0.0637586
0 0.429966 0.289061 0.0263922 0.0639588
1 0.234196 0.288372 0.0378207 0.0633781
0 0.481312 0.287795 0.0279974 0.0619743
0 0.404575 0.289754 0.0276869 0.0581285
0 0.455703 0.469102 0.0322659 0.0751324
0 0.618542 0.281978 0.0255209 0.0607974
0 0.701149 0.27983 0.0264816 0.0520909
0 0.583226 0.39572 0.0299461 0.0605289
0 0.506311 0.286211 0.0255978 0.0536131
0 0.351305 0.401132 0.0358577 0.058735
0 0.455783 0.288272 0.0263018 0.0655865
1 0.521903 0.395223 0.0313158 0.0617147
0 0.0271365 0.729588 0.0499204 0.0701197
