0 0.61388 0.391087 0.0343306 0.064013
0 0.258381 0.736589 0.0523404 0.086776
1 0.188155 0.618404 0.0434403 0.0803929
1 0.139111 0.739006 0.0566327 0.0857554
1 0.709339 0.390316 0.0362677 0.0725408
0 0.0947086 0.73755 0.0556412 0.0847343
0 0.387145 0.744458 0.0507003 0.0838499
0 0.848891 0.459412 0.0405079 0.0751943
0 0.219405 0.736811 0.05524 0.0925072
0 0.838451 0.624036 0.0401287 0.0874611
1 0.373036 0.621058 0.0510241 0.085066
0 0.344471 0.738464 0.0528807 0.0802622
1 0.727679 0.625999 0.0434192 0.0842407
0 0.875572 0.622532 0.050141 0.0894221
0 0.204325 0.462461 0.0425246 0.080587
1 0.405609 0.620991 0.0417068 0.0798948
1 0.221053 0.616838 0.042611 0.0798912
1 0.311764 0.403386 0.0367022 0.0603378
1 0.260163 0.291226 0.0362934 0.064566
0 0.175922 0.738493 0.0608035 0.0883821
1 0.428716 0.742669 0.0506401 0.0837729
0 0.773253 0.39264 0.0385142 0.075721
0 0.816415 0.275546 0.0368238 0.0620533
1 0.762249 0.279709 0.028558 0.0657221
0 0.788343 0.277118 0.0301313 0.0551066
0 0.336266 0.29093 0.0346312 0.0640701
0 0.299737 0.733195 0.0514692 0.0791065
1 0.254776 0.622076 0.0418307 0.0769487
1 0.689199 0.628523 0.0399654 0.0846781
0 0.0589335 0.734572 0.0540479 0.0776481
0 0.740516 0.390966 0.0323117 0.0705242
0 0.15595 0.619538 0.0423839 0.0789569
1 0.440344 0.622159 0.0422163 0.082206
0 0.76497 0.626223 0.0409504 0.0879786
1 0.350482 0.401883 0.0366695 0.0582933
1 0.802276 0.628375 0.0450129 0.0923998
0 0.224704 0.399779 0.0389465 0.0617477
1 0.470161 0.743374 0.0444317 0.0833191
1 0.456494 0.468614 0.030537 0.0763009
0 0.646756 0.38952 0.030658 0.0716652
1 0.336588 0.61678 0.0416253 0.0791756
0 0.31133 0.290137 0.0377664 0.0659952
1 0.646481 0.463746 0.0316422 0.0720877
1 0.394848 0.46793 0.0376718 0.0770247
1 0.778668 0.463889 0.0394945 0.0717639
1 0.813269 0.465872 0.0358431 0.0677855
0 0.533316 0.286182 0.0270594 0.0574138
1 0.291661 0.466007 0.0392737 0.0823689
0 0.583286 0.466327 0.0325469 0.0714872
0 0.285511 0.29125 0.0327515 0.0655843
0 0.466746 0.396542 0.0349043 0.0634379
0 0.679494 0.395331 0.0316463 0.0735642
1 0.367804 0.466319 0.041038 0.0827786
0 0.489649 0.468649 0.0329918 0.0746073
0 0.589281 0.282126 0.0307881 0.0586297
1 0.54335 0.622828 0.0367584 0.0848589
0 0.805591 0.390223 0.033603 0.0695519
0 0.375963 0.402194 0.0360332 0.0598497
1 0.197286 0.400796 0.0445433 0.0594425
1 0.614592 0.620782 0.0347462 0.083796
0 0.672973 0.281371 0.0278606 0.0538974
1 0.583875 0.395788 0.0281752 0.0619946
0 0.280682 0.400883 0.0389269 0.0595757
1 0.455938 0.289057 0.0266066 0.065996
1 0.518906 0.466919 0.0325855 0.0720049
0 0.251087 0.400641 0.0392633 0.0630199
1 0.681165 0.465911 0.0318239 0.0702991
1 0.231787 0.459792 0.0395935 0.0890587
1 0.408524 0.396081 0.0353145 0.0577048
0 0.560849 0.282971 0.0244799 0.0531842
1 0.302215 0.617039 0.0391614 0.0715827
1 0.578851 0.621994 0.0371752 0.0843557
1 0.746319 0.466487 0.0323479 0.0717237
1 0.614515 0.466446 0.0287024 0.0708654
0 0.261649 0.467483 0.0415721 0.0816896
1 0.507285 0.624766 0.0374123 0.0890299
0 0.236086 0.289121 0.0365667 0.060513
0 0.33587 0.469603 0.0307817 0.0844875
1 0.428548 0.46266 0.0380605 0.0855224
0 0.510905 0.746336 0.0447369 0.084284
0 0.430071 0.289619 0.0263796 0.0640234
0 0.505857 0.286422 0.0267944 0.0542308
1 0.712846 0.465962 0.0356462 0.0667059
1 0.838119 0.39179 0.0377647 0.0676189
0 0.496297 0.395858 0.0321001 0.0608996
0 0.377951 0.287945 0.0323489 0.0635925
1 0.555185 0.394585 0.0288545 0.0708303
0 0.481002 0.288155 0.0289057 0.0590217
1 0.65076 0.624338 0.037163 0.0825487
0 0.177015 0.46143 0.0380331 0.0784012
1 0.472364 0.622198 0.0371172 0.0822941
0 0.643746 0.282093 0.026506 0.0549418
0 0.701255 0.28018 0.0269984 0.0520899
0 0.404611 0.290244 0.0270414 0.0600038
0 0.730839 0.280667 0.0301192 0.0573533
1 0.125189 0.616398 0.04513 0.0846514
0 0.436975 0.39629 0.0343639 0.0587809
1 0.522495 0.394451 0.0317082 0.0635439
1 0.619586 0.281727 0.0241195 0.059311
0 0.551593 0.465507 0.0276899 0.0696075
0 0.0263178 0.730923 0.0488775 0.0702701
