1 0.298611 0.73783 0.052659 0.0811565
0 0.256786 0.738744 0.055355 0.0877955
0 0.136236 0.74012 0.0568162 0.0874479
0 0.840045 0.625426 0.0409981 0.0884365
1 0.780013 0.462646 0.0391865 0.0731422
0 0.0931952 0.738611 0.0569217 0.0850249
1 0.372828 0.620845 0.0489779 0.0843859
0 0.470915 0.62349 0.0364067 0.0813851
0 0.647455 0.38923 0.0308127 0.0711169
0 0.61467 0.392613 0.0337215 0.0639109
1 0.689344 0.629016 0.0409185 0.0843409
1 0.376917 0.40158 0.034587 0.0624778
1 0.2231 0.400484 0.0419144 0.0617516
0 0.344272 0.74007 0.0529169 0.0797792
0 0.774705 0.392106 0.0372887 0.0751847
1 0.81307 0.465257 0.0346252 0.0674029
1 0.579311 0.623761 0.0369634 0.084552
0 0.510966 0.749953 0.046801 0.0872305
0 0.747064 0.465542 0.0327654 0.0737088
0 0.541857 0.623684 0.0372413 0.081401
1 0.36863 0.468385 0.0419958 0.0812582
0 0.386778 0.746163 0.0521941 0.0829579
0 0.741824 0.389645 0.0325178 0.0704977
0 0.21785 0.738059 0.054527 0.0901712
0 0.839777 0.390544 0.0367727 0.0691487
1 0.0572328 0.737398 0.0535537 0.0809519
1 0.21961 0.617901 0.0428775 0.0773891
1 0.337443 0.618482 0.0407802 0.0779407
1 0.489055 0.469639 0.0310444 0.0745562
1 0.17613 0.741814 0.059068 0.089708
0 0.465252 0.397167 0.0342314 0.0628586
1 0.186718 0.619368 0.0452589 0.0803448
1 0.351071 0.402562 0.0353399 0.0592223
0 0.709967 0.389818 0.0361364 0.0712967
1 0.428272 0.46695 0.0358044 0.0822256
0 0.469849 0.747633 0.0419539 0.0860845
1 0.505616 0.627074 0.036725 0.0890684
0 0.429133 0.742942 0.0485039 0.081568
1 0.312705 0.404479 0.0377187 0.0621102
0 0.807033 0.389494 0.0333725 0.0718262
1 0.72706 0.625414 0.041469 0.0851761
0 0.280087 0.400951 0.0422809 0.0608056
0 0.644285 0.281178 0.025824 0.0565117
0 0.407965 0.396891 0.0333335 0.058279
0 0.67328 0.280188 0.0283052 0.0557973
1 0.680456 0.393798 0.0303286 0.0733059
1 0.850056 0.460004 0.0423695 0.0750152
1 0.584134 0.46694 0.0316464 0.0727142
1 0.64719 0.465493 0.0306499 0.0727846
1 0.335958 0.471088 0.0314826 0.0838107
0 0.436315 0.39632 0.0347797 0.059044
1 0.533067 0.285229 0.0269918 0.0583791
1 0.438787 0.623421 0.0403151 0.0811275
1 0.394762 0.469631 0.0359513 0.0776292
1 0.290299 0.466788 0.0377844 0.0790762
1 0.65092 0.626505 0.0364647 0.0834002
0 0.589062 0.283246 0.0288848 0.0581828
0 0.48024 0.288109 0.0285709 0.0605596
1 0.712411 0.46576 0.0358201 0.0698091
1 0.253451 0.623362 0.0429391 0.0735973
1 0.764103 0.628596 0.0412008 0.090136
1 0.376585 0.287716 0.0316628 0.0654644
1 0.455609 0.470915 0.0300421 0.074832
1 0.405481 0.622399 0.0406389 0.0795153
0 0.554305 0.393975 0.0299793 0.0685982
1 0.121014 0.617075 0.0465093 0.0807355
0 0.519416 0.467849 0.0342804 0.0729815
1 0.614882 0.622473 0.0347639 0.0827408
1 0.817757 0.274767 0.0360945 0.0617618
1 0.803052 0.631935 0.0469591 0.0939287
1 0.877676 0.623593 0.0504141 0.0878956
0 0.495816 0.395217 0.0322207 0.0629943
0 0.249231 0.402489 0.0392128 0.0618105
1 0.454996 0.288619 0.0255902 0.0650029
1 0.258756 0.289774 0.036362 0.0646868
1 0.762045 0.278563 0.0285997 0.0640463
0 0.284845 0.290863 0.035564 0.0681776
0 0.561406 0.282318 0.0244993 0.0545472
0 0.203064 0.46328 0.0434465 0.0830475
0 0.788539 0.276957 0.0307626 0.0559382
1 0.6817 0.466615 0.0315475 0.071749
1 0.311462 0.289774 0.0375599 0.0670489
1 0.701888 0.279822 0.0281733 0.0524514
1 0.731414 0.279204 0.0300512 0.0567977
1 0.260281 0.467982 0.0425113 0.0807623
1 0.302107 0.619252 0.0389916 0.0713323
0 0.584313 0.395994 0.0309725 0.062753
1 0.506123 0.286128 0.0262218 0.0563888
1 0.615388 0.46789 0.0293183 0.0738073
1 0.430207 0.290148 0.0259911 0.0646205
0 0.40451 0.290636 0.0272014 0.0594357
1 0.52177 0.395838 0.0317799 0.0632888
0 0.175554 0.460949 0.0369184 0.0792465
0 0.619083 0.282064 0.0250664 0.060396
1 0.336242 0.289719 0.0340324 0.0649086
0 0.194965 0.401097 0.040325 0.0585501
1 0.151927 0.618991 0.0448627 0.0786146
1 0.232329 0.460333 0.0416418 0.0878204
0 0.551625 0.465817 0.028161 0.0686242
0 0.234979 0.287299 0.0346922 0.060459
