0 0.219773 0.737683 0.0535346 0.0886036
1 0.137468 0.737688 0.0559921 0.0849514
0 0.773868 0.39296 0.0386049 0.0761258
0 0.177405 0.738113 0.0570741 0.0878717
0 0.0593618 0.733449 0.053154 0.0772868
0 0.343935 0.740351 0.051403 0.0801077
0 0.386381 0.74627 0.0522693 0.0834276
1 0.36736 0.465518 0.0421431 0.0833126
1 0.0948591 0.737191 0.0536274 0.0840025
0 0.429189 0.742243 0.0492769 0.0802271
0 0.299817 0.734336 0.0529852 0.078372
1 0.337852 0.616959 0.0406577 0.0789104
1 0.690493 0.628733 0.0418437 0.0832301
1 0.818591 0.275052 0.0366459 0.062552
1 0.848938 0.459476 0.0428234 0.0739712
1 0.20568 0.461678 0.0428009 0.0821711
1 0.252879 0.621205 0.0415316 0.0773932
1 0.395675 0.467441 0.0370101 0.079554
0 0.471109 0.74508 0.0434595 0.0867791
1 0.220805 0.616857 0.0418558 0.0801925
1 0.709657 0.391128 0.0353573 0.0705456
1 0.303325 0.617873 0.0393204 0.0729225
1 0.26241 0.467396 0.0415166 0.0807755
1 0.764101 0.627326 0.0410599 0.0903538
1 0.281833 0.399998 0.0409945 0.0622436
1 0.740639 0.391558 0.0321542 0.0707816
1 0.465782 0.395729 0.0351795 0.0655121
1 0.496471 0.395522 0.0321552 0.0619393
1 0.542024 0.621568 0.0370745 0.0802322
1 0.672772 0.28151 0.0267948 0.0541404
1 0.408338 0.396288 0.0346781 0.0600399
1 0.47077 0.621617 0.0360603 0.0810048
1 0.428579 0.463859 0.037846 0.0841676
1 0.121971 0.613948 0.0477777 0.0830883
1 0.375942 0.40078 0.036051 0.0639049
1 0.405684 0.621823 0.0409975 0.0787102
1 0.481504 0.288466 0.0275933 0.0620727
1 0.257179 0.736762 0.0535583 0.0876293
1 0.371871 0.620188 0.048808 0.0836512
1 0.578625 0.622621 0.0366295 0.0846553
1 0.8127 0.465802 0.0354349 0.0681492
1 0.777866 0.463596 0.0405604 0.0763839
1 0.591379 0.283304 0.0302879 0.0613965
1 0.505544 0.624502 0.0365114 0.0862663
1 0.43928 0.622496 0.0412938 0.0825581
1 0.644467 0.281852 0.0264277 0.0572089
1 0.153206 0.616368 0.0457071 0.0804455
1 0.647401 0.389992 0.0300451 0.0701774
1 0.802385 0.629432 0.0455081 0.0931475
1 0.614333 0.621485 0.0356114 0.0845818
1 0.519279 0.467138 0.0334198 0.0719354
1 0.584594 0.465821 0.0307663 0.0715656
1 0.646939 0.464847 0.0305536 0.0722046
1 0.312787 0.401664 0.0369984 0.0642741
1 0.53382 0.286228 0.0255445 0.0559034
1 0.236706 0.288579 0.0365743 0.0616518
1 0.876542 0.623468 0.0491848 0.0889336
1 0.489299 0.468935 0.0318731 0.073457
1 0.727829 0.62682 0.0422235 0.0822104
1 0.231918 0.461878 0.039879 0.0834428
1 0.61507 0.392345 0.03452 0.0645732
1 0.2915 0.465213 0.0364194 0.0801159
1 0.68061 0.394724 0.0307577 0.0746801
1 0.510971 0.747792 0.0459579 0.0853796
1 0.24935 0.400745 0.0404225 0.0640065
1 0.838885 0.62625 0.0424561 0.0872429
1 0.350322 0.399759 0.0359541 0.0600222
1 0.731148 0.280452 0.0293317 0.058809
1 0.456172 0.469219 0.0314671 0.0756124
1 0.176457 0.461672 0.0363818 0.078161
1 0.312426 0.289424 0.0372292 0.0652439
1 0.378139 0.288185 0.034227 0.0624875
1 0.760081 0.278203 0.0278896 0.0646003
1 0.806244 0.39168 0.0338295 0.0720428
1 0.615812 0.465927 0.0274788 0.0708463
1 0.33695 0.290149 0.03418 0.0630543
1 0.78826 0.278198 0.0315563 0.0552539
1 0.260556 0.290514 0.0346968 0.0644907
1 0.553935 0.396525 0.0298901 0.0664667
1 0.681083 0.46672 0.0323498 0.0708281
1 0.197429 0.400575 0.042831 0.0613205
1 0.335612 0.468109 0.0302857 0.085848
1 0.187345 0.61795 0.0469409 0.0819709
1 0.745766 0.466173 0.0318814 0.0725355
1 0.838776 0.391411 0.0367016 0.0687384
1 0.40452 0.290245 0.0272328 0.057218
1 0.435953 0.395499 0.0333174 0.0607874
1 0.584167 0.396011 0.0307304 0.0622068
1 0.712057 0.467154 0.0355669 0.0696888
1 0.222989 0.400044 0.0391057 0.0632081
1 0.562103 0.283889 0.026141 0.0565414
1 0.286491 0.289853 0.0339457 0.066272
1 0.651514 0.625334 0.0378391 0.0834639
1 0.455504 0.288891 0.0262686 0.0648616
1 0.430048 0.290185 0.0254869 0.0604643
1 0.506761 0.287249 0.0260554 0.0545369
1 0.620191 0.282543 0.0239864 0.0609122
1 0.701141 0.280286 0.0288151 0.0517484
1 0.552413 0.465682 0.0281144 0.0701536
1 0.521789 0.395395 0.0313599 0.0623783
0 0.0263893 0.729982 0.0489615 0.0691403
