1 0.337872 0.291461 0.035275 0.0637096
1 0.741643 0.39486 0.0353499 0.065944
1 0.188421 0.619104 0.0440882 0.0762089
1 0.496617 0.398853 0.0293301 0.0583166
1 0.218668 0.618859 0.0389925 0.0768064
1 0.479558 0.289168 0.0304364 0.0578591
1 0.158754 0.619487 0.045351 0.075169
1 0.426783 0.289406 0.0283086 0.0581004
1 0.614896 0.398181 0.0331398 0.0610196
1 0.646 0.398066 0.0302261 0.0619133
1 0.401251 0.289538 0.0286633 0.0587341
1 0.33744 0.741867 0.0466519 0.0799264
1 0.505459 0.288528 0.0315958 0.0581543
1 0.405739 0.405602 0.0344496 0.059096
1 0.312413 0.291507 0.0352717 0.0639432
1 0.437998 0.621683 0.0423553 0.0789678
1 0.304807 0.618591 0.0382754 0.0731806
1 0.375987 0.290036 0.0291718 0.0594889
1 0.366642 0.469317 0.0364951 0.0765432
1 0.543598 0.622592 0.0372785 0.0793039
1 0.559318 0.288053 0.0308259 0.0567456
1 0.453194 0.289426 0.0293706 0.0579187
1 0.708013 0.395291 0.0358242 0.0650609
1 0.234642 0.292209 0.0383285 0.0635316
1 0.582384 0.398305 0.0315033 0.0600081
1 0.491029 0.469073 0.0360123 0.0725899
1 0.435755 0.40432 0.0346324 0.0601188
1 0.34007 0.469201 0.0356985 0.0771761
1 0.377175 0.406176 0.0315338 0.0580827
1 0.5911 0.287603 0.0338754 0.0565741
1 0.405739 0.621379 0.0394275 0.0767749
1 0.465682 0.399713 0.0316927 0.0589129
1 0.259396 0.292057 0.0360762 0.0634665
1 0.460632 0.47003 0.034656 0.0718503
1 0.509865 0.622594 0.0423212 0.0787521
1 0.0646773 0.614412 0.046025 0.0736724
1 0.336246 0.619335 0.0435304 0.0736769
