0 0.138989 0.73865 0.0546355 0.0854623
0 0.337705 0.616367 0.0405229 0.0776496
0 0.258392 0.737189 0.0535831 0.0878603
0 0.779115 0.463166 0.0393135 0.0723584
0 0.773535 0.392187 0.0382956 0.0754995
0 0.31329 0.403561 0.0378033 0.0620088
0 0.218992 0.736789 0.055418 0.0936159
0 0.17662 0.739208 0.0588032 0.0899481
0 0.372855 0.620806 0.0494413 0.0847951
0 0.0963538 0.737009 0.0552899 0.0849875
0 0.219833 0.616055 0.042273 0.0797981
0 0.299814 0.734308 0.0531065 0.0802979
0 0.224146 0.400259 0.040618 0.0635304
0 0.614097 0.391214 0.0348613 0.0665942
0 0.376051 0.401932 0.0357826 0.0611031
0 0.764092 0.625234 0.0410259 0.0899899
0 0.345052 0.738569 0.0524285 0.0792353
0 0.578638 0.621838 0.0364269 0.0845987
0 0.188733 0.619208 0.0461075 0.0787304
0 0.405483 0.620444 0.0412815 0.0795376
0 0.0597316 0.732385 0.0530415 0.0753674
0 0.386946 0.745432 0.0514763 0.0841645
0 0.428276 0.464119 0.0371775 0.0833717
0 0.647553 0.464873 0.0309773 0.0714624
0 0.875274 0.620992 0.0494562 0.0891693
0 0.647271 0.389098 0.0304528 0.0720486
0 0.290304 0.465927 0.037471 0.0811459
0 0.542266 0.621414 0.0362536 0.0795961
0 0.848917 0.458916 0.041691 0.0748625
0 0.746876 0.466309 0.032925 0.0729583
0 0.436009 0.395964 0.034831 0.059616
0 0.533323 0.285561 0.0265179 0.0569873
0 0.205908 0.462345 0.044717 0.0812679
0 0.490184 0.468737 0.0325223 0.0742088
0 0.643719 0.281773 0.0257397 0.0553994
0 0.395669 0.469361 0.0369509 0.078046
0 0.123108 0.615004 0.0457982 0.0833361
0 0.816033 0.274044 0.0362304 0.0612829
0 0.456286 0.4693 0.0306673 0.075407
0 0.511123 0.748378 0.0467073 0.0887476
0 0.689408 0.626899 0.0411652 0.0849972
0 0.812826 0.465189 0.0357449 0.0682922
0 0.335735 0.469597 0.0313433 0.0848212
0 0.583873 0.466057 0.0305656 0.071299
0 0.709938 0.389699 0.0356899 0.0726468
0 0.805846 0.389865 0.0326433 0.0711036
0 0.838265 0.623529 0.0417404 0.0889402
1 0.521127 0.467177 0.0327559 0.0725735
0 0.681001 0.466413 0.0315275 0.0706343
0 0.506384 0.624974 0.0373431 0.0879311
0 0.260083 0.289689 0.0353501 0.0651937
0 0.727409 0.62455 0.0417465 0.0816633
0 0.471484 0.621055 0.0353407 0.0811297
0 0.787854 0.27647 0.0310084 0.0535895
0 0.430271 0.740939 0.0506821 0.0815876
0 0.730903 0.280027 0.0301012 0.0591771
0 0.368782 0.466904 0.0421487 0.0825102
0 0.253497 0.621166 0.0428556 0.0777419
0 0.439997 0.621259 0.0417644 0.0799457
0 0.740626 0.389902 0.0324341 0.0707671
0 0.651139 0.624354 0.0367085 0.0806715
0 0.377265 0.286997 0.0335395 0.065024
0 0.23272 0.459972 0.0393555 0.0861073
0 0.471524 0.744375 0.0420832 0.0851125
0 0.153211 0.61787 0.0446572 0.0789089
0 0.76158 0.27745 0.0283972 0.0646348
0 0.837743 0.390588 0.0360939 0.0667183
0 0.802254 0.627512 0.0451595 0.0930605
0 0.554409 0.394774 0.0289448 0.0662763
0 0.614574 0.465912 0.0286906 0.0702782
0 0.615115 0.620998 0.0356173 0.0840128
0 0.280934 0.40085 0.0390263 0.0594364
0 0.46621 0.396112 0.0342859 0.0642327
0 0.673124 0.280562 0.0280066 0.053671
0 0.711909 0.465301 0.035192 0.0668726
0 0.679919 0.394003 0.0308932 0.0740512
0 0.302777 0.616955 0.0402875 0.0717283
0 0.408379 0.396128 0.033632 0.0589915
0 0.59008 0.283051 0.0288778 0.0589355
0 0.261708 0.46658 0.0396881 0.0806255
0 0.285688 0.28994 0.0340712 0.0669044
0 0.312303 0.288507 0.0374979 0.0662306
0 0.177034 0.460076 0.0373096 0.0777918
0 0.49668 0.395628 0.032756 0.0620367
0 0.198573 0.401075 0.042089 0.0592148
0 0.404818 0.289601 0.0276696 0.0587198
0 0.561411 0.282948 0.0249149 0.0538008
0 0.552521 0.465141 0.026499 0.0703842
0 0.351445 0.40182 0.0360658 0.0588491
0 0.481058 0.288003 0.0285725 0.0598115
0 0.236102 0.287851 0.0364296 0.0628633
0 0.430401 0.289206 0.0258423 0.0634465
0 0.583219 0.395555 0.0298704 0.0611691
0 0.50641 0.286631 0.0258353 0.0546839
0 0.336198 0.289802 0.0346071 0.0642259
0 0.455949 0.288155 0.0263454 0.0644698
0 0.250643 0.400997 0.0377003 0.0639038
0 0.618445 0.282595 0.0254772 0.0602243
1 0.522431 0.395669 0.0313381 0.0606438
0 0.701405 0.279676 0.0279717 0.0526652
0 0.0273605 0.73051 0.0504913 0.070452
