1 0.138279 0.738568 0.0551666 0.0886724
1 0.298836 0.734073 0.0525938 0.079727
1 0.176205 0.739033 0.0590039 0.0900105
1 0.219367 0.616185 0.0421147 0.078142
1 0.187552 0.61732 0.0447773 0.079816
1 0.427841 0.464578 0.0370972 0.0803539
0 0.385972 0.746211 0.0523652 0.0848488
1 0.763548 0.62522 0.0413061 0.0895313
1 0.3683 0.466447 0.0412882 0.0817266
1 0.337938 0.616987 0.0410978 0.0786312
1 0.312798 0.403169 0.0388612 0.0654506
1 0.375319 0.40067 0.0352935 0.0638678
0 0.0949139 0.737584 0.0549404 0.0863445
0 0.344021 0.737957 0.0516053 0.0783224
1 0.613679 0.391574 0.034199 0.0642805
1 0.553263 0.3948 0.0298866 0.0684528
1 0.740367 0.390661 0.0328409 0.0684818
1 0.153833 0.616425 0.0441159 0.0790869
0 0.218352 0.73624 0.0545286 0.093257
1 0.876469 0.621402 0.0502472 0.0886753
1 0.801503 0.627782 0.0443106 0.0934636
1 0.496137 0.394484 0.0327867 0.061203
1 0.252974 0.621788 0.0425196 0.0730951
1 0.394572 0.467729 0.0366675 0.077303
1 0.123486 0.614475 0.0486515 0.0810323
0 0.428885 0.741794 0.0510198 0.0828488
1 0.778427 0.463384 0.0389227 0.0738499
1 0.646054 0.464151 0.0308167 0.0735974
1 0.260893 0.466387 0.0415947 0.0801878
1 0.72647 0.623559 0.0422901 0.0829649
1 0.456116 0.468664 0.0314977 0.0757883
1 0.257313 0.736661 0.0543706 0.0892687
1 0.847696 0.45838 0.0410442 0.0740332
1 0.488785 0.468252 0.0331436 0.0754705
1 0.372415 0.620234 0.0487953 0.0831692
1 0.583595 0.465962 0.0314446 0.072607
1 0.470219 0.622914 0.0358046 0.0809975
1 0.311504 0.289206 0.0361536 0.0661246
1 0.0588261 0.735874 0.0550577 0.0809919
1 0.760452 0.277554 0.0283306 0.0623129
1 0.577633 0.622448 0.0365366 0.0850109
1 0.480644 0.288485 0.0281751 0.0626534
1 0.688552 0.6263 0.0407685 0.085763
1 0.505206 0.626353 0.0369349 0.0880917
1 0.430046 0.289905 0.0258832 0.0642232
1 0.335922 0.469232 0.0320733 0.0827022
1 0.70952 0.389185 0.034828 0.0697175
1 0.81535 0.273871 0.036672 0.0613182
1 0.650001 0.623812 0.0375823 0.0832445
1 0.5418 0.621748 0.0369877 0.0809684
1 0.376322 0.287601 0.034823 0.0645516
1 0.838703 0.623701 0.0433184 0.0902803
1 0.470636 0.745489 0.0411888 0.0855042
1 0.786331 0.276122 0.030645 0.0546401
1 0.405017 0.62117 0.04095 0.079561
1 0.812399 0.465154 0.0355597 0.0699179
1 0.583272 0.395822 0.0302168 0.0632535
1 0.613035 0.620723 0.0365425 0.0842974
1 0.519269 0.46694 0.031797 0.0742111
1 0.439329 0.622145 0.0413694 0.0795479
1 0.176333 0.460772 0.0383306 0.076248
1 0.745987 0.46497 0.0341473 0.0731926
1 0.290639 0.465686 0.0366133 0.0777082
1 0.204895 0.461564 0.0432476 0.0796298
1 0.731127 0.278801 0.029573 0.0575159
1 0.672735 0.279072 0.0270363 0.053607
1 0.350782 0.401258 0.0356548 0.0595884
1 0.645851 0.389272 0.0310441 0.0704079
1 0.281222 0.400611 0.0396968 0.061029
1 0.679718 0.39358 0.0309109 0.0734795
1 0.61462 0.465752 0.027335 0.0715506
1 0.532916 0.284705 0.0261919 0.0561695
1 0.510632 0.748543 0.0464297 0.0886173
1 0.711441 0.464449 0.0347649 0.0671153
1 0.560853 0.282521 0.0254982 0.0559861
1 0.250518 0.401173 0.0402851 0.063344
1 0.680649 0.46557 0.0318749 0.0714956
1 0.454945 0.288997 0.0261209 0.0653263
1 0.259045 0.289969 0.0367848 0.0650325
1 0.521814 0.394559 0.0316714 0.0624755
1 0.4079 0.395965 0.0326963 0.0604995
1 0.589596 0.282798 0.0291849 0.0588364
1 0.285263 0.290221 0.0351334 0.0674478
1 0.80665 0.38986 0.034506 0.0704663
1 0.465027 0.395221 0.0353714 0.0633531
1 0.232404 0.461868 0.0404579 0.0803156
1 0.222065 0.400702 0.0429459 0.0620993
1 0.773212 0.392187 0.0386633 0.0747584
1 0.234327 0.289172 0.0364972 0.0608147
1 0.434804 0.395718 0.0353172 0.0598516
1 0.302778 0.617539 0.0396297 0.0714605
1 0.642978 0.281224 0.0262894 0.0559768
1 0.506123 0.286334 0.0259077 0.0542411
1 0.194748 0.400367 0.0430493 0.0604259
1 0.838725 0.389904 0.0362291 0.0675346
1 0.618317 0.281928 0.0224731 0.058391
1 0.404104 0.290086 0.0277332 0.0595301
1 0.335761 0.289477 0.0333755 0.0636701
1 0.551552 0.465975 0.0284101 0.0702783
1 0.700372 0.279334 0.0275489 0.0521649
