1 0.137886 0.739553 0.0543676 0.0856787
0 0.219433 0.617523 0.0419522 0.0781538
1 0.176351 0.739106 0.0590282 0.0887707
0 0.0945964 0.738263 0.0558602 0.0854218
0 0.806241 0.390846 0.0335315 0.0711852
0 0.290235 0.465914 0.0365122 0.0817779
0 0.848741 0.459897 0.042902 0.076671
0 0.336087 0.291256 0.0351883 0.0637284
1 0.299879 0.7344 0.0531995 0.0797848
1 0.813175 0.465795 0.0355881 0.0688974
1 0.49749 0.395858 0.0326082 0.0613136
0 0.368267 0.466551 0.0425641 0.0834168
1 0.773656 0.393367 0.0372704 0.0752253
0 0.259824 0.291631 0.0357404 0.0652428
0 0.408145 0.396469 0.0336636 0.0595338
0 0.224193 0.40123 0.0394516 0.0622179
1 0.152086 0.618309 0.0459287 0.0797892
1 0.817 0.275981 0.0362522 0.0620481
1 0.375183 0.401108 0.0353913 0.0634734
1 0.471046 0.743555 0.0437948 0.0850923
1 0.312039 0.403678 0.0363142 0.0603883
1 0.471513 0.622246 0.0370297 0.0825654
0 0.615102 0.620712 0.034523 0.082398
1 0.709747 0.390733 0.0361023 0.0722328
0 0.429277 0.741545 0.0494944 0.0808237
0 0.386939 0.746172 0.0522722 0.0833561
0 0.219033 0.73698 0.0554389 0.091313
1 0.764239 0.626441 0.0411327 0.0895856
1 0.258606 0.737383 0.0542498 0.0874341
1 0.690264 0.629431 0.0418937 0.082917
1 0.372864 0.621638 0.050045 0.0850388
0 0.344468 0.73893 0.0515644 0.0779451
1 0.647533 0.465628 0.0306844 0.0732073
1 0.519932 0.467661 0.0324693 0.0730627
0 0.561035 0.283043 0.0255118 0.0554222
1 0.439789 0.621864 0.041011 0.0811798
1 0.837817 0.624889 0.0404873 0.0867907
0 0.839263 0.391567 0.0371048 0.0667813
0 0.53298 0.286066 0.0264625 0.0569137
1 0.583995 0.46677 0.031146 0.0716799
0 0.506616 0.624767 0.0372472 0.0872328
0 0.741347 0.390872 0.0325877 0.0705276
0 0.121998 0.61597 0.046449 0.0834679
1 0.303206 0.618323 0.0409615 0.0724827
1 0.405572 0.621617 0.0419995 0.0815505
1 0.466215 0.396438 0.0356318 0.0654726
1 0.542568 0.621625 0.0364594 0.0802446
0 0.435689 0.39638 0.0342569 0.0601035
1 0.746262 0.466971 0.0341402 0.073517
1 0.428411 0.464717 0.037586 0.0830238
1 0.68073 0.394783 0.0314039 0.0749964
0 0.186959 0.619754 0.0459078 0.0788331
1 0.727453 0.625512 0.0412809 0.0831265
0 0.590106 0.283655 0.029642 0.0594565
1 0.579422 0.623411 0.0367418 0.0870895
1 0.338209 0.617178 0.0406768 0.0779219
0 0.787884 0.278129 0.0308448 0.0539545
1 0.430081 0.290778 0.0263409 0.0623114
0 0.285241 0.291822 0.0344359 0.0669815
1 0.311963 0.290408 0.0371968 0.0663333
0 0.801394 0.627744 0.0438126 0.091305
1 0.614547 0.392003 0.035481 0.0643873
1 0.253188 0.622521 0.0430563 0.0757543
1 0.875127 0.62243 0.0501518 0.0887974
0 0.681091 0.467132 0.0317096 0.0715908
1 0.511078 0.7476 0.0445253 0.085363
1 0.672561 0.281689 0.0279205 0.0542495
0 0.0592247 0.73547 0.0545059 0.0769728
1 0.651534 0.625384 0.0370044 0.0805929
0 0.730958 0.281634 0.0312558 0.0575834
1 0.335808 0.468164 0.031285 0.0848424
1 0.235329 0.289056 0.0357804 0.0607976
1 0.6435 0.282024 0.0261511 0.0559482
1 0.261304 0.467663 0.0405866 0.0812676
1 0.701068 0.280498 0.0274277 0.0527224
1 0.490005 0.469722 0.0323178 0.0740128
1 0.761785 0.280286 0.027651 0.0658849
1 0.395667 0.469195 0.0370668 0.0781283
1 0.553125 0.395809 0.0287252 0.0655209
0 0.205122 0.463354 0.0454567 0.0809775
1 0.456234 0.469262 0.0300521 0.0745945
1 0.615018 0.466765 0.0287912 0.0725281
1 0.232292 0.46268 0.0388613 0.0824909
0 0.481123 0.288536 0.0286291 0.0610358
0 0.177073 0.461753 0.0383167 0.0793097
1 0.404959 0.290448 0.0263839 0.0581664
1 0.378277 0.287895 0.0338348 0.0638357
1 0.197227 0.402201 0.0423518 0.057678
1 0.779177 0.463945 0.0399286 0.0755792
0 0.25098 0.401604 0.0394896 0.0636007
0 0.648201 0.390334 0.0300911 0.0721744
0 0.280573 0.400988 0.0395844 0.060894
1 0.58333 0.396597 0.0304622 0.0594337
1 0.506339 0.287034 0.0260181 0.0542319
1 0.350425 0.401396 0.0355617 0.0585672
1 0.712335 0.466694 0.035356 0.0664779
0 0.522558 0.396272 0.0313013 0.0602091
0 0.454975 0.28804 0.0262656 0.0643892
1 0.552232 0.466137 0.0276143 0.0698525
0 0.618565 0.282986 0.0253332 0.0595999
