0 0.137801 0.740774 0.0551503 0.084973
0 0.25791 0.737507 0.0531031 0.0869278
0 0.299881 0.736024 0.052933 0.0799362
0 0.489848 0.470193 0.0323057 0.0732809
0 0.0947478 0.739163 0.0551649 0.0850391
0 0.219713 0.617195 0.0422472 0.0798907
0 0.614639 0.392918 0.0344036 0.0645222
0 0.436697 0.397581 0.0346887 0.0583209
0 0.375755 0.403445 0.0359091 0.0607882
0 0.218506 0.738566 0.0555083 0.0913818
0 0.176359 0.741532 0.0585834 0.0889416
0 0.615235 0.6226 0.0348658 0.0833759
0 0.471749 0.622813 0.0371489 0.08296
0 0.343882 0.741804 0.0518796 0.0788368
0 0.313186 0.404557 0.0365808 0.06195
0 0.57915 0.624401 0.0366967 0.086406
0 0.336338 0.469809 0.0326544 0.0841099
0 0.774452 0.393171 0.0378939 0.0753255
0 0.647854 0.390075 0.0304502 0.0705018
0 0.372842 0.621219 0.0493703 0.0855046
0 0.876201 0.62289 0.048872 0.0891998
0 0.762108 0.279699 0.0283561 0.0660439
0 0.711021 0.391099 0.0362073 0.0718326
0 0.386435 0.748612 0.0522206 0.0849077
0 0.408679 0.398753 0.0334622 0.0609259
0 0.187752 0.619964 0.0455517 0.0791014
0 0.204863 0.464044 0.045244 0.082529
0 0.741672 0.391753 0.0326313 0.0701207
0 0.42944 0.745118 0.0494616 0.0825348
0 0.466271 0.397442 0.0345261 0.0631371
0 0.779914 0.464089 0.0391497 0.0729176
0 0.584514 0.467122 0.0317126 0.0714945
0 0.506096 0.626382 0.0373856 0.0880993
0 0.471272 0.748484 0.0435013 0.0889341
0 0.850098 0.460696 0.0433353 0.0752754
0 0.404801 0.621451 0.0415282 0.0802938
0 0.289556 0.466327 0.0357941 0.0800219
0 0.674117 0.281384 0.0279881 0.0544674
0 0.690123 0.628892 0.0414719 0.0862395
0 0.533853 0.286918 0.0267643 0.057492
0 0.813696 0.466593 0.0357494 0.068885
0 0.681538 0.467218 0.0315189 0.0711424
0 0.806498 0.390202 0.0331291 0.0726515
0 0.747178 0.467004 0.0329253 0.072318
1 0.253194 0.622358 0.0433204 0.0759453
0 0.76515 0.626123 0.0416107 0.0914649
0 0.839214 0.391723 0.0376995 0.0677717
0 0.54241 0.622862 0.0361719 0.0814753
0 0.439442 0.622973 0.0417655 0.0827762
0 0.590741 0.283523 0.0296603 0.059134
0 0.651602 0.625461 0.0371366 0.0836891
0 0.496717 0.396877 0.03326 0.060679
0 0.520304 0.468512 0.0343336 0.0731344
0 0.338419 0.617371 0.0392333 0.079155
0 0.224096 0.401827 0.0403653 0.0629625
0 0.731727 0.280958 0.0302189 0.0588821
0 0.644632 0.282318 0.0267056 0.0555848
0 0.788564 0.277573 0.0309855 0.0548119
0 0.839118 0.624928 0.0414833 0.0916143
0 0.728415 0.626468 0.0418694 0.0846539
0 0.198304 0.40315 0.0421259 0.0584881
0 0.511245 0.750505 0.0462481 0.0884457
0 0.260366 0.290569 0.0358766 0.0646521
0 0.261325 0.468225 0.0412209 0.0808072
0 0.28547 0.291079 0.0340187 0.0658397
0 0.0597665 0.735756 0.0547278 0.0775389
0 0.803362 0.628589 0.0450584 0.096047
0 0.336201 0.29125 0.0353641 0.0642118
0 0.311676 0.290066 0.0374216 0.0659489
0 0.680531 0.394387 0.0318811 0.0742012
0 0.368211 0.467959 0.042284 0.0843119
0 0.152177 0.619048 0.0455036 0.0792384
0 0.232652 0.460342 0.0400894 0.0877721
0 0.584066 0.396731 0.0299072 0.0612587
0 0.429537 0.464508 0.0382788 0.0836055
0 0.615392 0.467325 0.0281095 0.0708572
0 0.712813 0.467216 0.036013 0.068824
0 0.555197 0.395925 0.0289461 0.0658977
1 0.304765 0.618599 0.0413142 0.0732582
0 0.647606 0.466965 0.0311707 0.0723164
0 0.281507 0.401897 0.0394679 0.0596968
0 0.561601 0.283399 0.0247098 0.0541441
0 0.121571 0.616172 0.046072 0.0841902
0 0.481273 0.288953 0.0289131 0.0603447
0 0.522722 0.396494 0.0307472 0.0600395
0 0.351198 0.402806 0.03517 0.058924
0 0.817209 0.274775 0.0361353 0.062508
0 0.236294 0.288501 0.0363626 0.0610148
1 0.396243 0.469171 0.0365165 0.0794526
0 0.250895 0.402196 0.0388886 0.0629869
0 0.619051 0.282357 0.0250827 0.0600073
0 0.702528 0.280389 0.0277699 0.0528316
0 0.552878 0.466393 0.0271982 0.0685139
0 0.506479 0.28773 0.0259727 0.0550094
0 0.430909 0.289983 0.0253672 0.0632074
0 0.456721 0.471137 0.029814 0.0759206
0 0.455665 0.289418 0.0263528 0.0653323
0 0.378323 0.288063 0.0340644 0.0656713
0 0.40635 0.290056 0.0259451 0.0596652
0 0.175849 0.460413 0.0365809 0.075952
1 0.42947 0.464754 0.0386246 0.0834612
0 0.0261065 0.733261 0.0489595 0.0714632
