1 0.177721 0.739908 0.059271 0.0910975
1 0.138512 0.739724 0.0574314 0.0872503
1 0.299415 0.734899 0.0527149 0.0804434
0 0.672869 0.282728 0.0287314 0.0543453
1 0.258114 0.737286 0.0539644 0.0883636
1 0.25254 0.62221 0.0425285 0.0750349
1 0.372458 0.62289 0.0499325 0.0850356
1 0.312597 0.290288 0.0362885 0.066588
1 0.739974 0.391901 0.0327644 0.0693688
0 0.589724 0.283981 0.0299248 0.0591223
0 0.408888 0.397141 0.0333994 0.0578259
1 0.68898 0.62841 0.0413368 0.0839755
0 0.613928 0.391957 0.0351636 0.0644686
1 0.376421 0.400994 0.0353452 0.0624094
1 0.095534 0.738752 0.0554296 0.0845509
0 0.219728 0.736233 0.0549204 0.0947065
0 0.53288 0.286815 0.0264136 0.0576346
1 0.368074 0.467635 0.0421326 0.0845625
0 0.386539 0.746892 0.0515706 0.0828659
1 0.848296 0.459051 0.0423565 0.0776182
1 0.510956 0.748937 0.0460096 0.0856907
0 0.583538 0.467078 0.0303896 0.0711244
1 0.206109 0.462645 0.0417692 0.0826626
0 0.344959 0.739081 0.0524958 0.0790367
1 0.470797 0.744878 0.0432751 0.0864126
0 0.428781 0.742489 0.0498763 0.0817873
1 0.560284 0.283263 0.0253255 0.0547104
1 0.497455 0.395342 0.0323032 0.0606826
0 0.643642 0.283024 0.0253599 0.056416
1 0.837761 0.624289 0.0415224 0.0904122
1 0.779053 0.46503 0.038605 0.0754892
0 0.0596692 0.734762 0.0553572 0.0776918
1 0.646679 0.465264 0.0307629 0.0731051
1 0.466893 0.396924 0.0357187 0.0644357
1 0.772812 0.393509 0.0377045 0.0757319
1 0.506586 0.625159 0.0372808 0.0865685
1 0.711626 0.466823 0.0366875 0.0701929
1 0.726301 0.625385 0.042669 0.0858038
1 0.219731 0.6165 0.0411698 0.0780934
1 0.313302 0.40305 0.0378578 0.0620709
1 0.302982 0.618117 0.0408758 0.0715691
1 0.405297 0.622607 0.0426569 0.0806942
1 0.730445 0.282035 0.0309446 0.0570148
1 0.520346 0.467721 0.0320946 0.0741678
1 0.76293 0.625855 0.0406713 0.0897244
1 0.746396 0.466967 0.0332686 0.0725269
0 0.225211 0.400527 0.0429486 0.0628669
1 0.435862 0.396512 0.0345914 0.0598259
0 0.805208 0.389922 0.0343321 0.071654
1 0.252463 0.401467 0.039014 0.0631805
1 0.812381 0.465555 0.0360165 0.0699911
1 0.262605 0.46757 0.0427691 0.0799637
1 0.614483 0.467397 0.0292426 0.0716673
1 0.801515 0.628077 0.044585 0.0929365
0 0.709447 0.391243 0.0353169 0.0704327
1 0.542954 0.622759 0.0367075 0.0815166
1 0.43961 0.623013 0.0417728 0.0809601
1 0.396554 0.469362 0.0381129 0.0795539
1 0.553798 0.394878 0.0287619 0.0679076
1 0.579338 0.62292 0.0361149 0.0848423
1 0.260186 0.29209 0.0365101 0.0650513
1 0.471079 0.623366 0.035998 0.0805793
1 0.680489 0.395171 0.0304944 0.073324
1 0.875532 0.623218 0.0495853 0.0887979
1 0.429501 0.29206 0.026082 0.0631855
1 0.233179 0.459995 0.0398549 0.0892159
1 0.761249 0.27983 0.0282907 0.0633453
1 0.336292 0.469633 0.0315469 0.0865787
1 0.481262 0.28966 0.0281904 0.0605211
0 0.582715 0.396946 0.0290596 0.0591239
1 0.377918 0.289188 0.0341609 0.0653329
1 0.286591 0.291552 0.0348959 0.0676044
1 0.33788 0.617628 0.0401665 0.0789524
1 0.291043 0.465771 0.037566 0.0826843
1 0.489637 0.470261 0.0304584 0.0734915
1 0.681099 0.467784 0.0311023 0.0734339
1 0.646872 0.387798 0.0305083 0.0710363
1 0.55179 0.465356 0.027561 0.069828
0 0.198453 0.400886 0.04338 0.0590502
1 0.651097 0.625216 0.0361382 0.0818263
1 0.458123 0.469768 0.0299835 0.0751682
1 0.838327 0.391385 0.0366245 0.0662593
1 0.816073 0.276717 0.0354929 0.0603604
1 0.429673 0.464289 0.0372412 0.0846001
0 0.235708 0.289176 0.0371863 0.061803
1 0.787543 0.279172 0.0310224 0.0551798
1 0.127049 0.616367 0.0453002 0.0815976
1 0.615406 0.621014 0.0358637 0.0835482
1 0.700842 0.281041 0.026655 0.0509532
1 0.522791 0.394965 0.0309343 0.062056
1 0.177458 0.46121 0.0380592 0.0814164
1 0.404555 0.291096 0.0272633 0.0609349
1 0.281789 0.400599 0.0408956 0.0617705
1 0.506119 0.288009 0.0257553 0.0538526
1 0.188995 0.619191 0.0431623 0.0786558
1 0.156498 0.617961 0.043526 0.0784367
1 0.335746 0.291408 0.033487 0.0630369
1 0.619796 0.282905 0.0235877 0.0600502
0 0.454999 0.288885 0.0266998 0.0649845
1 0.35149 0.400875 0.0361104 0.0589978
