1 0.186197 0.617991 0.0457214 0.0807479
1 0.136856 0.738912 0.0553072 0.0870222
1 0.689188 0.628042 0.0406171 0.0832947
0 0.095644 0.737654 0.0551621 0.0857336
0 0.344088 0.740472 0.0525589 0.0806978
1 0.375081 0.400325 0.0353499 0.063826
0 0.371057 0.620435 0.0470525 0.0843075
1 0.337207 0.617753 0.0405022 0.07988
0 0.456611 0.468429 0.0307856 0.0742199
0 0.77436 0.391292 0.037041 0.0773215
0 0.427721 0.465296 0.0347385 0.0802732
1 0.220446 0.61705 0.0425462 0.0787603
0 0.223241 0.39922 0.0390129 0.0618135
1 0.368185 0.46749 0.0408284 0.0809835
1 0.257839 0.737822 0.0536584 0.0871202
1 0.455619 0.288535 0.0269161 0.064695
0 0.407479 0.396451 0.0336248 0.0591528
1 0.710435 0.389672 0.037176 0.0740376
1 0.40516 0.621315 0.04114 0.0801158
1 0.489659 0.468456 0.031365 0.0742611
0 0.21976 0.737309 0.0550108 0.0915994
1 0.849167 0.459967 0.0429501 0.0752081
0 0.386516 0.745638 0.0526234 0.0848373
1 0.249475 0.400372 0.039138 0.0627785
1 0.280067 0.400427 0.0403646 0.0610195
0 0.741906 0.390622 0.0320055 0.0710349
0 0.816634 0.273392 0.0341715 0.0591875
0 0.838733 0.624555 0.0421293 0.087689
1 0.505838 0.626047 0.0371049 0.0872276
1 0.512055 0.750611 0.0433102 0.0879242
1 0.542149 0.622982 0.0375369 0.0815043
0 0.613231 0.392037 0.0338066 0.0636707
1 0.614924 0.620713 0.0358686 0.0818563
0 0.429697 0.744418 0.0511505 0.0859266
0 0.465539 0.395932 0.033462 0.0619483
1 0.261227 0.466314 0.0413314 0.0807727
1 0.811896 0.466134 0.0352749 0.0686346
0 0.579189 0.625051 0.0367167 0.0885467
0 0.726881 0.625029 0.0420473 0.0801815
0 0.149795 0.616669 0.0457785 0.0812697
1 0.175727 0.739639 0.0599687 0.0898155
0 0.840189 0.390296 0.0362642 0.0659807
0 0.764567 0.626963 0.0414116 0.0906565
0 0.395553 0.468264 0.0366052 0.0779544
0 0.284473 0.289936 0.0342747 0.0663941
0 0.711121 0.465248 0.0352381 0.0677067
0 0.802715 0.6286 0.043723 0.0919691
1 0.47123 0.623023 0.0360956 0.0815569
1 0.743409 0.466634 0.0312458 0.0725358
1 0.439798 0.62259 0.0405779 0.0821945
1 0.5538 0.393937 0.0306566 0.0724341
1 0.35075 0.400856 0.0364158 0.0600479
1 0.259062 0.290079 0.0351265 0.0639931
1 0.583855 0.465558 0.0318546 0.0731301
1 0.335424 0.469627 0.0327666 0.0846928
1 0.777492 0.465085 0.0418876 0.0775579
1 0.472246 0.747846 0.0434635 0.0897467
1 0.808126 0.390789 0.0340971 0.0732164
1 0.789259 0.275497 0.0296166 0.0558983
0 0.298869 0.735616 0.0533108 0.0809601
1 0.651026 0.624816 0.0362158 0.0829977
1 0.175875 0.461598 0.0412769 0.0787342
1 0.253481 0.622316 0.0419585 0.0745876
0 0.377767 0.286716 0.0315872 0.0640798
0 0.336462 0.288954 0.0339004 0.0639145
0 0.197137 0.39921 0.0434735 0.0607902
1 0.302677 0.618546 0.0390121 0.0740919
1 0.534095 0.284908 0.0267326 0.0590615
0 0.506346 0.286233 0.0263703 0.0558831
0 0.495919 0.394272 0.0328164 0.0631122
1 0.231926 0.462833 0.0395995 0.0828169
1 0.644403 0.280339 0.02586 0.0573245
0 0.204506 0.461308 0.0421724 0.0826939
0 0.481079 0.287744 0.0282655 0.0602007
1 0.403037 0.288649 0.0262924 0.062587
1 0.678937 0.392834 0.0306419 0.0748492
1 0.290679 0.465394 0.0394168 0.081097
1 0.0586897 0.737193 0.0564685 0.0810225
0 0.436235 0.396528 0.0348898 0.0589915
1 0.877003 0.622617 0.0502625 0.0879576
1 0.589453 0.281374 0.0285723 0.057192
0 0.311973 0.288565 0.0372169 0.0656573
1 0.681741 0.46616 0.0307487 0.071595
1 0.731951 0.278384 0.0295959 0.0564464
0 0.584364 0.395243 0.0296219 0.0625651
1 0.522511 0.393973 0.0312815 0.0637057
1 0.702216 0.277959 0.0264921 0.0523994
0 0.562278 0.282093 0.025284 0.0552584
1 0.6479 0.464601 0.0308785 0.0725674
0 0.673332 0.278862 0.0284073 0.0553082
1 0.615207 0.466575 0.0297564 0.0749563
1 0.645613 0.390271 0.0305251 0.0701967
0 0.122053 0.614425 0.047602 0.0835126
1 0.519107 0.46661 0.0310537 0.0713645
1 0.762513 0.277228 0.0282965 0.0641009
0 0.618748 0.28068 0.0251053 0.0599665
0 0.429835 0.288416 0.0266384 0.0645238
0 0.310331 0.40261 0.0370567 0.0622517
0 0.234402 0.288162 0.0353277 0.0593106
0 0.551337 0.466474 0.0283777 0.0701051
1 0.0217704 0.736754 0.042955 0.0820442
