1 0.370368 0.622021 0.0412101 0.0750427
1 0.713422 0.468185 0.0371711 0.0718707
1 0.4377 0.623509 0.0418619 0.0780747
1 0.336708 0.62175 0.0424369 0.0739857
1 0.352669 0.405776 0.034544 0.0585196
1 0.677683 0.395306 0.031295 0.0647139
1 0.305172 0.621285 0.0399766 0.0723049
1 0.55125 0.468429 0.0290565 0.0700817
1 0.339815 0.469842 0.0376821 0.0819673
1 0.509597 0.623202 0.0419278 0.0791788
1 0.26301 0.467558 0.040444 0.0772904
1 0.542825 0.62396 0.0362018 0.0791614
1 0.219833 0.620665 0.0462884 0.0749266
1 0.551906 0.395409 0.0297585 0.0642147
1 0.187335 0.619888 0.0477739 0.0772173
1 0.489041 0.469829 0.0375176 0.0721315
1 0.779342 0.467643 0.0357681 0.072342
1 0.118072 0.617703 0.0445315 0.0779195
1 0.582035 0.46796 0.033019 0.0697379
1 0.465946 0.399976 0.034065 0.0608037
1 0.309326 0.405422 0.0398602 0.0593755
1 0.472415 0.623659 0.0382975 0.0792855
1 0.136035 0.74164 0.0531033 0.0786418
1 0.615981 0.623469 0.0375853 0.0830031
1 0.40557 0.622826 0.0402655 0.0779653
