1 0.401207 0.289972 0.0281361 0.0592373
1 0.616058 0.622939 0.0380669 0.0804583
1 0.337713 0.62006 0.0434929 0.0741236
1 0.187051 0.618395 0.044839 0.0750599
1 0.158453 0.618232 0.045477 0.0755556
1 0.426479 0.289499 0.0278265 0.0582855
1 0.439774 0.620496 0.0394218 0.0777298
1 0.497277 0.399006 0.0293998 0.0606163
1 0.467209 0.399632 0.0318224 0.0610229
1 0.219433 0.619017 0.0409086 0.0739
1 0.371948 0.61997 0.0371602 0.074268
1 0.743721 0.393065 0.0356357 0.0646832
1 0.710994 0.393963 0.038752 0.0639484
1 0.33782 0.289579 0.0338551 0.0618716
1 0.54263 0.622956 0.0348935 0.076104
1 0.304561 0.620527 0.0397191 0.0726697
1 0.252835 0.406893 0.0328627 0.0569238
1 0.375443 0.290348 0.0287528 0.0603256
1 0.61635 0.469628 0.0341354 0.0706795
1 0.50693 0.287555 0.0313737 0.0580841
1 0.491185 0.469484 0.0359421 0.0731126
1 0.479494 0.288265 0.031413 0.0582336
1 0.618332 0.396404 0.030993 0.0611404
1 0.209971 0.290096 0.0385652 0.0623436
1 0.25682 0.620459 0.0447828 0.0731748
1 0.136969 0.740579 0.0507413 0.0817227
1 0.281857 0.406802 0.0357344 0.0571924
1 0.838335 0.392817 0.0381152 0.062879
1 0.509673 0.621999 0.0381625 0.0760375
1 0.657994 0.622879 0.0393257 0.0827485
1 0.312954 0.407064 0.0370446 0.056371
1 0.381526 0.405437 0.0347239 0.0574755
1 0.405364 0.62025 0.0394285 0.0765072
1 0.533658 0.287479 0.0321259 0.0575409
1 0.396359 0.471465 0.0332513 0.0848779
1 0.584829 0.396682 0.0338387 0.06128
1 0.776015 0.391795 0.0328761 0.063411
1 0.678064 0.394107 0.0316057 0.0632906
1 0.312442 0.289155 0.0355038 0.0622898
1 0.71522 0.468195 0.0354926 0.0717135
1 0.452551 0.288951 0.0287348 0.0580088
1 0.437136 0.400455 0.0318814 0.0596933
1 0.679707 0.467639 0.0315616 0.0697752
1 0.806239 0.391859 0.0359912 0.0642259
1 0.782349 0.467383 0.0359828 0.072854
