1 0.259602 0.739164 0.0521979 0.082857
1 0.337171 0.291559 0.034133 0.0619978
1 0.439255 0.623051 0.0396371 0.0771996
1 0.74254 0.396041 0.0353126 0.0630453
1 0.336614 0.620763 0.0441773 0.0754449
1 0.497493 0.400355 0.028267 0.0556169
1 0.453789 0.289192 0.0297311 0.0572236
1 0.838926 0.394504 0.0362103 0.0643432
1 0.37785 0.405451 0.0334168 0.0592727
1 0.542118 0.622286 0.0369327 0.0789377
1 0.713588 0.469214 0.0370309 0.0722205
1 0.50789 0.288563 0.0317263 0.0573029
1 0.468258 0.7435 0.0420042 0.0758611
1 0.616873 0.469163 0.0343545 0.0718949
1 0.618609 0.396962 0.0308858 0.0606199
1 0.28017 0.405922 0.0365549 0.0584235
1 0.438094 0.400699 0.0326155 0.0578281
1 0.779369 0.466143 0.0376 0.071304
1 0.42784 0.290206 0.0285239 0.0573384
1 0.406715 0.622102 0.0419084 0.0775937
1 0.50731 0.622041 0.0384172 0.0776377
1 0.521291 0.468922 0.0306803 0.0728215
1 0.371189 0.621075 0.0412659 0.0769598
1 0.407116 0.404562 0.0338998 0.0596427
1 0.235758 0.290133 0.03718 0.0619742
1 0.534381 0.288487 0.0316154 0.056489
1 0.261155 0.29048 0.0355322 0.0613961
1 0.135651 0.739865 0.0520507 0.0843808
1 0.814839 0.465544 0.039369 0.0728467
1 0.311983 0.291037 0.0357557 0.0623805
1 0.468543 0.400551 0.0304701 0.056848
1 0.187547 0.618696 0.0474644 0.0759817
1 0.584729 0.396589 0.0324168 0.0597362
1 0.489114 0.468603 0.0367056 0.0737731
1 0.554279 0.397588 0.0310536 0.0579383
1 0.51085 0.746504 0.0432924 0.0734679
1 0.401275 0.291078 0.0274873 0.0579457
1 0.309797 0.405787 0.0405346 0.0580171
1 0.728851 0.284036 0.0275982 0.0541532
1 0.745786 0.468105 0.0341054 0.073029
1 0.210974 0.289938 0.0382954 0.0635862
1 0.304516 0.621327 0.0397223 0.0721391
1 0.679814 0.469216 0.032183 0.0719495
1 0.708377 0.395866 0.0368034 0.0624558
1 0.473339 0.623116 0.0335919 0.0777367
1 0.808635 0.394949 0.0369 0.0649183
1 0.285595 0.290788 0.0351227 0.0620338
1 0.338628 0.468973 0.0373966 0.0765635
1 0.220304 0.619553 0.0429351 0.0752988
1 0.582907 0.468813 0.0338245 0.0722948
