1 0.741027 0.393859 0.0356906 0.0655741
1 0.439392 0.621354 0.0394235 0.0752197
1 0.33699 0.62044 0.0418026 0.0725715
1 0.370734 0.620245 0.0413596 0.0732268
1 0.708337 0.394294 0.0357025 0.0636289
1 0.136652 0.742332 0.0510572 0.0793868
1 0.805296 0.393293 0.0390639 0.0645459
1 0.645901 0.396294 0.0328073 0.0612985
1 0.615893 0.469402 0.0347608 0.0713504
1 0.71301 0.468178 0.0381811 0.0732064
1 0.614457 0.397099 0.03292 0.0599093
1 0.333956 0.291824 0.0320072 0.0628632
1 0.310805 0.291503 0.0353809 0.0630708
1 0.521576 0.469169 0.0298195 0.0734947
1 0.305258 0.620467 0.0396272 0.0709447
1 0.542522 0.622362 0.0357342 0.0784356
1 0.533246 0.288776 0.0291686 0.0560731
1 0.559815 0.287798 0.0314201 0.0561646
1 0.15697 0.619468 0.046733 0.0769969
1 0.260167 0.29062 0.0382006 0.0626594
1 0.220613 0.620101 0.0440504 0.0742281
1 0.648878 0.468822 0.028947 0.0719014
1 0.405995 0.620732 0.0397409 0.0753516
1 0.677949 0.394848 0.0311956 0.0624046
1 0.779775 0.467146 0.0373195 0.0743361
1 0.489218 0.468867 0.0364188 0.0745005
1 0.187774 0.619926 0.0469701 0.0765249
1 0.615168 0.62219 0.0386158 0.0834623
1 0.587984 0.286555 0.0311849 0.056502
1 0.687133 0.625331 0.0401657 0.0780524
1 0.285102 0.291058 0.0360255 0.062774
1 0.478529 0.289949 0.0300176 0.0585048
